2000 44
10 24 19 22 39 17 35 24 3 12 18 0 37 39 18 32 41 25 28 40 35 25 43 32 30 10 4 3 16 2 32 40 27 34 11 2 36 4 17 20 7 19 37 27 8 7 40 26 27 40 29 31 20 2 9 20 5 7 5 15 42 8 25 40 40 18 41 37 26 8 37 22 33 41 10 19 8 9 40 39 13 18 15 22 12 10 11 35 42 22 24 18 15 23 6 40 5 23 20 4 14 21 40 23 17 7 43 20 14 36 41 39 14 18 33 25 30 19 33 4 11 5 36 15 34 41 9 41 14 5 14 42 27 14 15 4 23 27 33 21 40 0 43 24 14 32 21 15 33 12 28 2 5 39 40 29 17 2 2 8 29 8 26 6 35 38 27 6 40 36 33 5 27 35 27 15 20 1 35 21 21 23 21 0 36 11 36 6 43 30 15 43 38 38 27 41 2 2 22 39 14 15 10 0 31 43 13 16 5 12 39 12 8 36 31 25 39 2 7 21 30 35 13 30 22 43 37 41 7 10 33 25 21 18 10 18 15 43 11 6 38 28 22 20 41 6 31 2 38 15 29 33 13 26 38 28 11 8 12 14 29 18 0 20 4 42 24 19 22 21 11 3 24 23 16 27 18 41 34 13 15 22 41 27 28 6 32 3 30 15 6 34 11 38 5 34 36 1 41 35 10 23 37 1 5 9 3 25 23 33 33 37 28 20 8 11 24 40 16 43 23 26 3 9 15 30 32 42 19 14 31 12 42 18 17 29 43 28 13 27 12 39 39 19 0 19 23 10 13 14 36 29 33 0 40 36 19 36 12 25 11 35 36 9 10 23 16 34 23 33 5 31 41 26 28 3 0 18 43 24 37 35 31 40 17 31 17 7 11 21 2 28 11 26 3 19 23 7 26 22 19 37 28 6 15 24 5 3 27 37 26 12 21 38 21 41 8 14 37 22 23 3 34 43 39 28 1 2 1 24 13 32 27 35 6 9 13 20 13 16 0 17 9 27 19 23 24 29 14 5 27 37 6 9 26 40 7 26 15 28 25 2 29 11 23 28 5 3 34 19 11 18 9 31 14 14 13 24 17 31 19 25 41 28 21 5 35 39 28 31 17 3 9 40 25 17 23 38 21 10 27 31 36 21 21 9 29 4 14 27 20 0 19 15 3 2 42 3 5 0 11 42 7 23 35 11 22 9 41 13 22 25 38 26 18 22 32 4 36 29 4 25 25 12 36 18 25 17 39 10 15 9 17 24 24 36 24 39 0 28 15 33 43 28 30 38 14 38 10 26 34 18 26 6 37 9 28 4 12 15 9 31 42 41 43 41 12 9 40 17 25 34 12 1 38 37 22 32 5 21 19 35 22 10 24 5 20 7 24 21 17 40 0 32 21 28 17 34 7 3 1 40 38 37 23 19 22 27 16 11 1 14 19 6 24 38 21 30 18 25 14 3 27 16 35 36 25 19 21 31 36 29 43 33 31 19 16 33 7 20 6 1 6 24 0 6 8 38 39 3 12 3 38 37 30 13 15 2 20 38 13 43 13 39 41 41 43 38 16 25 21 33 24 16 26 15 18 43 26 3 39 30 4 12 13 43 40 22 26 38 34 4 4 34 27 9 30 0 34 37 16 9 13 37 19 10 10 37 41 11 36 19 6 19 21 22 11 28 32 14 30 22 22 43 12 9 26 17 37 8 2 18 13 38 7 30 11 7 23 10 23 33 0 42 22 19 43 32 33 29 39 11 2 38 25 3 34 9 36 3 32 8 24 32 4 16 31 16 27 27 32 36 17 31 16 42 4 6 15 36 7 42 14 39 6 7 5 10 33 5 13 24 13 15 4 34 43 4 28 36 18 32 36 41 19 16 8 35 29 18 14 9 36 27 18 2 22 4 12 38 8 9 10 20 32 33 10 37 34 8 11 3 1 3 42 10 13 6 32 23 0 35 39 18 7 9 1 10 38 28 7 18 27 26 43 34 4 17 0 5 34 6 28 31 7 41 0 12 37 2 16 16 32 7 31 9 7 13 6 19 10 21 33 6 28 29 13 5 1 29 22 14 31 31 6 20 26 8 41 12 10 11 29 11 19 16 30 17 22 10 16 1 39 39 30 34 18 33 14 39 1 4 11 18 18 3 5 37 37 16 41 10 30 8 42 5 33 34 23 17 34 12 17 14 16 43 31 8 32 29 2 34 13 13 26 5 16 41 22 12 23 43 37 28 41 30 7 28 35 23 2 26 11 40 3 31 16 24 43 1 24 43 43 8 20 17 28 19 13 16 17 31 1 32 40 30 42 20 19 1 9 28 41 35 2 11 31 31 30 33 23 23 15 41 36 17 25 24 35 14 43 27 19 34 27 40 40 1 38 13 28 0 27 13 32 25 4 27 5 35 3 2 15 14 16 33 35 1 19 23 21 23 11 30 13 30 40 19 19 27 20 0 16 29 1 20 5 36 42 18 17 27 4 3 21 39 39 18 31 17 31 17 8 37 25 2 10 31 11 35 8 12 24 6 6 41 6 23 0 3 1 40 8 34 6 30 18 40 37 3 11 24 15 0 38 32 36 37 30 42 9 18 38 36 24 7 42 31 25 41 13 3 9 4 38 10 9 40 30 15 36 37 3 2 32 8 12 26 15 28 10 17 1 24 18 8 8 40 20 16 20 23 1 35 40 29 21 14 35 30 21 10 0 36 21 43 42 19 4 5 6 29 16 26 37 8 4 25 9 10 21 10 12 32 8 12 13 10 4 37 1 34 9 28 4 12 3 26 26 21 34 6 21 25 9 22 26 5 14 2 20 33 17 10 2 39 35 22 3 38 14 15 38 17 11 24 39 6 32 39 21 32 17 41 0 27 8 31 22 2 35 26 41 1 27 30 4 15 18 32 11 0 30 26 41 38 28 25 1 27 7 32 26 29 26 6 12 16 21 23 6 42 42 43 12 34 34 26 19 1 27 16 1 12 4 22 22 4 23 37 30 17 27 39 21 37 40 33 13 39 19 10 36 28 28 30 40 29 30 31 21 2 15 29 29 3 32 9 5 43 1 1 3 7 2 5 40 29 0 43 12 37 1 10 31 35 37 0 26 42 28 26 15 33 9 9 24 2 33 15 34 2 37 20 3 42 35 29 43 42 32 7 6 27 28 39 42 30 42 27 33 42 25 3 35 4 27 38 11 19 22 33 38 31 35 41 4 39 38 22 0 38 38 12 30 39 40 23 38 33 11 19 8 38 9 29 36 34 35 28 27 11 41 16 15 20 23 9 29 20 21 31 2 18 23 35 6 7 24 34 4 38 10 10 41 37 15 33 2 2 18 15 25 33 18 33 39 21 4 0 35 1 33 23 14 29 17 24 37 39 11 25 5 13 15 38 0 35 18 36 12 28 15 24 16 15 4 43 7 19 43 6 21 32 9 7 31 40 16 8 43 23 30 34 41 0 42 37 37 25 42 41 34 2 12 14 43 10 33 4 35 21 6 27 21 5 16 12 39 19 11 10 16 41 0 36 26 26 7 16 42 23 11 42 39 24 42 8 38 40 28 32 41 32 4 22 29 17 33 3 25 27 24 20 22 17 38 31 1 29 37 16 39 41 8 29 7 37 20 38 42 12 40 27 33 13 20 12 20 32 36 41 25 31 37 18 30 37 3 28 4 13 5 33 9 26 43 25 32 42 43 17 25 33 33 40 7 7 2 22 8 36 22 25 36 21 25 14 30 17 17 31 22 1 10 4 42 23 18 41 19 8 20 32 18 5 1 40 30 0 1 25 28 10 1 36 32 10 24 6 24 11 14 3 19 32 26 31 7 13 29 36 30 36 34 23 35 25 1 15 23 30 7 23 12 0 36 32 39 1 26 42 13 27 17 2 31 9 25 11 34 30 2 3 6 8 3 15 0 24 11 0 11 3 0 36 40 33 28 5 0 35 7 14 9 8 37 15 0 23 17 42 29 10 16 32 35 29 22 36 25 2 2 13 5 37 20 38 32 17 29 34 23 39 42 9 29 14 20 26 13 42 0 22 24 18 13 28 10 20 28 29 20 33 22 40 3 15 3 20 18 4 31 42 2 35 34 9 39 22 27 1 29 19 14 31 6 7 38 8 27 37 13 13 28 39 32 7 35 40 5 14 6 24 26 8 16 23 6 5 8 7 13 11 10 4 26 0 22 13 22 23 25 35 31 32 7 42 25 6 20 42 43 20 30 43 2 20 4 25 6 24 26 30 8 35 1 18 20 22 38 29 17 5 20 40 11 20 6 20 4 5 26 0 24 3 34 21 30 30 42 19 24 14 12 42 15 1 35 29 34 9 6 22 20 18 10 16 16 43 21 30 41 12 0 34 39 12 2 11 15 4 43 9 13 20 14 14 5 5 21 29 35 11 12 39 37 37 42 1 29 17 8 5 39 42 24 10 34 16 16 38 9 33 36 1 26 19 12 34 12 8 29 22 4 14 34 25 42 42 13 31 38 33 27 34 7 14 5 1 13 7 27 30 12 18 21 14 7 8
1418
875
1630
86
226
1645
165
597
698
176
1096
1593
256
1914
1066
1487
830
1427
1661
1194
1777
564
1183
899
1148
1041
431
1542
230
486
1165
959
715
1727
1737
459
32
418
1917
0
1958
1572
1650
1600
810
212
1957
1101
1840
37
1758
688
1983
543
1443
612
1823
11
1061
208
1563
911
826
1745
1887
1503
0
726
1301
16
1626
1498
379
1233
617
88
1296
44
992
0
1799
0
106
569
542
190
0
1839
743
1134
1017
1722
896
883
1519
1118
387
693
1810
184
1517
840
754
623
1689
1993
1311
1136
1370
316
736
1641
1608
571
130
328
468
65
432
59
1496
1787
1762
831
1894
358
429
1034
1133
1693
1492
156
1160
677
1044
45
0
1470
64
666
1548
1075
0
362
1455
154
157
863
47
1069
845
344
388
61
1931
1947
768
1327
0
1506
1088
0
1815
389
177
1099
214
1725
1501
1141
1728
1005
1340
0
461
366
27
1260
993
621
397
1635
342
374
1168
1286
204
985
924
1024
325
1182
1907
1769
782
1634
310
1520
34
1193
1468
1869
1708
928
1282
506
881
141
0
360
1371
1530
0
1913
0
238
148
1605
1177
824
1512
351
1967
1359
1424
0
90
722
1858
377
1743
611
98
231
313
1377
223
1444
1364
1084
760
225
925
1112
489
1419
1633
1309
1866
99
0
1344
846
661
1446
560
1560
1966
350
1317
1004
939
439
500
449
1249
848
0
49
1471
738
1428
0
167
589
1789
604
1911
1337
29
1536
1131
1253
1299
371
1404
780
1684
835
473
721
175
1120
886
527
559
375
1784
504
307
1636
195
491
664
411
0
1903
1856
1474
638
1442
1700
1918
131
92
1421
749
660
288
893
300
1768
1923
1239
731
1109
1939
815
357
1316
1236
466
1606
70
537
926
496
1485
478
393
942
1280
960
1945
880
864
1643
1589
1332
576
1890
1453
1256
849
1021
124
1050
1557
349
458
269
869
1225
1612
1827
452
841
618
1915
860
419
1833
1243
1031
1261
1808
843
637
773
1464
182
1268
76
1204
3
1746
1786
249
1184
1029
1030
1502
234
1628
1694
1702
1712
920
0
591
227
445
501
1269
1142
1847
1573
552
684
1551
1203
493
1172
1121
266
1401
1436
984
705
1841
23
1514
1320
923
1703
1162
1411
421
254
1776
1188
1577
599
1451
961
335
1009
260
1679
557
1617
1970
1750
1806
1991
709
507
186
1893
1714
918
479
1360
229
1819
1008
202
53
464
259
761
119
324
870
859
183
1571
1020
1523
1379
0
1904
1783
544
109
1387
1461
595
742
1380
1250
1000
0
1885
0
734
1843
758
741
847
1054
592
1432
112
1528
986
866
706
1760
495
224
391
31
1795
1968
1153
833
36
0
720
1592
1896
1452
326
1400
1199
613
1367
862
280
0
1621
57
101
1797
681
703
1144
1770
686
100
0
1211
606
1349
644
408
904
702
1399
474
1484
1710
284
1935
802
1765
525
0
0
258
1137
667
1412
312
567
771
1954
1318
1105
1995
1158
1695
512
1653
1964
426
1646
85
77
52
1916
0
1524
209
1772
788
533
1244
1927
602
294
1458
116
446
68
919
161
947
448
1375
1271
394
1019
1415
378
221
1420
140
1969
636
191
1977
753
1192
1082
206
1252
19
311
416
668
1246
95
523
719
745
1074
821
0
1640
1811
1115
1688
1043
0
547
903
579
945
213
33
1098
1961
908
1667
1078
437
640
650
1676
1951
94
1940
1824
200
1221
63
1642
1570
711
1125
1785
836
0
1114
944
529
274
1854
851
786
1880
1476
385
516
1288
120
1826
1872
892
1481
110
625
462
0
808
207
0
155
1692
250
392
405
0
1864
1350
1295
417
1326
1615
868
898
603
197
1863
1189
1217
1258
729
1813
172
916
1185
189
953
1040
1753
1965
1434
1274
1289
1775
1321
0
600
424
0
528
0
887
1941
0
776
1287
1671
583
608
1466
563
935
581
291
1426
237
550
346
1270
1555
75
1865
1919
1275
694
586
1209
574
482
1978
170
1878
1343
1047
1763
1901
236
856
1998
1632
228
834
111
879
22
0
1921
0
81
135
1408
1251
561
1067
0
1685
435
979
1223
1346
1853
1196
1422
988
443
857
1575
1231
384
490
601
1439
1946
1850
1113
1764
1406
912
217
1333
1990
1348
502
463
246
338
262
1491
276
717
1201
1586
0
772
1984
1624
1898
1543
320
337
659
381
255
634
710
1511
1656
1094
796
1766
555
340
1619
1486
1884
1065
1510
283
0
931
1385
744
1036
1552
1414
1126
1207
1263
1374
1629
0
0
1248
1291
1938
541
1595
1147
1696
522
153
1232
1681
1180
1493
9
1895
0
297
1657
972
1445
747
951
1668
1140
627
982
1329
558
54
649
368
978
1053
553
216
454
127
0
732
804
20
1049
707
670
279
1881
1339
295
62
317
0
995
97
1460
1083
440
1796
1478
188
1143
242
281
1011
787
74
1948
1582
1625
1402
1372
1974
1494
1459
662
655
380
1001
481
1912
287
1072
1130
1549
492
1449
1877
1706
1254
641
339
1747
1662
1598
30
1734
1022
1149
245
1173
689
1077
1396
152
1782
10
442
456
673
453
398
0
645
1300
716
526
327
1741
1405
1578
472
769
1448
25
1669
163
554
584
1294
1817
1397
977
181
1565
1330
973
1851
1190
1391
309
929
1505
1122
858
1410
434
248
1648
671
679
1899
220
763
825
42
0
1305
922
239
1382
1315
1352
827
917
724
955
890
718
1403
1423
980
1680
414
691
695
89
1639
0
113
1457
1596
1761
1902
488
401
1997
635
232
778
1138
792
971
587
5
314
1176
1618
1351
1757
365
683
1585
1435
173
1238
275
1262
1479
412
767
1793
1163
1087
1200
820
1324
517
422
800
0
884
147
1018
905
343
257
957
1306
1882
1960
932
403
540
407
949
1554
818
1988
1860
1219
877
132
1390
1046
1108
270
1178
1584
1527
198
302
1803
125
128
657
1580
83
1132
1541
1900
1892
672
382
0
1729
1107
1515
13
1164
1226
1102
1566
1447
0
395
1792
781
73
15
134
240
1804
1323
852
1805
1169
885
1042
0
1601
1867
1666
402
413
436
1830
71
1063
556
0
1855
0
789
1989
1697
1994
1952
117
515
983
585
1707
1963
861
954
708
1191
427
1521
0
1465
1060
193
1778
521
1711
0
1064
1859
976
1145
1733
614
967
817
1336
1691
1210
1660
1356
646
79
987
455
1015
129
570
714
1740
51
1206
1456
725
1611
801
1052
144
0
1104
1569
1472
1167
1365
1955
974
1812
639
194
1553
0
323
1166
1117
1079
253
968
900
1677
0
505
1716
1736
1814
84
423
1537
0
1499
369
1754
1089
948
1852
1475
1562
1996
205
1013
630
0
151
1876
727
404
594
1441
1981
1756
0
78
361
1488
1678
1095
1090
1302
764
998
1623
179
1654
1871
1093
38
1409
1581
1354
263
1875
1277
700
345
0
0
0
1483
1535
779
927
80
1386
499
264
1462
1027
1779
1838
1127
1508
330
58
598
755
1686
1156
1807
549
713
775
616
1870
1384
1368
1393
1303
1932
1322
757
0
400
1325
1010
921
354
244
1835
233
447
1943
367
460
425
103
93
41
1214
1056
0
1973
1076
1604
1638
837
1224
286
1059
1304
1705
1335
619
1129
1213
476
937
203
1874
1276
770
1701
1292
282
514
0
910
503
277
487
1155
518
301
364
1341
1097
1704
1547
497
653
1664
970
551
118
728
0
1513
1739
1897
1868
1522
1953
1497
438
793
1242
308
0
1891
267
0
104
91
171
1187
783
690
1057
386
1220
813
1123
319
696
1670
1879
146
1255
642
1430
1362
1507
803
1698
1012
457
1509
1929
1999
1558
303
1658
1159
1437
1781
940
1111
784
483
1962
1450
989
0
798
692
1832
990
1546
218
211
1314
964
102
1247
251
1085
607
1477
1100
1328
1407
1222
137
428
215
21
1376
372
1381
751
1241
138
1889
1469
508
0
107
1278
1490
0
872
933
1544
8
235
1742
355
0
409
1599
1659
292
1342
1647
762
651
1533
0
1417
1298
1240
615
1307
1071
196
622
187
1715
43
1721
1822
1976
1616
654
1045
524
331
752
596
1205
633
1979
740
658
1068
895
1037
0
1665
685
1272
475
56
811
865
1373
572
122
1073
494
545
1091
0
383
1802
1171
588
353
290
162
629
278
289
531
1392
272
1489
737
1463
1673
1934
1116
806
0
513
605
850
1568
1058
60
1312
1594
420
1438
997
433
1603
1862
26
1597
1174
1755
631
962
293
930
142
1366
1588
1848
1683
1092
0
914
315
7
265
814
1216
1033
1179
999
946
1227
69
1649
14
160
1559
1556
318
299
0
477
133
535
823
0
2
415
844
1454
166
909
1281
943
1607
568
934
1039
1828
370
24
1361
963
1800
936
159
704
252
1378
874
795
1738
697
739
465
168
1831
1759
469
888
451
530
562
1579
1529
0
406
1353
55
1
1230
1774
996
6
243
1748
1798
1175
1308
1425
669
566
396
17
467
1394
1038
1627
1982
894
687
1906
822
536
1910
164
855
0
675
50
712
18
733
241
1347
0
219
1987
699
35
40
632
1780
805
1228
199
150
87
185
1723
1844
1622
1791
334
12
352
735
1215
1975
123
1933
480
1467
145
1026
1526
0
390
1773
1767
0
341
0
1609
1926
1672
1266
534
1181
376
548
901
897
169
1212
1389
1531
1928
1259
1637
1128
975
1198
1718
1816
178
1920
1620
816
882
938
956
114
828
519
66
1591
1709
1908
748
941
777
1290
1550
1086
149
1801
1675
1504
759
1576
907
4
981
839
39
1950
624
546
785
1749
1574
28
261
766
1971
790
889
1663
1836
678
1713
0
121
1482
180
363
578
470
1388
610
994
876
1720
296
1794
913
1849
0
1146
1631
0
1357
539
958
1719
1480
222
498
1003
1731
832
1613
0
1788
582
1257
0
966
511
332
1842
1293
1062
359
1265
1106
210
1002
1690
652
1986
1937
1186
1235
1023
680
0
1936
1587
1202
809
1338
656
356
701
72
1518
1310
1682
1267
1433
1331
0
1369
139
853
1080
794
1195
1273
1416
1161
1924
1297
1110
1032
891
1651
0
0
1051
842
1245
565
1135
580
1157
1007
1431
1545
1771
192
799
410
0
158
1119
648
577
1717
1500
1516
336
628
1583
1055
285
1724
952
1829
444
1956
373
1564
0
520
1846
1429
201
247
1820
0
1944
1909
643
819
1735
1358
878
1014
1539
484
1699
873
1025
298
1922
1883
271
1218
1614
1861
1264
756
304
1048
115
126
1888
797
1949
1313
829
1334
1345
807
1985
321
1234
1834
1016
0
0
450
730
575
329
1237
1355
0
1652
593
871
441
305
348
538
1525
1151
1752
906
0
1197
991
510
1602
1644
682
854
