2000 202
0 2 3 1 3 2 2 2 3 1 2 2 3 1 1 1 3 1 2 1 3 1 2 3 3 1 1 1 1 1 1 1 1 1 3 3 3 1 3 1 2 1 3 1 1 3 3 3 1 2 1 2 1 2 2 1 2 2 2 2 2 1 2 2 2 2 3 1 2 2 1 1 2 2 3 3 3 3 2 3 1 1 2 3 1 2 1 3 1 1 3 1 1 3 1 3 3 3 3 2 3 3 1 1 3 3 2 1 1 2 2 1 3 2 1 1 1 2 1 3 3 1 2 2 2 3 2 3 1 3 1 3 1 3 3 1 2 3 1 3 2 2 2 2 2 2 2 3 1 3 2 2 1 2 2 2 2 2 3 1 3 2 1 1 1 1 3 2 2 3 3 1 2 3 2 2 3 1 1 3 3 2 1 3 1 2 3 3 2 3 1 1 2 2 2 3 1 3 2 1 3 1 1 3 2 1 2 3 3 2 1 3 3 3 3 2 1 1 1 3 3 1 3 2 2 1 3 3 3 3 1 1 3 2 2 2 2 3 1 2 3 2 2 1 3 1 2 2 2 3 1 2 2 1 1 3 2 3 2 1 1 1 2 3 1 3 1 1 2 1 3 1 1 2 2 3 1 1 1 2 3 1 1 3 1 3 1 2 3 2 2 2 2 3 2 3 2 3 2 1 1 2 2 3 1 1 1 1 3 3 3 2 2 2 3 3 2 1 1 3 2 3 3 1 2 2 1 1 3 1 2 1 1 1 1 3 1 2 3 2 1 1 2 3 1 2 3 2 2 3 2 1 1 1 3 2 3 3 3 1 3 2 3 1 1 2 3 1 1 1 2 1 2 1 1 2 2 1 3 2 3 3 1 1 3 1 2 1 2 1 3 3 1 1 2 1 3 2 3 2 1 3 3 3 2 2 1 3 3 3 3 3 2 1 3 3 3 2 1 1 3 2 3 1 1 1 2 3 2 2 3 2 2 2 2 2 1 1 3 2 2 1 3 3 2 1 3 2 1 1 2 3 2 2 1 2 1 2 2 2 3 3 2 1 2 2 1 3 2 1 2 1 2 3 3 3 1 3 2 2 1 1 2 1 1 1 3 3 3 3 1 3 1 1 3 1 3 2 1 1 2 3 2 3 1 2 2 3 1 2 1 3 1 2 3 2 3 1 1 2 2 1 1 3 2 1 3 2 3 3 2 2 1 1 1 1 2 3 1 1 2 3 2 1 1 1 2 1 1 3 1 1 3 3 2 1 3 1 1 3 2 2 3 3 2 1 3 1 1 1 2 3 1 2 3 1 2 2 1 2 1 3 2 2 1 2 3 2 3 3 3 1 3 3 3 2 2 2 2 3 2 3 3 3 2 1 1 2 2 1 1 1 1 1 3 3 3 3 2 2 2 3 2 2 1 1 1 3 1 3 3 2 1 2 2 1 3 3 1 1 2 3 1 2 2 2 3 3 1 3 1 1 1 2 2 3 2 1 2 1 2 3 2 2 2 3 1 3 3 2 2 3 3 2 2 2 1 3 1 3 2 1 3 2 2 1 2 2 3 1 3 1 3 2 1 1 1 3 1 3 1 2 1 2 1 3 1 3 1 1 2 1 1 2 1 2 1 3 3 1 3 3 2 2 1 2 3 1 1 3 2 1 2 1 1 3 3 3 2 2 3 3 3 3 3 1 1 1 3 3 1 3 3 3 3 2 1 1 2 3 3 3 1 2 3 2 3 1 1 2 3 2 3 2 1 3 2 3 2 2 2 2 2 2 2 2 3 2 1 2 2 3 2 2 3 2 2 3 1 2 3 2 2 3 3 2 3 2 1 1 1 3 2 1 2 3 2 3 1 1 3 3 3 1 1 2 2 1 3 1 3 1 3 3 2 3 2 3 3 2 2 3 1 1 3 1 2 3 3 3 1 1 3 1 1 3 3 3 3 2 1 2 2 3 1 1 3 2 3 2 2 2 2 3 1 2 2 3 2 2 1 1 3 1 1 3 3 3 3 2 1 2 1 2 1 3 3 2 3 1 2 1 2 2 2 2 1 3 3 3 2 1 3 2 3 2 1 3 2 1 3 3 3 1 2 2 2 2 2 3 3 1 3 1 1 3 3 2 3 3 1 3 1 2 1 1 3 2 3 3 2 3 2 1 3 3 1 2 3 3 2 3 2 3 1 2 2 2 1 3 2 3 1 2 3 3 1 2 3 1 3 2 1 2 1 3 2 1 1 1 2 2 3 1 1 2 3 1 1 3 2 1 2 1 3 3 2 3 1 1 2 1 3 1 1 3 1 1 1 1 3 3 1 1 3 3 2 2 1 3 2 1 1 1 1 1 2 3 1 1 1 2 1 3 1 2 1 3 3 2 2 1 2 3 2 1 2 3 2 2 1 2 1 2 1 1 1 2 3 2 2 3 3 3 1 2 3 1 2 3 3 1 3 2 2 3 3 3 3 3 1 1 1 3 2 3 2 1 3 2 1 1 2 1 3 3 2 3 1 3 2 2 1 1 2 1 2 3 2 1 2 1 1 3 3 3 2 3 2 2 1 3 3 2 1 2 3 1 1 3 3 3 1 2 2 3 2 1 3 1 3 2 1 1 2 3 1 2 2 2 1 2 3 3 1 3 1 3 3 1 2 3 3 3 2 3 3 3 1 2 1 1 3 1 2 1 3 1 2 3 3 2 2 3 1 2 2 1 3 1 2 3 1 2 3 3 1 3 1 3 2 3 3 1 2 3 3 1 2 1 3 3 2 2 2 1 2 3 3 2 1 2 2 1 1 2 1 1 3 2 1 1 3 3 2 3 1 1 3 3 2 2 2 2 1 1 3 3 1 2 1 3 2 1 1 1 2 2 2 1 3 3 3 1 3 1 3 2 3 2 3 2 1 3 1 1 3 2 1 3 1 2 1 2 3 1 2 3 1 3 2 1 3 1 2 1 1 1 1 3 3 1 1 2 3 1 2 2 2 2 3 1 2 3 2 2 2 3 1 1 1 1 1 1 2 1 3 1 1 2 2 3 1 3 3 3 3 3 2 1 2 2 2 1 1 1 2 2 3 1 2 3 1 2 1 1 2 1 1 3 2 2 3 1 1 1 2 1 2 2 2 2 3 3 1 2 2 1 3 1 1 2 1 2 3 3 3 3 2 1 1 1 3 1 1 2 3 2 1 1 1 3 3 2 1 3 3 1 2 2 2 3 1 1 3 1 1 1 2 1 3 3 3 1 2 3 2 1 3 2 3 2 3 3 1 3 1 1 1 2 1 3 3 1 1 2 3 1 2 3 3 2 2 2 1 1 2 1 2 1 3 1 2 3 1 1 1 1 2 3 1 1 1 3 2 2 3 1 2 1 2 2 1 3 3 3 2 2 1 1 3 3 2 3 2 1 3 1 3 1 1 1 2 1 1 1 2 3 3 2 3 2 2 2 1 2 1 2 2 1 3 3 3 3 2 3 2 1 2 3 2 2 2 3 2 3 3 2 3 3 2 3 3 1 2 1 3 1 1 3 2 3 1 2 3 2 1 2 3 3 1 1 1 1 2 2 3 2 3 2 3 2 3 3 1 2 1 3 3 3 1 1 1 2 1 1 1 1 1 3 3 1 2 2 1 1 3 2 3 2 3 3 2 3 2 1 1 1 2 3 2 2 1 2 1 2 2 2 3 2 1 2 2 1 2 2 1 1 3 1 1 2 1 2 2 1 2 1 1 1 1 3 3 3 3 2 2 3 3 2 2 1 3 1 1 3 2 1 3 2 2 3 3 1 2 3 2 3 2 2 2 3 1 1 3 3 1 3 1 1 3 1 1 1 3 2 2 2 2 2 2 1 3 2 2 3 2 2 2 2 2 1 1 3 1 2 2 3 3 2 2 1 1 3 3 1 2 2 1 2 2 1 2 1 3 3 2 2 1 2 1 2 1 3 2 1 2 1 3 2 1 2 2 2 2 3 1 1 1 1 1 2 3 3 3 1 2 2 1 2 2 1 1 2 3 1 2 2 3 1 1 1 3 3 2 1 3 3 1 3 3 1 3 2 2 1 1 1 1 2 3 1 2 3 1 1 2 2 1 1 2 2 1 2 3 1 1 3 1 3 2 2 1 3 3 3 2 3 1 2 3 3 3 3 1 1 2 1 3 2 2 2 1 1 3 2 2 2 2 2 1 3 1 3 3 1 3 3 3 2 1 2 3 1 2 1 2 2 2 1 1 1 2 1 2 2 3 3 1 2 2 2 2 3 2 2 3 2 3 2 2 2 2 1 1 3 1 1 3 3 2 2 3 1 3 3 2 2 1 1 2 1 3 2 1 1 2 3 3 3 3 2 3 3 2 2 2 3 1 2 3 3 3 1 1 2 1 3 1 3 3 3 2 1 2 3 2 2 2 2 2 3 3 1 1 1 2 1 2 3 3 2 3 1 1 2 2 3 1 2 3 2 2 2 2 1 1 1 3 2 3 3 1 2 1 3 1 3 1 2 2 1 3 3 1 2 1 3 2 1
909
1904
410
1429
1203
389
1678
1500
1935
1310
1858
121
300
1316
707
1841
911
350
1597
1341
747
1949
898
1900
1139
1258
92
139
1318
1941
300
639
1722
1005
1568
1696
1626
47
1943
1421
1849
1061
1696
410
1272
654
1245
1240
598
683
55
776
1841
937
1892
530
1241
891
79
1269
392
1829
376
0
126
1600
1646
1670
1543
938
806
1936
489
1786
28
1004
105
149
139
278
27
445
247
1646
67
474
1776
1909
329
749
463
1312
1283
1452
268
747
1319
1640
901
1383
1486
1090
409
1370
1608
1618
19
575
1044
458
611
1115
623
905
1385
205
1880
159
1415
589
1848
528
1754
1373
353
530
1705
1976
656
260
853
102
785
1358
15
174
306
736
0
1241
1915
642
1583
1031
1102
64
1223
1234
772
722
154
1820
1618
1993
1772
1817
967
1530
1663
720
1788
1506
400
429
801
1758
1601
1208
1559
180
999
1373
195
1482
1560
775
1288
1254
414
1569
125
317
880
843
1286
744
312
527
314
685
1142
1222
46
1040
1396
1936
1550
1051
1769
722
1604
199
685
123
1031
1557
1211
203
1258
662
1662
207
1810
408
1133
1935
474
1701
1147
1535
823
179
1099
842
148
979
1743
294
379
1697
508
1414
1459
1821
1013
441
1736
532
1334
1243
1955
1568
1873
994
860
1205
139
55
1685
1034
1087
1664
29
1628
736
582
749
1527
1592
1634
124
314
1952
48
752
954
1099
1242
740
1906
1996
1438
590
695
625
19
1358
749
1205
504
43
1475
295
1378
866
1492
654
699
452
1160
111
1941
132
406
1677
1662
1724
1127
1092
1263
1893
1319
1937
135
1381
1351
177
778
1931
1672
785
1482
121
669
1526
337
76
9
79
17
1287
760
86
1956
808
141
178
1733
752
1003
1132
82
659
1871
1293
1085
1879
301
1355
786
993
1048
1242
763
148
1260
1092
1890
1568
1560
483
1031
897
772
1946
1461
439
211
499
886
685
1047
608
1573
1241
1877
309
46
968
265
666
1752
1836
1350
153
1263
320
540
468
157
1883
1560
1993
1450
260
760
36
944
79
1674
981
1771
549
1593
712
1303
1120
529
1999
558
454
451
1447
433
314
365
893
489
1571
685
1407
1378
278
405
1223
1085
540
1691
786
1257
1540
288
576
569
282
1373
366
123
1081
142
1229
1044
1272
892
643
794
1335
1680
36
1983
129
426
1566
1820
707
154
1744
999
329
1517
593
504
604
1477
1174
1883
1095
986
1445
477
1421
1790
443
1699
1711
1509
1675
274
703
151
848
1360
451
707
152
724
405
1410
1261
1418
1916
406
685
652
822
416
1252
613
319
1905
1640
924
510
1140
1243
1637
1635
1657
1360
910
1633
1618
624
543
916
1418
1429
611
1220
569
213
373
1614
828
457
718
626
1510
152
1174
1247
1099
79
1232
1680
1145
1033
529
1324
1310
312
1911
1318
801
504
1635
1240
1526
713
1044
1095
1222
1013
1395
86
1715
752
984
685
1414
41
1505
912
1175
1900
898
543
1265
489
427
1277
1283
1037
1319
1796
1494
1492
245
1240
18
1088
822
1547
1295
1213
1626
1122
924
213
154
1633
854
812
28
1047
8
1179
354
457
643
1728
541
888
1807
756
119
1356
973
1245
1807
309
1430
1254
691
1435
609
67
749
1796
1986
860
323
1918
154
1648
113
666
125
738
715
900
1318
142
36
1438
911
365
603
259
10
1398
879
1356
161
1283
914
1494
572
1316
456
744
1061
1036
663
1969
985
190
493
1261
794
1147
934
1703
625
1755
1036
1548
1126
64
1900
1216
1596
1592
778
1568
259
584
175
0
656
896
873
1525
426
139
1003
1446
210
451
1909
643
954
871
1790
0
633
927
1906
135
775
978
606
1122
1343
406
90
1690
884
1269
1076
1386
1516
1685
510
1329
796
752
1708
312
1135
11
530
1962
117
1192
1841
682
655
1044
1762
314
1635
124
1977
1500
1842
685
982
95
1393
1074
1056
1296
19
396
28
209
198
721
1640
1469
1688
527
974
1875
148
214
1865
685
1572
915
1684
403
828
110
502
287
124
523
405
1472
300
1506
1450
1569
1688
111
1050
1897
1678
124
1211
1389
1245
1095
1142
1018
79
365
1471
666
1263
591
1883
1471
1147
1983
1646
1869
1388
8
1775
1437
300
1648
530
1756
1606
1495
1245
543
1066
1953
1619
604
760
543
1091
1586
1495
867
1504
682
848
866
1900
622
1362
1688
1819
121
1020
1068
400
691
220
90
1376
1818
23
203
462
1762
758
661
212
585
1075
1667
872
270
985
1499
1039
654
1044
317
1185
1345
1604
126
594
406
1214
1955
1211
56
1882
1079
1712
495
401
778
694
1637
1397
1327
1212
1438
746
1373
406
968
1258
1115
1963
579
923
1081
203
421
294
543
92
827
1660
685
1494
754
1062
1095
1634
818
1520
639
1341
1995
288
282
154
1822
555
974
1978
1201
763
1303
933
1471
1355
549
833
1767
961
1471
493
731
1537
1525
659
119
1450
1482
1316
991
315
825
1569
1494
723
1163
1406
1364
1036
888
1402
1410
1223
1148
1380
1978
1936
1407
1700
1425
1012
1949
342
1283
312
64
596
863
1506
1783
89
403
1077
142
852
685
1716
212
1937
21
1990
1172
304
1132
1279
1915
882
1821
1373
76
1241
957
1050
1353
139
196
1241
980
1189
1668
1768
562
987
1077
754
1326
854
1283
579
1891
1007
44
1387
111
870
1283
1702
209
642
489
209
1087
1022
1225
1819
71
89
64
1094
541
265
685
483
361
763
1717
920
1341
1478
1470
942
1291
1081
1019
314
323
532
1253
590
23
64
216
1735
625
10
1440
717
323
10
659
492
93
1922
1605
807
1540
1891
1364
530
32
823
1712
1839
1211
1588
1685
987
1562
1571
908
302
1699
1381
1290
1920
1817
514
468
999
64
898
1909
543
1229
147
1217
1546
1378
1345
961
1786
1680
107
1719
1626
682
1044
1755
853
1269
948
549
846
807
1031
126
147
742
462
176
1399
28
1688
313
498
1648
1630
426
1388
1328
646
1345
659
553
1131
350
927
1021
8
948
28
690
468
720
1854
633
457
1569
216
248
1877
680
259
263
1376
856
365
1838
740
1086
1217
43
1762
258
1736
828
1031
819
1077
751
1841
1408
607
1695
1126
631
1685
993
1918
1211
635
235
675
243
1703
355
1075
1524
496
1113
891
845
1477
1344
1383
216
1792
1435
338
1263
433
1415
1101
264
96
1915
937
1012
610
759
595
608
1648
441
595
1335
848
920
287
1823
591
799
818
522
1658
1269
1208
1597
273
774
207
1637
246
139
1249
860
274
584
854
999
189
1402
197
1494
1172
1569
175
294
1281
879
786
1873
600
1223
1796
1036
1245
172
1478
669
1654
1483
28
189
1199
1717
720
1165
1017
824
1242
736
1300
243
341
467
36
1712
993
1815
1674
68
627
139
472
1647
828
235
430
1920
848
1111
1520
695
1289
1386
924
203
15
1796
212
416
448
509
976
1946
1181
1373
1624
1499
379
1608
1627
827
1560
1571
1714
28
174
93
1204
230
1878
1243
1013
1480
1785
430
214
1425
15
1945
779
57
1543
1091
709
1016
0
458
801
288
1020
537
1364
1122
1429
506
646
1506
1943
15
1378
1217
1077
1823
371
449
986
765
415
142
1560
1634
937
1086
543
1986
880
1471
801
1348
401
1050
86
1488
159
1155
93
15
982
933
208
391
1626
1900
753
1269
1018
52
207
634
140
1552
1161
64
180
1332
1976
412
543
1951
1318
19
96
878
1638
1934
139
558
1588
1447
934
1592
1732
1092
1517
1832
1295
985
1327
1737
1272
1303
643
1494
318
1003
1845
566
745
984
1241
1844
457
317
1487
284
1659
1263
1537
472
1042
1592
1444
56
777
483
1422
272
1091
1056
107
675
1471
1547
410
1324
101
478
1936
1736
762
337
685
623
625
897
1225
274
1606
1911
1102
712
1934
1685
1352
1397
1787
1575
1233
1288
952
639
655
1386
1680
734
993
259
1147
1185
1962
160
1597
569
1044
1295
1791
1560
1685
853
23
603
422
1179
552
980
207
1699
164
591
796
1796
523
1559
687
1288
951
1936
1815
906
1503
1185
217
265
712
309
1179
47
1355
1394
275
56
860
1835
1008
44
819
504
1520
522
1416
729
974
154
1668
558
805
147
919
508
152
549
1909
278
604
765
10
405
176
457
860
416
0
1985
1257
1284
462
37
487
502
1253
888
1036
930
978
1333
848
557
413
107
207
1568
1654
1617
1609
549
1734
130
699
951
800
888
297
1739
365
223
107
504
263
1690
888
1628
1147
1533
625
1291
1914
1183
1099
1185
336
749
1272
243
453
942
1815
1708
410
1346
95
1281
1420
273
1319
495
791
1758
210
203
1036
640
350
1470
48
450
90
756
1050
1314
172
1248
639
200
1822
911
1085
209
302
656
1398
1575
1133
1560
1976
154
632
982
1909
1684
871
727
1539
523
993
1215
1688
1843
1760
57
330
47
396
1440
1696
296
1440
320
1034
543
669
970
1044
69
980
1410
1685
83
737
828
1676
1222
457
1264
1606
568
749
1087
978
314
1597
486
806
1404
291
860
1808
79
1263
107
88
1327
1310
1663
1494
1637
681
1364
1113
776
1378
1999
722
88
685
199
1406
1300
776
147
1925
1419
643
1471
357
1394
1900
434
422
1519
633
772
754
1993
667
1404
923
762
1269
1133
1387
1538
933
55
488
486
137
1712
75
1590
975
432
1352
324
1086
137
67
828
152
1417
562
607
552
1877
1993
888
1587
1951
1810
756
504
1440
891
1090
857
18
642
1075
778
1909
416
118
795
575
642
1743
1941
1240
721
43
1016
1554
405
1698
1493
477
1469
1699
376
1476
376
982
449
1233
498
1810
1519
1615
305
1243
1004
1984
1376
1462
607
724
20
203
1342
110
764
1695
10
187
520
1242
782
1578
287
1396
1247
1172
830
372
1849
682
1254
1594
1288
314
1057
22
970
934
93
280
1229
549
708
379
1061
300
663
1286
1364
124
296
1571
961
1277
372
16
648
38
1545
1437
1108
752
754
1146
1560
590
14
1647
801
922
1496
1344
649
1550
1994
1398
1300
1214
898
8
84
1983
489
590
514
435
129
530
1044
590
1785
427
418
1952
135
1570
1165
1019
79
1337
1376
848
197
590
613
976
1325
19
593
604
1567
64
1174
1378
574
465
1654
990
774
200
1560
833
268
405
893
274
1599
1606
1619
486
55
190
1418
1153
575
754
357
1517
687
1654
1879
251
1885
477
1103
1710
52
1712
762
1837
106
1376
1720
328
686
721
212
1815
796
109
724
823
1946
414
726
1934
1677
1131
1257
703
723
333
1185
1507
297
1024
739
1755
752
1050
259
523
454
1426
1560
953
152
1823
1637
0
203
1214
752
1848
79
796
