2000 1563
2 3 3 0 5 5 4 4 1 4 2 1 1 0 5 4 0 4 0 3 4 5 1 3 1 1 2 3 2 4 4 1 1 2 5 4 1 3 3 3 5 4 0 1 3 0 1 1 5 3 1 4 4 4 0 1 0 1 5 0 2 1 1 2 0 5 1 1 0 5 0 5 5 4 0 5 4 2 0 4 3 3 1 4 1 1 5 5 3 2 4 1 3 1 2 2 2 3 1 4 3 5 1 3 3 4 4 2 1 5 4 1 4 4 4 3 3 1 2 3 1 5 3 3 0 2 5 4 5 4 1 1 1 2 5 5 4 1 3 1 1 0 1 3 5 3 4 1 3 0 1 5 1 1 2 5 0 5 4 0 1 1 4 4 2 5 5 2 4 0 5 2 4 0 2 5 5 3 2 0 4 1 2 1 4 2 2 0 1 2 4 0 4 1 3 1 4 5 3 1 2 5 2 2 2 1 4 1 3 0 5 2 5 5 4 1 2 4 1 4 1 5 4 3 2 5 0 3 3 0 0 4 2 2 4 0 0 3 3 5 3 4 5 0 0 5 0 4 1 3 4 2 0 2 3 0 3 5 5 4 0 3 0 1 1 2 2 1 4 1 4 1 4 3 1 2 4 2 5 0 3 2 2 0 3 4 4 0 3 1 3 5 4 3 1 2 1 5 0 4 5 5 2 2 0 1 2 0 2 1 0 3 5 1 3 1 2 0 3 5 2 2 1 5 4 0 2 4 3 5 0 4 5 5 2 2 3 1 5 2 5 4 3 3 5 1 5 0 0 0 3 3 1 1 5 4 2 2 2 3 2 3 4 3 5 3 2 3 3 2 5 5 2 5 5 0 5 1 0 2 4 0 4 5 1 2 5 4 4 5 4 4 2 4 2 3 0 5 5 2 2 5 0 1 4 5 4 0 4 0 3 4 3 3 3 5 2 4 1 3 4 3 1 3 4 5 4 5 0 0 1 5 0 2 0 1 1 3 0 1 1 4 3 0 2 0 5 5 2 2 5 2 5 3 3 1 2 3 5 3 2 4 2 5 1 3 1 1 1 3 0 4 0 5 4 4 5 2 5 1 0 2 0 3 2 3 4 3 4 4 4 4 3 1 5 0 0 1 3 3 0 0 3 5 1 3 4 3 3 4 2 0 0 0 4 1 2 4 3 3 0 0 3 0 5 3 5 2 4 3 5 5 1 0 4 1 4 0 3 4 0 2 0 0 4 4 2 0 2 2 3 5 3 3 4 5 3 2 4 2 0 0 0 0 5 5 0 4 0 0 5 2 1 1 4 4 4 3 0 5 4 1 2 4 0 1 5 1 5 1 0 2 1 0 3 5 0 3 3 0 5 2 5 3 1 1 1 5 0 4 4 5 2 3 2 5 2 4 1 3 4 0 3 3 4 4 0 3 1 4 0 4 3 0 0 1 2 3 0 2 0 2 5 0 3 0 3 4 3 0 2 0 4 1 3 4 5 0 1 1 5 2 0 4 5 4 1 1 1 5 5 0 1 4 5 4 2 2 0 3 5 4 5 4 5 0 0 5 3 3 0 4 5 2 1 4 1 2 2 5 5 3 4 5 4 0 3 0 4 2 3 5 2 1 0 4 3 5 0 5 0 5 5 5 1 0 0 5 3 1 5 2 0 5 2 0 4 1 0 4 4 0 4 4 5 1 3 4 2 5 3 3 2 0 4 4 5 0 3 4 5 4 3 4 4 2 3 1 2 2 2 3 3 2 0 4 3 5 2 1 0 3 4 2 2 3 4 5 2 3 5 0 2 1 5 3 2 4 5 3 1 1 0 0 2 2 3 3 5 1 2 5 2 2 4 0 1 4 0 2 1 0 5 0 1 5 2 4 2 0 2 2 3 3 5 5 1 5 4 3 5 5 0 0 0 3 0 2 5 1 0 3 3 1 4 3 5 0 5 0 5 5 3 3 5 1 0 3 0 5 1 5 2 0 0 5 2 1 4 2 3 5 5 4 3 0 0 4 5 1 3 2 4 5 1 5 2 5 0 0 5 3 5 3 0 0 2 5 1 0 4 2 1 3 5 5 1 4 0 1 1 5 4 2 3 4 3 0 3 4 4 4 3 3 0 4 0 2 0 5 2 0 4 0 3 3 1 5 5 2 5 3 2 0 3 1 0 2 4 5 4 1 0 3 5 3 1 1 3 3 5 3 2 5 0 3 2 2 1 4 2 1 3 1 3 2 2 2 5 2 3 5 1 0 2 2 0 1 0 3 2 3 0 2 3 5 0 2 3 3 0 4 4 3 5 5 3 4 0 2 5 0 3 4 1 1 1 2 0 1 5 2 2 4 5 0 0 5 4 1 2 4 2 2 3 0 5 1 3 3 0 5 1 3 0 3 4 0 1 5 3 0 2 3 4 2 3 1 5 2 2 1 0 0 4 3 1 2 5 4 5 2 5 4 1 3 2 0 5 1 0 2 0 0 0 4 2 3 4 3 4 0 1 4 1 2 3 4 4 0 3 5 1 0 0 4 5 0 4 0 3 5 3 5 4 1 1 4 0 1 1 3 1 0 2 5 2 3 4 5 4 5 5 3 0 5 1 3 5 4 4 0 1 5 1 4 1 1 5 3 2 4 5 4 0 4 3 3 2 5 3 3 5 0 0 0 2 1 0 5 1 0 2 5 2 3 5 2 1 2 2 2 3 4 3 1 0 4 2 1 2 0 1 5 3 2 2 5 4 4 2 0 2 2 5 1 2 1 1 0 2 1 3 5 4 2 5 0 0 2 2 0 3 1 3 2 2 3 1 4 0 1 3 1 2 3 5 4 0 0 3 1 0 4 5 4 3 4 1 3 4 3 3 5 3 1 3 0 0 3 2 5 4 2 2 2 0 2 0 4 3 5 0 5 3 1 5 1 2 2 0 4 4 0 4 3 3 0 1 4 4 2 2 0 5 5 4 5 5 0 3 0 4 1 1 2 0 4 3 2 0 3 5 4 2 2 1 2 1 4 5 0 4 3 4 4 4 1 1 3 1 5 3 4 4 2 2 4 4 1 5 0 1 5 0 3 3 3 3 5 2 3 0 5 2 4 3 1 1 1 2 3 2 0 5 5 4 3 5 2 2 5 4 4 4 0 3 5 2 1 3 1 3 5 0 3 3 0 2 1 2 0 5 1 1 1 0 0 0 2 3 0 1 3 2 4 4 0 3 1 5 4 4 4 4 5 3 2 0 5 4 0 0 2 0 1 4 1 2 1 0 2 4 1 5 3 1 1 4 3 4 0 5 2 3 5 3 4 3 4 2 0 2 5 3 2 3 1 1 2 0 4 5 3 5 1 3 0 4 5 1 3 0 4 0 0 3 1 4 2 1 5 3 2 4 0 1 4 0 1 1 4 1 1 4 1 4 3 2 5 0 1 2 0 1 1 0 2 0 2 0 2 1 0 4 1 1 5 2 1 3 4 2 3 4 2 1 1 0 1 4 5 4 5 0 1 0 5 3 1 1 4 3 2 0 3 5 5 1 2 2 1 0 5 2 2 3 1 0 3 2 0 1 2 2 0 0 1 3 3 1 3 0 0 5 1 0 5 1 3 5 1 2 4 3 5 3 4 5 1 5 1 4 5 0 4 2 1 1 3 5 2 1 1 3 5 4 0 4 3 4 4 5 3 2 4 4 2 3 3 4 2 4 4 2 5 5 0 3 5 3 5 4 5 4 1 1 2 1 5 1 4 4 5 3 2 2 1 1 3 0 4 3 3 4 1 2 2 0 3 4 1 2 2 5 5 3 3 2 2 2 4 4 5 1 4 1 2 0 2 4 2 5 4 2 5 1 3 5 5 5 1 1 4 2 3 3 4 4 2 5 3 0 0 3 1 2 4 3 2 1 2 2 2 1 5 5 2 1 1 2 4 1 5 3 0 0 5 3 0 5 3 3 5 1 1 4 3 1 4 1 0 4 1 1 3 0 2 2 4 1 5 3 1 1 0 3 4 1 2 5 5 5 1 0 3 2 5 4 2 5 0 2 5 4 0 5 3 4 0 0 0 1 4 1 4 5 1 0 3 3 1 4 1 1 5 3 5 1 5 1 1 2 5 1 1 0 0 2 5 0 3 4 5 1 2 3 0 4 2 3 4 5 5 4 4 2 0 5 3 0 0 5 4 3 2 2 2 2 0 1 3 2 1 3 0 1 2 2 4 5 0 1 4 1 2 3 2 5 2 0 4 0 5 1 1 5 3 4 0 0 0 3 4 0 3 3 5 1 4 4 1 0 2 3 1 3 4 5 2 0 1 3 1 1 4 4 1 2 4 2 3 4 5 5 2 2 4 1 2 1 5 3 2 0 0 2 3 5 0 4 3 5 0 1 0 5 5 1 2 5 4 4 4 2 4 3 0 0 5 5 2 4 1 5 2 3 1 5 4 1 1 4 4 5 0 5 2 4 2 1 5 4 2 3 4 0 3 3 3 5 4 2 3 3 4 1 5 4 0 0 5 5 1 4 4 5 1 3 2
1338
211
1649
637
1215
231
310
662
912
1701
582
65
1121
539
1433
920
1203
996
1936
1064
1654
1974
1971
1779
948
557
1486
735
1534
749
1268
517
234
1809
774
572
1514
1555
1185
287
349
1624
1070
794
1102
1518
484
583
1048
143
1050
1955
1738
1484
652
638
902
1588
1844
215
377
1728
1478
335
9
1349
397
391
616
149
441
1350
652
1152
1586
347
1564
66
1317
1050
1091
1069
774
530
418
536
1649
1084
1936
485
1517
364
585
626
585
1232
646
143
1590
1870
635
1481
298
232
985
477
1196
1461
570
1160
494
832
1728
184
1923
489
1317
970
842
1397
919
1468
1570
1157
1417
1818
1160
1057
1037
920
1037
1325
1688
566
1133
552
1497
161
990
1301
963
1490
912
778
772
491
176
1057
889
911
1421
1711
417
952
1783
1442
512
628
785
1907
219
1512
780
1412
1865
1908
1168
78
650
140
658
772
554
1681
794
1954
1201
408
218
1979
95
1624
100
191
129
351
1841
970
1681
1655
844
46
153
1268
1785
816
752
1318
1492
1517
972
140
1785
1492
895
90
471
1846
984
1455
467
234
1798
1221
857
639
1570
1686
254
1026
1086
1589
1304
756
833
1730
677
1870
1021
644
1833
1950
1301
1226
625
1336
1324
235
1296
1918
110
196
1612
1474
20
1110
627
131
1732
1431
1709
525
473
606
1196
1652
935
379
474
988
1738
1069
43
1461
1052
1086
944
762
1841
406
503
1381
1731
1717
1165
14
953
1584
1060
377
1800
1640
821
1356
760
774
1160
1800
441
249
563
1888
1381
341
536
896
1110
1168
1283
957
1213
1986
1803
1228
1292
704
731
1875
366
1856
775
1027
10
1938
1484
939
1576
1242
913
1886
1436
816
700
790
1338
780
1274
73
195
833
1938
219
765
1324
1687
1460
397
1641
1929
1454
453
391
635
1956
812
122
1416
1702
818
638
1686
1543
881
1941
1942
167
14
191
1291
1638
814
1831
1865
423
525
1074
1688
738
1986
985
190
592
450
1306
666
589
1833
363
931
1387
971
1705
17
1828
1002
1216
1228
90
1800
55
1712
162
485
988
57
1125
1856
230
762
1256
53
216
81
980
298
65
886
1641
204
717
1718
1665
1973
451
610
1630
1127
1468
698
406
743
209
22
473
349
484
233
43
650
1506
1818
637
1568
1935
1454
1043
46
1831
450
165
857
1486
180
1023
476
1175
719
1064
1630
1822
1082
1247
1836
520
1671
1074
652
1904
1904
1099
1825
109
419
1415
610
1030
684
501
686
474
731
525
1216
78
582
1000
1216
920
1152
149
1712
599
279
1068
844
954
347
591
1584
705
655
824
413
1910
412
1275
1440
238
1390
18
1833
68
1890
998
681
484
1090
109
1232
1894
249
1890
1555
489
31
548
1226
698
1152
1209
1221
647
1941
230
1413
1973
1213
1025
911
108
1427
906
1543
1815
1331
1083
195
512
230
554
165
1188
168
73
868
1846
176
1091
772
1942
330
366
967
1901
1331
957
931
1961
1532
1215
790
1379
523
648
587
354
1936
1600
122
1023
1094
507
18
1257
778
261
573
387
1928
455
653
539
456
1929
928
1730
1203
1722
451
1618
1612
881
113
249
1535
1036
648
186
1492
572
913
1329
518
1685
1888
1737
1327
1341
1504
524
1398
605
821
223
522
1169
238
1165
93
566
12
1220
1448
247
1974
1416
1458
820
455
1838
1251
1253
1030
630
1377
1120
1209
918
589
1941
1961
22
786
1687
1266
1785
798
1285
518
655
1624
928
1200
1112
730
215
1188
507
387
489
1473
1293
1961
906
1284
1070
1828
228
1506
55
1929
1740
1274
654
1614
1928
376
1048
1120
1895
1888
919
228
1687
1915
655
599
820
501
1275
1950
184
1875
1491
278
307
1070
1255
1779
1068
1528
1649
413
1422
1580
993
886
85
2
1043
1038
1048
346
800
988
1086
672
1628
553
878
896
1532
204
358
1586
1491
1504
1491
1110
1997
589
307
59
832
284
686
755
640
363
1260
569
1930
1141
599
1588
814
1463
1433
1200
800
743
274
419
832
274
1370
494
441
1084
553
1663
1068
1681
1590
354
1455
444
228
762
944
284
1641
1202
1619
674
661
1736
1685
1736
874
397
338
767
1589
1963
818
1424
1415
735
1653
245
1239
787
18
1126
526
1026
247
530
1518
592
1171
1837
1283
1311
1397
1417
393
990
518
1511
1254
476
1913
1557
1169
1982
1143
363
1740
1422
1923
1966
1731
935
1377
955
457
341
1002
165
418
1758
186
457
697
970
1379
1654
1025
691
1209
530
1112
842
1168
1511
1476
477
279
1999
473
1412
408
1686
785
967
548
1640
1495
127
1761
179
1129
940
1398
956
1141
338
322
1825
1317
1397
1327
1038
1761
680
971
1425
1460
254
1709
551
935
1431
640
767
386
1169
1663
661
1097
1513
1242
225
225
842
310
1618
637
77
1127
1915
1476
190
1447
1387
1495
1524
517
211
1737
507
780
572
1184
1266
1622
398
108
1652
1490
179
824
1557
349
1853
684
1050
1311
1773
628
954
1292
1901
209
127
261
1260
1738
1725
231
674
1183
1982
1999
846
616
644
551
1338
1228
1778
1423
1512
1203
448
1232
1783
1350
1640
740
616
1274
1171
455
274
626
592
1413
1064
1179
1425
1121
520
1853
1652
1188
990
448
342
597
406
1773
108
1021
304
902
1318
1653
1284
1057
698
386
196
1997
972
607
1725
1074
1877
481
1418
1418
1551
419
234
1623
304
1944
113
68
536
1837
895
1002
309
199
381
944
1949
1121
912
1894
1822
607
351
1955
43
737
216
1436
1863
1779
582
1293
9
1260
717
1251
1803
658
418
1264
1630
393
1320
1332
1606
1963
412
1096
1798
1543
180
273
481
1381
919
624
413
62
1612
1702
1427
131
1513
877
423
467
1474
491
787
1974
196
387
100
53
1157
956
1783
0
833
1866
46
1954
1418
1240
1886
1997
1356
1908
1283
1416
1846
348
1619
1568
1060
129
1514
820
1725
287
1907
564
719
735
1730
122
1956
627
17
1325
1551
1889
353
450
1454
672
448
243
1099
1614
1091
1423
1702
896
524
1313
216
816
857
1296
1918
57
523
1517
1099
95
1773
342
644
1336
1875
1125
1654
1324
379
149
1478
1901
1284
1137
1671
1514
1304
1655
1911
467
943
1247
1513
1291
984
62
756
1255
1349
1425
1822
563
688
1063
417
167
1722
1427
348
911
963
1825
1510
1044
570
940
69
1377
500
705
749
1528
646
1440
2
98
661
1476
1481
348
1584
1778
66
868
209
474
310
605
1023
307
500
1398
1083
1628
1954
1374
332
292
1157
398
1564
1966
1463
1711
1361
949
691
877
1329
1242
564
1829
1442
1911
1643
309
1412
2
1037
78
1863
50
243
1275
1120
1357
737
1036
653
1863
376
176
1268
1468
1264
1000
647
985
494
1510
626
81
1097
451
386
1518
1638
1090
194
878
775
1563
993
1732
20
1643
1083
412
1132
245
1651
1586
1044
674
335
749
1980
110
346
153
218
1141
752
223
1225
902
1201
719
1589
1600
1757
1718
943
414
1614
1949
90
364
1440
1255
1473
10
1000
1576
573
423
1447
984
569
855
1390
717
954
642
98
1628
1112
1497
1910
697
639
1622
1705
1052
940
98
916
1361
1504
1455
1732
1709
1410
287
775
347
767
604
1737
1332
131
1165
684
955
635
335
444
878
1809
895
949
353
1201
1097
1889
677
952
95
1837
949
1535
31
298
247
309
1063
755
666
1370
1316
456
1325
688
1094
261
697
639
503
526
1865
604
1320
186
1803
1306
322
1913
1564
358
1357
1311
1126
916
1158
1701
1809
686
554
1966
417
1935
1301
1374
778
881
1757
1361
640
215
1184
570
1327
1757
625
1413
765
1254
1838
471
993
1044
1405
1844
110
1982
1310
824
1942
1524
1708
109
1963
681
688
168
760
624
1728
1125
704
81
245
1853
1890
642
814
1560
0
1560
1332
680
232
191
346
906
1220
279
1791
765
353
1132
1563
996
453
1417
225
1102
1544
1534
1623
1096
1084
740
1708
1240
1671
1277
1021
1986
1979
1979
967
1155
587
1949
278
1179
1923
794
1316
1129
1155
223
354
1506
855
1266
705
1256
680
218
1712
219
918
1606
1196
1422
64
457
1930
180
1405
243
65
1357
610
666
971
846
1563
1313
1708
1215
197
931
1663
379
1129
1202
520
1828
57
453
877
1027
564
12
1568
1030
503
391
273
1221
1133
1829
826
366
1618
1336
1973
512
77
1829
1510
1251
650
700
264
85
1096
972
1570
812
943
1831
607
786
998
53
1353
232
552
162
1143
1841
889
233
524
553
1665
1256
826
1588
583
1535
886
953
1257
1202
330
500
1930
587
1943
17
1423
153
1387
569
1126
756
1127
573
235
1240
195
1877
737
654
583
846
1758
1856
1200
1320
1705
1590
351
738
1844
10
939
1944
1185
1225
162
1341
1910
681
1870
1740
1915
1580
1175
1390
1257
563
1448
197
1291
50
50
143
1866
414
1638
1296
1606
203
868
1038
393
284
1442
928
1943
62
1555
1341
1736
9
1651
190
662
341
771
1971
1331
69
605
1544
1643
1313
785
1836
1264
1458
642
377
342
691
1894
31
1928
1036
1415
957
1528
1184
1991
64
627
1623
501
330
1292
358
844
889
1350
523
1349
1889
956
194
1904
1082
1060
1991
1277
1718
1731
1158
278
1293
1938
1908
22
630
1701
798
1285
630
557
1025
1838
1458
752
1175
606
364
1428
522
1026
1239
1428
322
952
1094
1955
1999
1463
597
73
471
800
1758
1717
1155
1158
197
1431
1576
939
738
1798
194
566
704
93
332
1971
606
760
677
1907
1478
1285
1685
100
1069
913
1778
1956
1356
1484
1944
1043
292
1481
1895
1711
55
1815
790
1886
998
585
628
874
1277
1532
481
1220
786
1877
168
14
456
1410
1306
743
85
129
1665
1318
658
1619
1651
591
1511
1143
517
332
20
1722
1600
1183
1622
93
648
69
254
1497
591
1791
264
1353
491
1486
1310
77
408
1374
552
1183
1171
1253
204
1316
826
1991
539
1421
199
66
1551
1225
477
1379
1935
548
1370
597
730
755
653
662
1253
798
238
203
526
140
444
179
855
1490
1027
1448
1185
1474
184
646
963
376
12
1353
818
624
771
1247
1421
1424
1082
604
1137
304
1405
1534
1461
1052
161
1447
1688
1911
731
1544
476
996
235
948
625
522
398
167
161
1473
1980
812
59
771
1179
381
127
1428
1132
264
1950
1310
1560
1918
980
1436
672
1655
740
1304
1433
292
1791
1512
1254
1424
231
1410
113
1460
64
1090
203
1524
1761
414
874
1653
700
233
1818
1943
647
59
1836
273
1213
1913
557
1495
953
1102
485
980
654
1717
338
1137
1063
787
730
1226
68
918
955
1329
1133
211
1557
199
551
1980
1866
821
1815
948
638
381
1895
1239
1580
