2000 16
15 6 7 5 0 7 1 6 3 0 14 14 11 4 14 6 2 8 0 7 11 2 6 15 8 7 12 5 2 10 9 14 10 5 8 6 10 2 10 14 2 3 1 9 13 0 10 2 4 9 1 5 0 1 14 15 11 2 1 0 1 8 13 4 2 15 1 11 6 3 7 14 0 8 3 10 6 2 11 8 15 4 1 5 10 7 13 6 6 0 0 1 14 0 9 14 7 15 0 6 14 10 8 0 7 4 11 2 7 1 8 13 1 3 5 3 9 15 11 11 14 7 4 1 0 12 1 0 1 6 14 4 10 8 3 7 0 11 8 10 14 0 3 15 6 9 15 4 9 10 13 15 0 10 12 14 8 1 10 9 9 1 2 15 15 11 0 0 1 13 9 12 8 4 4 2 12 12 3 12 15 5 11 3 4 10 3 6 2 13 6 5 6 4 0 9 14 5 1 4 7 5 12 3 4 13 7 4 1 12 15 4 12 3 7 11 8 13 11 9 9 9 1 1 9 12 12 4 1 15 2 4 2 3 2 0 13 6 10 8 1 11 0 4 3 5 11 5 1 4 9 14 8 12 9 8 6 4 8 5 3 12 9 4 15 4 3 13 3 2 4 14 4 4 11 12 8 1 6 9 15 3 9 2 2 9 10 2 2 6 13 14 1 1 10 10 11 5 3 5 1 2 4 4 9 7 7 11 1 6 2 4 11 6 7 10 11 2 15 1 5 8 2 6 3 15 9 9 4 3 15 12 10 15 7 1 5 0 14 8 0 11 14 6 4 7 1 7 10 1 11 7 9 3 10 6 1 5 10 7 4 11 9 9 0 14 15 6 14 4 7 5 4 2 15 14 2 12 7 13 10 8 13 12 2 6 12 7 4 3 2 14 11 6 4 13 4 3 0 6 0 2 13 9 10 9 11 7 10 12 8 3 4 13 2 7 10 5 15 5 12 3 8 0 4 10 9 12 1 12 6 15 0 3 7 6 12 6 14 14 2 12 3 4 0 7 3 4 8 8 2 6 9 3 9 3 11 8 4 1 2 1 12 9 12 13 5 3 8 4 9 1 15 5 2 0 10 5 12 4 9 7 12 4 3 4 7 2 10 6 1 14 4 10 3 13 6 5 9 6 3 9 8 2 8 11 15 0 4 12 8 4 12 2 5 1 2 10 1 6 12 0 14 3 5 7 13 4 7 6 10 9 14 15 1 8 10 8 7 3 1 9 11 3 15 9 3 10 4 14 3 3 11 2 5 5 0 2 14 15 15 0 1 6 0 9 4 12 1 5 0 7 14 6 9 2 1 11 4 2 9 9 4 4 14 15 6 8 14 11 7 3 6 11 6 3 15 4 3 11 7 12 11 13 12 2 11 7 6 9 7 8 3 1 3 0 14 6 15 10 13 11 13 7 8 5 1 6 13 11 8 0 2 14 0 8 2 15 15 1 0 7 5 2 1 8 4 8 4 0 5 7 2 2 13 8 7 13 9 14 5 3 1 1 12 11 2 5 10 0 3 0 10 0 12 8 1 14 3 10 4 12 15 7 10 13 13 9 3 14 11 11 11 14 11 10 15 13 15 15 6 13 9 13 6 13 15 12 4 15 12 12 13 8 2 1 8 4 2 8 10 3 7 3 5 7 6 1 9 12 14 12 6 11 10 13 9 6 14 12 5 4 15 5 3 4 7 0 1 7 14 1 0 12 10 9 7 13 6 5 12 0 4 4 12 15 14 12 2 7 4 4 4 12 8 0 6 2 2 8 0 8 2 4 9 0 13 6 5 8 12 1 12 6 14 10 6 4 15 9 4 3 3 1 10 3 13 6 14 7 9 8 3 15 3 13 10 11 7 2 13 6 14 6 5 7 3 13 0 6 6 2 12 0 11 9 1 7 12 0 0 2 7 13 3 2 11 5 9 15 13 7 13 12 3 1 8 1 2 6 1 8 5 6 2 6 7 10 1 15 0 1 6 4 1 8 7 14 14 4 15 13 10 15 10 15 7 8 1 3 8 11 10 10 5 2 8 10 10 14 11 7 0 11 0 4 8 4 9 10 3 11 14 14 4 6 7 7 12 9 9 8 12 11 15 5 4 4 7 4 8 13 0 13 2 15 8 8 13 11 11 5 5 7 5 14 14 5 3 0 0 6 8 3 14 0 11 7 13 7 9 2 6 10 5 0 6 0 2 13 4 3 14 11 10 5 1 11 2 10 9 3 14 8 8 13 12 13 14 5 14 1 4 7 8 6 14 5 4 1 0 10 8 12 0 15 1 2 3 13 14 2 4 5 14 11 6 9 7 7 13 4 1 4 10 15 3 12 13 1 1 7 6 9 1 4 11 8 15 14 10 4 2 5 12 3 0 13 0 14 0 4 9 4 6 9 15 12 15 2 11 7 15 13 3 2 11 2 3 14 8 10 10 10 15 0 1 10 3 9 5 10 15 9 10 3 9 8 3 15 8 12 3 9 7 9 11 11 13 2 11 10 12 6 1 1 13 15 11 8 9 15 6 6 7 12 9 9 13 12 0 6 3 12 15 8 4 4 14 14 9 12 2 12 6 0 15 0 13 5 5 4 9 0 15 0 7 7 12 12 2 13 12 4 4 3 4 7 11 2 8 3 14 9 1 13 1 1 0 3 0 0 3 5 15 14 10 4 11 4 11 9 9 9 9 4 9 12 5 2 2 7 7 1 4 4 8 7 11 0 10 1 15 12 8 5 15 7 2 14 5 6 10 4 5 1 4 9 8 1 0 14 12 13 12 9 15 7 1 4 15 11 12 6 5 8 9 2 4 5 2 14 10 15 4 13 5 7 3 5 0 11 11 1 1 11 14 8 15 1 10 5 1 8 2 9 7 7 6 13 9 9 14 1 11 12 10 11 12 14 14 10 9 14 6 15 13 15 1 7 8 10 3 2 10 7 14 10 7 0 8 10 2 9 10 12 10 11 11 12 14 2 13 12 2 5 15 12 4 3 9 11 8 15 9 10 10 3 3 15 9 15 14 14 2 10 14 0 7 13 11 9 13 14 2 9 0 6 6 6 6 5 11 10 3 0 0 9 2 1 6 0 11 8 7 12 4 7 13 4 12 11 3 3 10 4 3 4 8 6 6 15 15 4 8 15 4 0 0 6 0 13 14 8 4 1 9 9 12 15 7 9 5 13 15 11 8 11 8 9 10 9 3 0 10 15 5 13 13 7 11 2 7 15 10 1 14 2 13 12 1 11 13 6 0 4 12 4 12 4 0 1 2 7 9 2 13 11 11 4 13 2 9 0 0 8 0 3 5 15 9 12 9 4 13 7 4 3 6 6 12 6 1 1 10 6 8 6 2 4 9 8 14 6 4 4 8 12 15 6 2 10 14 14 0 2 3 15 12 3 2 4 4 14 9 12 2 0 10 1 0 2 3 11 12 9 15 14 13 10 1 1 1 1 14 4 6 12 11 3 11 4 6 10 1 5 6 1 0 7 5 12 11 3 6 4 9 7 15 0 6 5 2 7 2 9 5 10 11 3 8 4 5 2 6 10 9 9 15 10 7 12 11 5 4 8 2 9 2 5 11 10 6 13 10 13 2 7 0 11 6 3 6 8 2 0 3 8 1 8 2 9 8 7 3 13 11 3 2 9 6 10 5 10 2 8 0 15 4 14 0 15 8 14 11 11 6 7 8 13 5 11 1 6 4 3 12 11 11 0 6 0 0 13 14 0 12 15 12 3 11 5 9 7 14 4 7 8 2 8 12 6 12 0 9 8 10 15 15 1 14 7 4 0 4 7 2 1 15 4 4 13 4 0 11 2 12 3 4 11 8 2 11 9 13 1 10 14 1 4 2 14 8 10 6 1 7 1 14 14 14 6 4 11 10 11 1 4 11 12 13 6 6 15 5 2 6 0 9 0 13 11 14 8 11 7 6 2 2 2 8 10 12 7 10 3 13 4 5 13 6 12 0 11 15 10 10 15 1 3 9 4 1 2 12 12 6 3 8 4 0 2 8 4 13 11 15 4 10 6 12 13 5 13 10 7 11 15 14 3 3 14 1 0 11 15 6 4 13 1 6 9 5 4 13 6 14 11 11 0 15 11 11 8 9 14 10 5 12 11 8 7 9 7 10 1 11 9 14 1 3 6 7 10 3 5 11 1 10 12 13 7 11 10 15 13 1 15 2 7 5 15 1 13 14 6 5 15 14 15 11 5 6 1 15 15 11 15 5 3 0 1 3 0 10 5 15 15 10 2 8 8 8 3 3 15 10 3 14 5 12 10 2 10 13 10 1 7 3 10 14 0 9 15 8 3 0 12 15 9 11 8 7 4 4 13 6 6 0 4 6 7 5 14 12 5 6 12 7 15 12 14 4 8 13 12 6 10 14 5 12 10 15 14 9 5 1 3 8 11 0 8 6 7 1 4 9 13 11 0 11 8 4 6 5 13 13 8 7 7 4 7 13 2 1 15 10 12 1 0 0 5 10 10 10 0 1 8 0 11 0 1 10 0 11 13 0 14 5 2
612
1055
0
420
0
0
420
1527
1085
0
983
0
403
774
1704
136
1250
420
1898
1273
268
466
0
385
556
1282
1012
420
298
1821
0
420
638
78
0
0
950
0
0
268
0
420
385
1973
727
850
0
0
155
78
222
385
0
218
1987
1055
1058
0
1480
0
0
420
924
156
765
403
1451
0
0
804
268
1764
0
0
751
1604
6
1526
0
574
1100
0
126
0
950
1345
75
408
1408
212
950
268
513
0
419
0
589
1597
0
1074
506
420
1746
0
420
917
1055
1074
1784
0
648
571
1832
0
1426
1074
268
1376
745
1085
1784
1066
651
1267
277
385
62
0
578
781
0
943
1412
0
1056
268
739
1240
0
1987
1484
1795
1168
1476
1085
0
1134
1103
688
1479
1614
136
1807
850
583
0
1171
896
1832
1740
1074
1164
1608
172
466
1192
0
1606
1074
0
1973
466
904
134
1426
0
466
471
0
0
0
578
0
1484
1526
1091
349
212
950
782
0
1470
1412
1464
408
434
1414
420
0
0
1184
257
132
748
1614
0
924
1523
0
1656
0
1726
1807
1763
449
1282
0
0
1250
0
403
0
346
665
1304
950
223
1842
420
0
1074
1075
1105
917
268
0
199
1444
1166
1679
403
0
940
291
0
0
1566
0
739
0
950
1500
917
758
0
950
1248
134
804
420
402
0
820
0
411
1985
0
0
0
1305
0
0
268
0
342
0
0
0
0
1085
1136
679
132
6
0
134
0
1777
659
1790
1426
1356
1268
0
424
0
1793
830
917
0
72
1085
1526
136
420
277
0
0
1205
268
868
0
1268
126
1066
1837
1066
268
403
0
1602
0
671
0
1479
0
950
0
1680
134
1608
1777
1359
1618
1864
0
496
0
0
1719
707
0
513
136
0
1962
0
917
1055
0
0
1909
731
1764
1224
571
303
0
1828
0
0
1099
403
967
878
0
205
561
0
950
513
901
201
1426
0
1328
903
385
0
1828
420
318
1632
1085
0
0
950
1347
1421
0
58
0
0
1290
0
1823
411
393
532
307
0
0
385
496
1821
390
0
0
268
35
556
420
1962
597
268
561
503
1298
6
0
556
1793
403
1055
1658
385
0
248
0
0
0
1626
286
0
0
385
739
0
1489
1429
999
1381
1828
1632
0
0
0
132
0
781
0
1969
0
0
1604
56
1656
1970
0
1074
0
1833
1746
268
0
0
909
1250
1179
513
869
1304
578
1298
420
917
0
438
1304
1971
330
1568
1793
0
1074
0
950
573
393
134
18
536
1977
0
1797
0
0
916
876
0
1304
1744
1665
0
0
0
0
268
0
0
1679
1459
1085
1074
571
0
0
0
296
1289
0
1708
0
0
268
145
411
968
771
385
0
318
0
0
0
950
403
965
1472
845
1973
0
1228
417
0
578
578
1998
0
1917
578
1019
896
1690
1074
403
0
0
198
1152
126
385
0
1484
820
0
1632
1590
0
1074
1726
1426
0
704
1974
1297
1953
0
1597
1074
1055
1604
0
1245
0
1764
0
858
0
0
570
916
1832
1967
1984
1739
0
0
1632
314
1250
0
0
747
0
0
894
0
1488
751
830
1180
1024
245
0
1012
1797
867
408
0
0
989
919
251
1091
268
917
971
0
420
0
0
1909
0
1268
6
420
336
740
1828
903
950
1776
720
218
0
0
0
0
420
0
420
0
0
1746
1793
1165
1977
1300
385
1788
680
0
420
156
258
1138
1268
0
0
650
960
688
47
718
0
420
1882
0
0
1808
1099
950
420
0
0
0
0
1793
1526
0
420
1609
0
0
1192
0
385
420
0
999
1652
0
271
327
0
751
134
1325
1313
0
573
0
690
1091
658
0
1123
1656
393
950
0
0
843
1956
0
578
1597
917
1085
917
774
508
0
399
1024
268
268
869
0
241
1821
385
420
268
0
466
664
1995
420
385
403
393
251
0
1381
1092
781
442
0
0
1909
0
0
0
0
0
1793
1544
1304
645
566
869
420
1218
0
1085
1800
53
1344
420
1426
0
30
0
420
420
917
94
236
0
408
1704
0
273
950
1223
0
903
0
296
136
869
1632
462
385
1727
1268
0
0
449
40
350
1444
441
385
1604
0
1426
1764
1998
688
0
473
0
1074
1284
0
589
1488
1306
318
1686
547
1283
1074
0
247
1426
1400
1313
1674
0
950
0
1273
0
0
438
1356
702
1897
1625
0
950
1784
1130
0
0
177
296
318
0
349
1676
402
460
1091
420
1962
892
19
747
385
688
770
0
0
1426
1764
496
1973
713
466
1132
0
950
420
581
466
1719
1100
739
466
1067
1764
0
553
962
1130
0
245
0
385
1426
0
342
1793
0
403
1217
627
1065
1556
0
869
420
0
1831
1488
1832
19
1268
1024
1963
1308
0
273
441
411
1898
1130
0
822
466
1898
950
1764
385
116
747
466
869
1828
0
1304
971
986
0
0
632
950
626
0
6
0
1433
1794
1922
1268
1426
0
0
1412
420
0
1959
1608
0
1412
336
1578
1524
1019
1178
923
758
268
53
403
648
403
950
966
18
1085
501
1417
0
392
0
1250
0
1387
0
981
466
617
1268
1100
126
1808
0
1152
747
0
1629
251
1523
711
6
850
1943
0
1304
208
0
1568
216
1334
268
1381
571
0
0
1074
1426
453
1632
5
0
1063
420
1790
1832
921
1757
0
1030
420
0
205
739
1793
850
950
1793
0
0
0
1808
1268
0
1526
1652
466
466
1066
385
0
0
1553
420
1525
53
0
1426
703
1426
1656
385
0
0
0
1784
154
1130
0
0
0
1085
1085
0
420
0
894
1158
466
0
0
318
0
1877
0
1451
1787
1898
0
533
268
1673
0
1585
268
1662
0
0
392
884
698
0
1291
782
0
6
805
1814
1773
420
466
1278
917
1180
0
0
466
87
1060
0
0
802
420
0
0
1865
0
1484
1463
420
420
1518
0
0
1597
0
1664
268
126
1837
0
950
0
1526
260
0
1559
1381
0
1361
411
0
688
0
336
0
578
1281
578
781
707
1180
1152
950
169
1151
0
1764
903
1074
1484
268
0
268
0
161
430
1445
420
318
1581
950
420
0
1063
1061
420
1659
1686
1304
0
0
0
1006
53
0
420
0
1100
0
751
1973
565
420
97
0
466
0
6
1256
268
1421
0
1130
1180
273
466
496
0
268
390
496
420
1832
0
268
0
540
950
6
466
1604
403
1987
18
103
1006
960
1250
960
0
1250
0
0
0
537
950
1237
0
0
420
0
855
1602
1304
420
0
1248
0
1632
385
0
924
1630
218
0
1962
0
0
0
0
466
0
403
1632
0
1988
0
1604
1074
1828
1434
999
1180
999
1802
1860
980
1777
765
1602
1632
556
0
0
0
0
1308
1828
901
1652
283
1837
1268
53
1258
685
1216
420
1797
420
1267
0
402
19
0
0
0
385
635
268
420
392
48
1652
950
268
473
35
420
0
1267
619
496
1888
268
0
0
0
556
349
6
1074
1381
155
665
420
156
0
1074
292
1063
603
58
460
466
420
0
0
0
0
1955
1184
0
440
1146
578
1797
836
1464
268
0
64
513
0
0
126
420
1968
1152
0
385
325
336
6
936
1333
1981
578
1970
0
578
0
0
393
155
1833
0
0
0
1607
0
420
177
0
0
385
1025
268
1821
198
1426
231
58
0
547
0
1793
826
0
0
1074
1056
268
420
0
1427
0
0
1601
1132
0
989
1074
1757
1973
903
1632
619
1480
0
209
1026
0
0
0
0
1488
385
1130
420
1245
1581
0
0
950
0
1445
950
1832
1763
979
268
894
1074
1526
0
1040
1488
0
0
218
0
830
0
1014
901
1074
420
0
0
212
0
1294
917
59
0
53
0
901
822
0
138
1055
466
0
950
1543
513
68
6
892
1173
62
1898
1085
1575
1484
597
420
0
0
268
0
536
1085
268
1205
393
19
77
6
774
862
420
1746
781
1898
0
1958
0
417
1074
1055
1597
0
578
630
1793
0
161
0
1872
1281
1798
413
230
6
0
1632
35
1962
950
403
1441
1165
0
403
0
1360
268
1138
121
346
0
420
0
420
318
1798
420
0
6
296
386
403
0
0
876
1526
6
312
589
1024
1074
0
0
1426
473
385
1074
1055
0
1450
0
950
1074
420
1702
1024
1268
0
1831
1201
0
0
0
0
0
0
0
789
0
413
1998
449
0
1784
950
1130
950
1085
0
0
385
1393
999
578
0
0
1091
268
662
917
869
19
0
1523
1426
1288
0
0
0
0
420
927
0
0
739
224
0
6
650
0
0
0
1632
1458
1301
268
1117
0
0
641
0
1757
0
520
268
268
1042
1426
524
936
5
869
950
268
740
665
1656
0
0
1130
614
1381
917
0
950
0
1074
1053
1526
1761
496
1426
0
439
385
597
1041
171
0
1632
0
551
520
0
0
1652
172
1986
744
603
116
0
0
417
403
291
694
795
713
420
0
1412
0
1085
1414
1909
0
0
1977
0
393
1526
1055
58
0
688
6
0
0
0
1426
1606
419
0
950
0
35
268
0
0
1074
1480
0
1433
1871
1074
77
178
960
0
865
1566
126
1356
0
739
268
841
387
0
0
286
61
1977
950
0
0
1973
1754
0
420
1304
756
556
0
420
739
403
385
900
355
1085
869
0
558
1581
1973
0
0
756
53
420
995
0
0
0
0
0
1850
869
929
1291
0
199
0
0
0
1464
1632
296
1426
1976
19
0
1299
420
1421
76
268
1523
696
0
342
781
1463
1145
1764
249
0
524
97
92
0
1074
1307
0
466
420
1114
1585
774
950
1266
1085
0
1499
0
420
496
460
1688
869
664
58
583
960
0
0
1005
1085
804
0
0
703
403
1494
752
934
1510
547
513
1282
0
917
0
1821
1179
1100
1050
895
208
496
793
0
385
0
1346
493
0
486
420
617
1613
268
1360
862
30
638
420
785
0
950
0
0
1795
0
0
1173
0
237
1604
0
0
1596
268
321
0
0
1828
403
0
1304
0
6
268
0
0
236
1031
1180
950
471
268
0
0
0
0
486
0
1092
420
1986
1581
652
1525
0
745
420
403
0
6
982
47
1085
1025
804
420
1426
471
0
35
285
395
0
385
1793
0
0
1250
1085
0
1656
1801
536
924
0
