2000 1574
2 1 0 0 1 1 0 1 0 0 0 0 1 0 1 0 1 1 1 0 1 0 1 0 1 0 1 1 1 0 1 1 1 1 0 1 1 1 0 0 1 0 0 1 0 0 1 1 0 1 1 0 1 1 0 1 1 0 0 0 0 0 0 0 1 0 1 1 0 1 0 0 1 0 0 1 0 1 0 0 1 0 0 0 1 1 1 0 0 1 0 0 1 1 1 1 0 1 0 0 0 1 1 0 0 1 1 0 0 0 0 0 0 0 1 1 0 0 0 1 0 1 0 1 0 1 1 1 1 0 1 1 1 1 1 1 0 0 1 0 0 1 0 0 0 1 1 1 0 0 1 1 0 1 0 1 0 1 1 0 1 1 0 0 1 1 1 1 1 1 0 1 1 0 0 1 0 1 0 0 0 1 0 0 1 1 0 1 1 0 0 1 1 1 0 0 1 1 0 1 1 0 0 1 0 0 1 1 0 1 0 1 1 0 0 1 1 1 1 0 1 1 1 0 0 0 0 0 0 1 1 0 1 1 0 1 0 0 0 1 1 0 1 0 1 1 0 1 0 0 0 0 0 1 0 1 0 1 1 1 1 0 1 0 0 0 1 1 0 1 0 0 1 1 1 0 0 1 0 1 0 1 1 1 0 0 1 0 1 1 1 0 0 1 1 1 1 1 1 1 1 0 1 1 1 1 0 1 1 0 1 1 1 0 0 1 1 0 0 0 1 0 0 1 1 0 1 0 0 1 0 1 0 0 1 0 0 1 1 0 0 1 1 1 0 1 0 0 1 0 1 1 0 0 0 0 1 0 1 1 1 0 1 1 1 1 0 1 0 1 0 1 1 1 1 0 1 1 1 0 1 1 0 1 1 0 1 0 1 1 0 1 1 0 1 1 1 0 1 0 1 1 1 1 0 0 0 1 1 1 0 1 0 0 0 1 0 0 1 1 0 1 1 0 1 0 0 1 1 1 0 1 0 0 0 1 1 1 1 0 1 1 1 0 1 1 1 0 0 1 0 0 1 1 0 1 0 0 0 0 1 0 0 1 0 1 0 0 0 1 1 0 0 1 0 1 1 1 1 0 1 1 0 1 0 1 1 0 1 1 1 0 1 0 0 0 1 1 1 0 0 0 0 1 1 1 0 0 0 1 1 1 0 1 0 1 1 0 0 1 0 1 0 0 0 1 1 0 1 1 1 1 1 0 0 0 0 1 0 0 0 1 0 1 1 0 1 0 1 1 0 0 1 0 0 0 0 1 0 1 0 1 0 1 0 1 0 1 1 0 1 0 1 1 0 1 0 0 1 1 1 0 0 0 1 1 1 1 1 0 0 0 1 0 0 1 0 0 0 0 0 0 0 0 1 0 0 0 1 1 0 0 0 1 0 1 0 1 0 1 1 1 0 1 0 1 0 1 1 1 0 0 1 0 1 0 0 1 0 0 0 0 0 1 0 1 0 1 0 0 0 1 0 0 1 0 0 0 0 1 0 0 1 1 1 0 0 1 1 1 0 1 0 1 0 1 1 1 0 1 0 0 1 1 1 1 1 1 1 0 0 1 1 1 0 0 0 1 1 1 1 0 0 1 1 1 0 0 0 1 1 1 0 0 1 1 0 1 1 1 0 0 0 0 1 1 1 0 0 1 1 1 0 1 0 1 0 0 0 0 1 0 0 1 1 1 1 0 0 0 1 0 0 0 0 0 0 0 0 1 1 0 0 0 1 1 0 0 1 1 0 0 0 1 1 1 1 0 1 0 0 1 0 0 1 0 1 1 0 1 0 1 0 0 1 0 0 0 0 0 1 1 1 0 0 1 0 1 0 0 0 1 1 0 1 0 1 0 0 0 1 1 0 0 1 1 0 1 1 0 0 1 1 1 1 0 0 0 1 0 1 1 1 0 0 1 1 0 1 1 1 1 1 1 1 1 0 0 1 0 0 1 0 0 0 0 0 1 0 1 0 0 1 0 0 1 0 1 0 1 0 1 0 1 0 0 1 1 0 0 1 1 1 1 0 0 0 0 0 0 1 0 0 1 0 1 1 0 0 1 1 0 1 1 0 1 0 1 0 0 0 1 1 0 1 0 0 1 0 1 0 0 1 1 0 1 0 1 1 1 0 1 1 1 1 1 1 0 0 1 0 1 0 0 0 1 1 0 1 1 1 0 1 0 0 0 1 1 0 0 1 0 1 0 0 1 1 1 1 0 0 1 0 1 0 0 0 0 0 0 0 0 1 1 1 1 0 1 1 0 0 1 1 0 0 1 0 0 1 1 0 0 0 1 0 0 1 0 0 1 0 0 0 0 0 0 1 1 1 0 1 1 1 1 0 0 0 1 0 1 1 1 0 0 0 0 0 1 1 1 0 1 0 0 1 1 1 0 0 1 1 1 0 0 0 0 0 0 1 0 1 1 0 0 1 1 1 1 0 1 1 0 0 1 0 1 0 0 0 0 1 0 1 0 0 0 0 1 1 1 1 1 1 1 1 1 0 1 0 0 1 0 1 0 0 1 1 1 1 1 1 0 1 1 1 1 1 1 0 1 1 0 0 0 1 1 0 1 1 1 1 0 0 0 1 0 0 0 0 0 1 0 1 1 0 1 1 1 0 0 0 0 1 1 0 1 1 1 0 0 1 1 1 1 1 1 1 1 1 0 1 1 0 0 0 0 1 1 0 0 0 1 0 1 0 1 1 0 0 0 0 1 1 0 1 1 0 0 1 1 1 1 0 0 1 1 1 0 0 0 1 1 1 1 0 0 0 0 0 1 1 1 0 0 1 0 0 0 0 1 1 1 0 1 0 1 0 1 1 0 1 0 1 0 1 1 1 1 1 1 1 0 1 1 0 0 1 1 0 0 1 0 1 0 1 1 0 0 0 1 0 1 1 1 1 0 0 1 1 0 0 0 0 0 0 1 1 0 0 1 1 0 0 1 0 0 0 1 1 1 0 1 1 1 0 1 1 0 0 0 1 1 1 0 1 1 0 0 0 0 0 1 1 0 0 1 1 0 0 1 1 1 0 1 1 1 0 0 1 1 0 0 0 1 0 1 1 0 1 0 1 0 1 0 1 0 1 1 1 0 0 0 0 0 0 0 1 0 1 0 1 1 0 1 0 1 0 0 1 0 0 0 1 0 0 0 1 0 0 1 0 0 1 1 0 0 0 0 0 0 1 0 1 1 1 0 1 1 0 1 1 0 1 1 1 1 1 0 1 1 0 0 1 1 1 1 0 1 0 1 0 1 0 0 0 0 1 1 0 0 0 0 1 0 0 1 1 1 1 0 0 1 0 1 1 0 0 0 1 1 0 1 0 1 0 1 0 0 0 0 1 1 0 0 1 0 0 1 0 0 0 0 0 1 0 1 0 0 0 0 1 0 1 1 0 1 1 1 1 1 0 0 0 1 0 1 1 1 1 1 1 1 1 1 1 1 1 1 1 0 1 1 1 0 1 1 1 1 0 1 1 0 1 0 0 1 0 1 1 1 1 1 0 1 1 1 0 1 1 1 1 1 1 0 0 1 0 1 0 0 1 0 0 0 1 1 1 1 0 1 1 0 1 0 0 0 1 1 1 0 1 1 0 1 1 1 1 0 1 0 1 1 1 0 1 1 1 1 0 0 0 0 0 1 1 0 1 0 0 0 1 1 0 0 0 1 0 0 0 1 0 1 0 0 0 1 1 1 1 1 0 0 1 1 0 0 1 1 1 0 1 0 1 0 1 1 1 0 0 0 0 0 0 1 0 0 0 1 1 1 0 1 1 1 1 0 1 1 1 0 0 0 0 1 0 0 1 0 0 1 1 0 1 0 0 0 0 1 0 0 0 0 0 1 1 1 1 0 1 1 0 0 1 0 1 1 1 0 1 1 0 0 1 0 1 1 0 0 0 1 0 1 1 1 1 1 0 0 1 1 1 1 1 0 0 1 1 0 1 0 0 0 1 1 1 0 1 1 1 0 1 1 0 0 1 1 0 1 0 1 1 0 1 1 1 1 0 1 0 0 1 0 1 1 1 1 0 0 1 0 0 0 0 1 0 1 1 0 1 1 1 0 0 1 0 0 0 1 0 0 0 0 1 0 1 0 1 1 1 0 0 1 0 0 1 0 1 0 1 1 1 1 0 1 0 0 1 0 1 0 1 1 1 1 1 1 1 0 1 0 0 0 1 0 0 1 0 1 1 0 1 1 1 0 1 1 1 1 1 0 0 0 1 1 0 1 1 1 0 1 0 0 1 1 1 1 1 0 0 1 1 1 1 1 1 0 1 0 1 0 1 1 1 1 0 0 1 1 1 1 1 1 1 0 0 0 1 1 0 1 1 0 0 0 1 1 0 0 0 1 0 0 1 0 1 0 0 0 0 1 0 0 1 1 0 0 1 0 0 0 0 1 0 0 1 0 0 0 0 0 0 1 0 1 0 0 0 1 1 0 0 1 0 1 0 0 0 0 1 0 0 1 0 0 1 0 0 1 0 1 1 0 0 1 1 1 1 1 0 0
1708
20
310
156
1830
1551
287
421
1803
875
1444
1708
1005
1803
1459
15
60
68
1582
772
1353
346
0
727
909
226
1301
1397
1950
631
1390
285
1033
1239
168
628
589
1800
1969
1531
1727
959
1573
1170
1277
810
1239
153
1740
1173
328
1582
1493
1591
1522
1801
1515
91
1115
749
1088
717
1295
1110
1805
1857
1927
1883
658
1814
698
437
242
1522
726
505
1073
254
1781
794
629
1326
1352
1231
251
1797
1757
1464
1036
1779
375
462
58
506
560
965
36
1653
365
1427
1416
1791
1136
804
1206
677
819
1514
1543
1830
463
1321
481
1601
407
234
128
1740
237
1211
53
148
1817
1793
1870
1791
1454
667
1918
1577
683
752
1388
254
1520
1768
1604
1198
1534
153
168
714
726
368
1298
728
1888
354
136
1648
1976
71
925
696
816
281
1981
1191
1949
1459
1847
1976
742
1544
392
60
681
1827
589
1569
807
1870
1087
162
1864
1331
749
1852
1382
1957
1387
942
178
336
768
1595
1132
1631
1490
1385
1208
385
1230
1606
452
1520
901
669
716
1948
1379
1365
555
444
1017
700
1524
1087
1405
132
1387
1992
707
1197
1903
559
1648
497
134
383
1310
265
1382
1455
158
853
630
1080
1805
1357
152
457
1115
1427
57
1136
807
693
1850
53
1202
733
154
1294
420
1175
1379
1833
1309
1339
150
379
1905
1645
821
749
1529
1089
1379
1828
655
1510
1345
587
667
790
1262
861
1708
529
812
35
256
564
61
1770
698
1905
1884
1942
1143
1609
1316
1033
28
949
670
1246
1735
1270
980
495
1645
1742
1166
1456
783
1248
642
956
591
14
574
489
1826
1608
443
983
23
168
1708
1464
814
1721
641
1729
1853
1653
439
378
1382
873
1552
364
1684
936
1108
516
658
1099
178
572
1221
1330
797
533
1337
1878
476
1004
355
782
796
43
795
1934
1435
1565
809
569
204
1962
1274
420
1826
1920
16
1971
165
628
1537
767
1981
508
1135
1195
0
589
603
1464
862
1758
1005
795
652
530
748
801
1382
1330
805
1036
1079
1730
1454
168
56
480
1330
981
1415
807
1528
725
432
529
1798
1221
878
1696
1790
480
1843
545
13
1799
349
1810
517
172
1632
1857
755
569
368
826
1981
1233
398
679
972
1120
1904
798
152
1703
191
651
127
1299
970
965
652
512
1555
687
1337
1443
561
1792
741
1899
375
1352
632
1091
298
939
391
1804
627
1153
782
778
185
941
1911
978
31
1653
1366
1587
1362
1804
441
955
1759
1069
187
395
201
1932
1795
1170
1198
816
623
904
1102
1570
996
652
140
955
1561
89
191
1948
527
1916
445
788
1105
1230
0
868
342
1240
334
667
1950
1650
1937
356
1771
0
253
809
1305
1520
544
376
495
362
555
1827
891
451
942
796
1175
1683
1491
537
1080
700
1582
1175
1531
1379
1413
124
996
28
1730
44
1244
669
1698
207
1818
941
448
1795
856
801
1483
1962
233
1950
33
517
883
1832
533
1723
253
760
1166
1534
1980
226
155
1911
1287
118
605
1490
1307
901
861
1609
453
540
1161
282
1147
1516
591
391
1476
1552
1573
1234
1014
1796
1585
1501
904
1012
963
1740
1715
1262
982
1086
1544
361
1329
571
1375
1199
1981
765
228
769
1899
696
1764
165
929
542
1753
807
589
1443
805
1173
1459
614
1312
126
154
1165
1324
1121
854
500
1016
1552
852
1490
1549
1924
1976
1647
1562
788
809
1295
437
918
1363
1628
1112
1667
1821
1316
1408
529
1425
527
949
1948
1944
1220
633
124
530
1820
1286
1595
1043
1459
486
126
1522
1814
641
1582
788
1088
1148
535
1426
1150
687
1643
1805
220
1617
348
987
923
437
505
1653
525
742
1141
820
985
1132
626
436
328
700
614
140
521
367
1671
1795
384
1870
861
1573
306
1900
631
783
1654
17
840
1526
1147
136
1144
931
814
9
1087
1062
1779
448
1728
1080
281
1191
136
232
1352
1934
787
632
1989
1201
305
1397
769
1289
1175
439
749
1101
1242
975
942
1132
871
720
942
1825
996
375
351
152
816
1692
1404
1796
495
1850
909
1771
1092
0
1702
1524
652
1441
14
1441
1935
1208
1131
443
942
931
1577
1800
1582
1830
1511
1516
578
354
1531
669
497
667
374
1081
1522
1838
514
1790
212
1416
1802
1949
1805
418
497
1393
323
0
516
891
482
1903
710
169
1810
908
328
1550
1717
564
998
380
1545
135
1632
187
1648
1221
529
1516
687
305
1972
1163
386
1178
1441
794
1586
31
1804
1759
1868
1514
1577
165
1416
1092
552
878
201
50
782
1208
258
117
646
1476
1088
1613
1929
951
189
1986
1805
443
1864
762
1851
1153
1295
18
1771
132
12
213
124
1980
1934
1516
1543
851
1565
1382
1791
1058
1640
49
795
401
802
1800
1250
621
126
1788
66
1398
1827
33
1522
1224
1517
982
1088
1454
1810
742
765
1582
222
1815
1801
185
350
1784
1513
1771
47
939
1206
942
767
552
870
0
1474
23
386
757
328
119
201
1037
1671
156
281
380
1037
1337
527
61
1043
1729
557
1143
715
1630
31
1850
1430
1331
1397
153
790
1031
845
482
328
1904
905
16
1399
1312
1768
1805
806
192
60
1108
0
415
425
888
1551
476
1702
1056
1128
1685
1725
135
1288
1834
1238
1277
1666
1753
1960
1299
1784
765
564
164
392
942
1430
909
1648
148
1324
82
141
882
1887
677
123
820
245
239
1436
70
913
801
1005
62
1949
1211
965
401
1034
903
218
87
1826
601
1533
1205
1931
760
256
1454
1215
674
1145
1071
168
256
1115
1960
1382
1853
762
1352
1300
1197
1911
791
34
1375
28
1768
265
792
1399
1964
1854
1725
1703
1031
1804
1268
318
188
1229
1326
527
797
1878
908
1606
1115
1449
1330
1643
1202
1374
1597
534
254
988
755
1917
963
379
1398
1230
652
482
1357
1389
265
917
1629
1433
1047
510
55
858
514
1420
187
415
1671
988
1347
1485
403
801
1206
1141
1796
1790
359
521
239
1253
1098
354
1610
1520
678
1098
998
1276
444
1852
1959
1088
1522
539
419
794
1841
38
1899
1056
1206
564
156
965
1791
520
506
1360
1148
681
349
664
678
1903
215
156
1850
1887
1852
1433
514
243
1788
1741
939
1297
478
971
381
1430
1358
13
336
1337
368
979
1232
1230
1043
933
1090
941
518
1852
1493
500
139
1531
809
1427
991
482
1102
807
909
486
1973
1569
1973
83
1444
1295
1245
460
389
1263
1796
921
1046
1043
1569
141
940
1244
1516
1104
1373
1969
215
994
765
1814
674
1522
791
1859
759
1932
1427
1837
1300
176
271
1609
762
1929
500
1684
341
945
1491
33
527
998
73
1910
1095
41
1667
1476
1530
678
1043
431
1832
521
239
1339
1626
920
1508
1950
752
671
75
420
1170
303
589
1822
254
622
763
1591
350
201
727
362
1054
1647
128
706
762
1677
928
110
1675
1779
794
837
858
1516
1352
1932
807
1062
794
1561
965
52
795
213
862
648
1903
1051
527
1491
1174
1853
1850
1039
1333
1404
1199
909
1239
1823
271
925
1128
1419
1597
1584
1087
1289
207
1197
1451
374
1577
1075
9
1903
1850
1181
1939
1898
210
345
1934
664
1518
1492
258
1648
1051
96
904
891
83
913
1827
949
482
0
1154
1599
562
1311
1552
1639
700
752
148
233
1399
185
1964
1357
1143
1609
61
1405
1763
1315
810
1621
1871
1647
1204
1288
1805
1004
1905
1573
1436
885
930
443
742
1727
156
1487
1624
195
1776
540
1842
1080
1976
1382
346
427
495
144
589
1903
1708
278
1114
1066
1364
338
1859
1837
582
668
196
670
912
991
939
1697
1498
679
851
1469
1048
925
457
1221
762
1805
661
700
398
47
762
670
1014
16
1653
916
1098
861
1700
420
1189
909
103
377
820
81
529
402
1719
675
1648
763
762
578
578
1277
660
1784
963
1799
1206
735
1474
837
1312
1588
1490
1462
835
444
1901
1430
904
251
1082
384
1373
690
88
1439
1416
292
1239
1110
1674
861
1960
957
1469
1649
1101
1321
982
338
1514
479
820
598
1310
1005
1103
1919
837
1552
1739
1535
954
393
489
860
1708
1771
969
1606
910
1838
137
1352
420
1653
1691
1230
687
1908
582
757
648
386
1573
1239
392
218
1996
1111
420
670
1024
1276
119
1239
1042
1520
172
690
367
1573
801
1087
913
355
765
1979
1814
1375
726
60
1249
1236
934
744
154
1833
1103
15
988
330
86
359
1175
1776
755
587
1043
1240
801
1565
1594
0
387
1208
802
187
1687
405
1263
405
918
196
1726
749
732
1079
426
844
1541
862
22
1387
1439
68
538
861
1271
1650
1312
767
392
1274
61
1337
1660
1405
186
1332
1890
1218
251
1976
481
854
727
1738
754
1624
1258
1803
1527
1455
368
1879
1912
594
1216
1331
13
1343
335
1816
1533
999
1544
693
1327
1803
1771
910
6
315
1573
0
211
1591
328
1122
1738
20
1399
778
589
741
1481
1262
1016
191
1278
1929
1469
415
742
314
1135
848
677
152
395
368
381
598
209
328
1768
1657
969
728
1638
1977
1211
854
668
760
859
489
909
65
395
1360
147
1439
1477
168
796
1510
1763
1331
15
50
1352
1540
818
402
554
976
88
896
687
419
907
1302
653
1717
820
949
1667
83
1469
996
1324
813
1256
358
837
1487
1387
1830
1573
1960
269
678
495
1620
861
354
1934
1087
762
581
1454
68
687
1397
1134
1779
1043
515
1711
1544
1628
1943
802
726
1821
605
1800
1866
670
1188
239
1132
1864
813
898
794
110
1344
342
1211
1059
1685
1388
1654
1653
366
1387
1379
63
826
1516
1357
615
1669
1746
516
1840
1884
1791
1805
415
1305
732
908
1352
426
992
1905
207
13
962
1091
831
1708
1152
1228
392
1838
1966
1830
360
591
554
1430
1838
1850
1516
615
745
1911
921
1379
630
854
1675
1503
1977
732
687
996
698
82
1497
1513
1497
1113
1454
713
1249
0
630
1089
154
1382
999
157
384
1912
445
892
164
450
1855
1235
677
1850
575
1323
1617
1253
264
693
381
1921
1437
920
188
367
1054
1876
1952
1
663
987
278
75
1792
810
1157
587
1157
982
1692
1748
1924
1409
56
259
1087
1710
707
1460
1814
215
801
775
951
1903
572
126
1522
914
245
453
476
210
999
1195
516
1148
935
1524
1575
591
1426
1409
664
962
1850
1661
310
1654
1047
1043
1739
1563
1509
753
1325
237
1235
1966
1730
1746
1911
218
571
237
732
621
1427
979
1442
988
500
196
1493
153
1390
1043
85
1645
1087
630
119
471
456
1245
1235
1178
1771
1474
1949
1193
1217
346
996
1556
1784
1289
1710
822
1875
1509
719
1861
1249
1883
471
125
1244
1350
126
403
683
258
1822
775
227
