155
138
138
168
181
91
1
75
163
24
203
57
96
114
159
149
163
76
105
132
119
99
63
182
51
313
197
170
133
20
152
26
137
123
141
173
11
128
192
47
156
40
100
202
32
46
6
141
120
89
168
117
213
53
24
147
113
156
26
42
117
110
195
113
77
154
135
200
316
192
233
87
153
163
159
13
160
162
99
111
157
62
115
23
17
97
135
298
141
105
151
223
96
174
79
251
109
124
184
61
110
93
87
241
156
80
171
226
144
93
249
144
6
152
26
16
61
106
70
292
190
128
130
144
46
226
170
131
87
74
229
152
141
149
108
230
58
132
110
284
198
223
145
117
103
124
103
125
91
200
144
127
54
106
258
67
163
64
194
68
105
96
97
123
58
154
153
196
72
132
150
72
163
85
203
136
16
33
251
270
153
112
71
118
126
123
23
97
40
183
220
155
215
167
62
114
183
38
213
18
245
255
38
86
203
49
63
69
165
128
147
68
66
242
236
82
42
231
21
172
64
208
131
96
139
126
12
272
94
138
226
214
18
35
150
80
2
174
139
171
24
14
28
265
24
160
35
73
68
182
147
31
33
58
111
121
129
36
95
31
32
102
181
181
229
132
60
154
167
114
193
77
176
133
196
128
223
51
4
51
146
62
212
116
109
148
61
267
149
121
208
101
102
1
236
80
119
133
248
154
182
115
86
142
66
225
130
134
267
30
1
2
73
126
175
146
16
157
34
57
59
111
291
185
50
145
120
157
34
133
152
236
149
32
145
32
31
150
215
322
91
109
162
162
211
80
27
260
217
91
171
39
125
305
230
63
98
201
95
49
254
135
5
105
108
142
48
55
137
155
77
165
114
38
196
38
195
141
122
131
280
81
11
98
68
198
132
190
16
257
64
44
70
270
144
143
71
111
40
21
162
98
87
53
187
219
35
46
134
146
176
154
265
98
263
149
33
212
142
158
194
126
29
71
212
4
97
258
116
218
156
132
20
7
158
98
197
149
224
244
56
149
172
103
111
63
158
55
26
84
48
176
277
140
141
177
224
139
174
162
144
157
135
81
177
111
154
127
141
233
122
91
79
78
125
185
52
134
124
87
85
64
64
129
37
39
157
279
128
156
78
6
86
2
112
125
110
151
11
108
150
17
80
165
151
186
71
94
175
151
133
138
107
168
221
171
251
107
103
153
63
166
122
52
130
153
136
274
179
303
42
58
163
57
160
118
7
112
79
256
32
78
76
176
80
93
218
32
63
33
222
317
170
52
39
157
184
117
207
117
65
109
85
2
302
199
14
134
22
94
160
51
30
64
266
34
31
6
104
86
2
45
80
202
269
237
265
174
83
36
150
230
92
53
7
53
182
53
29
209
228
280
89
5
111
122
178
139
184
142
253
137
227
115
140
51
92
140
218
46
142
17
265
95
155
81
171
154
57
139
277
12
47
228
133
219
144
155
46
35
210
137
134
282
167
281
134
113
246
28
14
221
47
58
147
54
122
72
103
193
106
115
7
102
130
162
11
75
75
139
143
68
155
67
163
88
120
13
32
78
161
220
112
111
88
4
16
210
180
47
178
213
253
137
76
183
104
1
164
132
185
153
180
96
151
90
162
235
97
36
10
122
105
34
61
110
119
191
254
175
197
149
144
109
67
140
153
273
156
28
117
34
121
65
95
291
71
42
56
253
80
215
140
95
91
146
84
183
38
156
107
224
126
121
190
39
88
34
134
97
159
65
212
30
227
219
160
233
70
90
70
204
143
118
91
245
128
80
54
145
158
104
62
70
148
72
31
15
49
125
85
177
139
125
30
179
126
20
60
40
143
26
198
88
123
152
107
4
28
143
92
163
91
133
24
158
205
95
155
102
64
106
157
188
118
155
146
33
265
65
5
203
80
193
157
118
119
180
53
10
67
27
31
73
40
70
68
133
40
71
161
94
76
132
251
63
27
174
152
159
261
88
270
188
320
80
31
99
109
260
240
96
226
89
55
302
10
157
151
216
90
26
54
26
265
145
158
178
107
81
106
231
75
152
266
118
79
32
119
158
141
195
153
134
22
106
172
51
183
190
77
40
160
240
41
248
165
16
94
90
223
285
122
12
5
233
131
58
203
150
96
129
87
159
97
69
156
205
200
131
195
171
123
32
69
152
149
13
192
180
48
226
145
242
124
93
121
137
138
141
125
156
305
14
229
147
121
95
108
153
100
113
36
111
156
100
132
104
112
216
146
184
25
24
153
155
128
244
217
159
109
95
66
116
128
236
64
130
222
212
