326 1 1000
166
173 18
580 117
400 211
298 130
237 56
537 628
276 277
555 630
8 488
616 592
98 358
541 159
456 360
495 276
371 203
551 402
376 539
524 209
368 263
493 625
87 206
468 369
209 146
358 540
127 76
331 15
200 3
623 453
277 410
63 83
128 628
502 476
243 551
316 193
116 257
421 594
158 494
237 436
319 530
101 54
522 41
178 138
490 590
376 81
37 69
322 368
494 163
166 25
399 519
629 540
126 294
410 293
251 38
511 133
175 199
166 19
337 450
358 202
167 141
357 315
277 394
237 454
18 213
414 527
384 307
192 38
92 552
269 588
645 329
256 593
292 598
117 204
418 265
199 621
134 627
187 174
413 573
211 49
112 211
295 406
164 646
155 93
110 550
471 448
321 338
510 88
489 35
21 319
632 166
279 384
119 595
614 266
478 574
464 638
122 526
364 44
632 523
263 466
378 562
569 508
627 85
324 417
223 521
9 409
570 74
327 247
604 433
323 560
551 43
222 129
310 596
510 2
1 7
19 488
251 225
175 191
254 193
607 501
55 125
300 8
214 633
33 557
250 380
204 387
366 412
321 562
11 181
405 274
414 501
486 233
100 329
311 463
550 39
179 357
622 78
255 632
252 310
52 572
415 305
307 23
296 98
378 601
632 487
322 439
97 200
510 634
416 313
549 22
455 113
565 365
298 154
574 447
398 452
355 249
14 272
641 56
441 604
452 143
70 264
289 221
413 141
494 259
577 22
375 161
472 414
551 72
485 21
632 221
125 462
136 593
213 390
481 553
416 579
186 101
554 306
247 546
260 244
465 161
319 589
354 35
172 346
3 115
367 296
331 213
338 212
490 286
579 556
472 242
568 608
538 302
280 60
549 69
606 266
607 440
179 540
335 221
573 267
171 524
599 271
507 168
391 636
319 593
121 159
217 303
104 352
227 178
284 347
638 55
128 366
612 159
249 102
359 291
447 146
386 31
576 317
295 213
467 182
603 285
562 583
531 359
447 511
392 600
539 18
283 187
176 37
386 147
506 494
280 649
358 452
275 464
352 81
0 219
299 281
189 503
344 194
544 193
512 514
151 334
45 558
113 375
625 601
159 498
94 66
631 291
177 480
171 646
70 35
303 230
523 455
92 385
76 548
175 206
113 146
198 517
362 251
391 512
84 446
261 297
598 41
299 268
155 512
228 126
92 273
20 458
82 348
520 269
179 446
39 518
515 348
472 586
434 627
469 392
522 311
483 350
234 619
261 133
564 316
512 196
281 285
250 199
501 30
342 404
625 413
547 11
469 251
27 175
115 176
306 39
35 475
647 116
6 445
399 298
47 149
640 639
620 273
588 16
616 497
573 440
365 613
341 187
275 93
155 270
257 343
266 533
84 18
400 34
213 343
331 197
302 35
155 510
7 8
407 405
320 393
128 254
519 313
441 260
74 58
523 28
354 320
425 482
37 630
425 123
329 38
418 603
533 158
285 430
456 83
171 328
525 166
611 92
527 27
321 85
385 125
404 436
60 530
150 118
43 74
10 160
72 372
332 2
77 638
224 333
503 16
336 171
329 540
624 544
484 511
313 604
410 627
109 525
479 650
486 134
417 292
18 323
98 328
502 218
532 109
627 231
450 545
16 65
26 280
505 640
433 438
631 526
512 620
501 34
410 458
145 200
481 618
586 431
76 153
305 517
527 641
323 285
597 401
564 602
69 264
381 240
243 536
278 474
30 310
472 391
219 208
369 467
162 429
325 127
401 126
56 246
206 190
357 614
195 131
176 525
448 191
334 55
503 647
626 117
95 166
412 136
531 166
638 617
401 236
105 456
211 124
524 471
413 600
587 368
622 5
555 601
453 319
550 44
298 535
246 92
5 270
5 559
623 360
9 158
62 95
357 569
416 231
20 503
128 322
570 213
152 123
438 509
395 607
302 298
511 89
41 299
597 61
378 63
484 328
527 262
163 183
604 611
241 410
477 84
350 547
198 49
603 278
374 41
215 498
472 323
178 651
60 163
550 218
318 381
544 50
466 138
638 12
178 262
578 626
12 188
314 620
448 261
647 136
303 126
308 84
63 527
439 613
397 232
50 465
568 246
199 593
37 118
351 131
91 632
232 405
364 237
440 254
58 291
222 344
36 127
67 640
41 615
213 338
454 639
541 168
538 253
515 66
538 126
224 466
446 510
286 222
19 542
535 572
508 469
405 248
361 640
505 377
520 24
417 168
586 592
237 478
637 635
257 369
482 52
480 69
51 552
483 167
581 184
529 278
202 185
226 511
8 173
168 17
405 68
421 492
142 48
105 379
507 301
403 209
376 145
67 485
468 636
239 639
5 176
337 588
409 516
633 84
498 345
389 326
595 228
187 309
153 101
67 589
492 318
341 205
638 293
11 469
345 11
134 501
182 240
569 81
25 82
106 598
434 552
571 564
136 573
147 68
631 375
46 14
28 602
505 104
223 47
176 561
642 83
651 433
138 170
117 54
10 43
400 622
331 648
131 301
308 360
186 510
337 494
7 191
80 615
566 359
222 432
31 96
564 130
309 394
552 554
341 16
401 59
117 131
297 494
353 331
649 555
71 563
109 160
337 367
212 148
302 36
601 567
504 473
650 644
464 360
219 305
511 513
347 302
476 103
537 335
0 383
308 71
617 305
373 112
239 322
3 39
44 194
334 95
110 527
462 515
364 371
51 650
209 630
207 503
620 649
627 239
252 24
312 625
356 445
271 276
73 614
396 274
631 204
437 298
216 625
437 295
21 385
103 240
94 321
158 43
440 79
450 501
195 287
41 478
232 643
134 479
89 428
29 12
602 337
223 318
402 102
479 233
234 594
415 242
484 214
283 144
36 346
429 417
601 554
567 339
206 73
317 98
474 330
32 472
591 637
32 649
242 625
112 627
78 596
648 291
529 362
20 358
225 91
137 250
344 590
134 162
206 220
99 320
621 574
525 583
108 404
440 165
639 109
369 297
218 542
28 438
215 109
171 383
378 385
75 625
365 495
351 146
202 191
151 226
167 419
395 534
108 617
135 528
64 440
452 385
373 536
239 506
56 176
34 47
338 306
574 0
495 323
74 365
84 463
263 505
172 84
408 412
619 635
444 2
382 562
208 255
49 432
244 626
326 584
263 400
504 103
558 282
568 193
491 492
576 245
563 43
8 466
40 518
55 424
139 424
620 119
144 559
586 424
625 267
138 41
21 57
70 80
255 377
426 531
523 557
283 344
491 58
318 437
602 246
349 603
358 126
229 625
375 226
28 487
454 345
464 397
609 469
171 639
635 295
165 646
376 348
203 413
193 227
186 307
379 314
217 312
31 337
1 582
502 135
211 482
380 633
14 586
271 56
626 114
146 418
445 123
247 101
532 616
456 639
27 65
295 518
450 102
414 638
574 209
20 551
54 415
627 14
337 249
47 13
542 83
104 458
474 306
518 128
643 226
154 124
419 646
566 347
535 43
317 573
12 82
488 251
624 554
257 604
510 290
150 391
39 600
251 6
498 626
403 483
10 64
227 409
275 117
561 457
464 526
508 113
22 495
513 216
219 188
75 60
452 403
69 596
252 167
80 402
615 181
91 541
154 124
83 397
589 138
512 532
594 534
566 606
574 65
455 429
117 315
568 4
385 508
472 624
432 120
539 535
169 197
612 469
130 222
587 99
413 155
54 472
299 275
594 100
567 362
551 131
500 20
330 228
543 154
535 104
224 590
57 414
54 588
65 220
491 310
413 380
340 605
13 600
639 644
90 366
432 512
297 104
328 171
396 187
51 489
562 275
93 40
359 349
181 114
475 175
511 480
236 163
199 498
325 255
179 438
484 351
69 109
85 156
409 243
67 625
520 596
197 329
647 396
437 159
612 585
341 515
24 501
514 21
14 275
470 382
363 26
399 587
649 329
384 464
237 206
634 81
266 484
650 390
36 383
445 349
417 16
272 361
54 109
314 645
634 624
554 397
289 440
362 81
547 132
526 552
529 182
460 486
44 309
147 617
78 423
398 576
540 647
599 28
448 105
19 409
594 17
536 36
24 290
425 307
172 564
209 241
232 544
75 426
209 589
40 235
222 396
200 393
486 508
102 451
116 371
208 500
89 272
17 207
597 520
190 230
50 542
15 404
475 143
379 32
120 285
159 143
502 596
576 161
305 82
650 365
446 324
31 43
290 295
369 57
55 186
466 408
317 114
302 452
258 489
160 31
495 83
178 337
492 70
485 227
166 322
1 209
587 270
338 207
45 240
101 272
393 189
149 478
203 523
597 97
481 29
66 79
137 329
591 411
184 521
273 47
447 265
29 271
352 228
490 583
397 518
279 416
217 578
178 37
642 517
50 546
635 327
609 623
310 576
241 388
220 426
478 246
463 571
242 395
491 68
514 76
194 499
29 570
219 594
397 297
175 370
159 55
175 594
52 391
376 522
547 294
437 462
480 177
516 294
628 148
175 610
32 383
596 278
376 208
532 234
174 79
292 358
443 559
559 226
82 318
16 80
62 517
54 276
624 245
