168
122
63
305
329
198
13
47
161
78
181
242
127
259
154
176
152
10
264
193
120
75
147
96
304
199
68
204
328
320
156
16
173
108
17
204
155
189
97
166
19
47
282
35
196
211
223
242
292
183
290
114
139
194
169
22
112
11
41
132
143
72
130
31
289
202
383
209
257
261
16
116
69
131
102
109
267
13
77
54
246
163
175
121
185
201
34
33
67
205
7
317
66
82
142
198
56
157
281
42
151
272
251
173
107
310
183
97
280
94
109
14
118
63
162
34
260
343
132
103
321
106
101
313
180
384
164
231
35
153
168
142
77
179
307
359
161
162
188
359
139
136
176
160
156
31
53
139
103
130
139
109
63
60
189
310
29
89
34
89
268
144
279
36
81
93
323
36
21
199
188
304
7
129
294
266
17
6
271
140
197
204
300
188
26
144
119
89
239
51
152
191
222
18
147
29
184
142
140
175
68
93
2
171
101
75
21
118
98
151
127
15
87
160
307
178
18
182
186
366
189
103
379
22
135
329
324
177
132
128
165
169
101
80
170
9
218
67
224
297
152
99
172
257
197
9
73
142
74
214
120
178
171
123
55
59
131
87
178
118
40
351
40
78
310
95
222
114
177
320
159
156
188
259
203
221
143
201
200
75
93
185
78
234
116
140
194
163
190
133
199
227
344
28
68
241
121
15
198
61
319
179
62
76
237
166
157
158
217
186
136
110
160
33
103
199
172
158
224
4
115
97
96
196
144
26
230
126
118
167
209
173
168
186
192
101
329
186
52
112
155
59
3
124
16
59
161
216
275
262
163
353
56
118
169
148
129
113
341
193
161
208
178
148
38
162
140
240
9
285
194
248
91
99
71
70
156
86
113
117
182
266
267
140
19
105
73
75
335
86
233
166
161
175
117
219
186
37
322
160
33
126
101
24
321
266
228
118
36
164
178
66
21
218
288
171
147
195
128
337
25
343
70
121
3
43
215
119
304
58
159
247
132
9
376
44
230
77
142
225
191
45
27
155
296
299
322
65
26
126
188
27
272
74
54
136
10
315
119
352
17
30
158
98
133
201
165
47
64
85
197
33
58
252
210
147
111
220
233
138
197
197
25
342
273
80
74
126
252
167
127
103
195
390
194
343
107
39
199
81
177
24
132
22
234
157
305
197
85
96
124
6
50
128
86
183
191
102
62
113
218
92
33
234
208
26
69
179
65
151
365
178
181
349
275
98
280
73
191
53
191
188
28
54
107
162
97
215
152
182
90
296
198
203
192
32
260
19
160
98
118
174
116
117
48
172
211
13
34
104
71
175
123
170
335
126
330
138
192
146
309
284
181
128
25
20
116
135
203
90
154
165
191
37
236
279
179
37
121
229
109
240
163
193
4
80
132
65
49
125
275
103
165
164
155
236
193
93
284
103
45
83
65
129
188
171
60
42
22
218
148
173
83
24
132
187
101
296
92
173
9
192
102
137
42
71
285
324
212
199
47
243
162
215
196
142
278
79
341
165
94
139
221
38
283
231
99
159
351
81
101
135
211
112
140
103
125
314
133
127
198
80
177
306
378
90
158
303
102
106
104
97
15
315
245
181
307
114
124
266
79
243
201
223
174
4
204
114
165
163
57
56
65
132
246
113
139
70
199
106
313
126
182
11
150
153
180
189
106
71
327
162
196
126
232
164
161
304
105
240
81
104
143
12
122
104
164
163
68
318
259
10
165
50
175
36
227
137
235
270
254
191
120
52
155
181
116
306
225
92
242
346
8
69
50
139
220
37
14
23
249
12
146
21
182
267
159
98
17
273
149
53
158
244
315
235
230
227
366
22
208
283
159
260
166
115
205
361
355
140
106
163
287
113
131
251
110
73
9
243
97
41
134
169
47
55
172
73
211
109
114
83
189
170
139
34
95
299
213
105
23
138
232
11
28
81
87
193
123
3
78
257
33
182
72
208
142
123
42
11
239
323
141
162
174
116
240
145
58
311
161
190
288
321
224
35
335
206
264
169
59
80
216
96
211
315
55
192
236
169
53
280
160
167
156
99
197
156
255
95
28
148
249
159
179
115
106
176
188
149
189
299
151
92
261
56
124
87
130
249
157
158
251
364
114
94
37
108
190
283
271
229
104
135
215
183
190
356
196
42
149
149
26
151
115
186
127
140
305
109
147
188
102
122
272
107
167
138
30
96
23
39
25
23
197
182
357
125
330
49
251
254
106
278
165
48
192
113
253
45
238
189
14
24
141
278
52
294
188
216
88
114
307
109
269
72
67
107
130
25
