397 1 1000
103
256 424
792 670
620 683
228 717
248 713
361 163
28 41
149 102
692 531
493 173
353 70
236 788
243 116
771 236
228 528
780 604
504 656
497 487
569 297
134 339
162 42
569 644
443 192
494 192
639 267
329 528
685 617
783 193
358 712
316 636
539 383
756 772
385 46
293 401
548 565
122 712
611 766
446 257
637 540
82 248
742 723
420 467
780 336
37 72
589 209
159 654
527 298
638 206
706 400
462 279
303 593
88 598
42 423
708 514
212 441
516 98
466 578
729 740
514 129
139 405
397 64
582 654
792 128
532 563
687 398
370 32
708 307
66 329
682 425
618 245
769 753
13 691
555 624
139 594
89 191
591 120
623 246
506 493
280 203
499 553
548 302
177 14
464 759
538 21
189 374
290 89
545 579
776 15
66 133
636 171
498 491
647 272
347 413
478 396
202 344
525 327
702 758
504 661
330 787
661 703
184 431
316 588
194 659
321 148
773 86
698 214
43 654
469 38
355 635
395 301
428 319
501 91
59 735
739 8
472 764
538 572
36 308
658 287
765 633
616 513
319 758
223 117
163 264
668 247
561 741
290 700
119 353
308 65
326 361
714 561
578 746
25 167
612 535
567 746
610 299
689 330
407 170
393 555
242 452
293 668
163 422
111 769
152 770
661 501
584 740
476 109
97 454
464 325
172 275
156 424
412 273
622 731
491 554
515 455
644 59
717 371
642 613
576 91
80 510
584 673
350 780
372 228
300 21
293 329
788 707
298 391
368 707
118 520
498 519
103 698
231 559
728 366
356 349
481 788
335 769
359 625
599 616
252 258
720 407
179 563
142 343
664 142
725 231
361 549
58 84
712 568
425 146
261 172
143 698
578 629
545 697
629 164
790 218
769 751
103 354
408 379
583 399
636 108
539 3
72 691
81 149
80 431
102 100
342 91
273 374
152 475
521 542
743 67
364 266
1 548
564 165
710 695
763 56
591 431
300 609
121 737
71 89
311 129
241 547
285 683
241 450
552 53
306 685
667 689
300 435
363 692
280 646
741 520
410 542
320 192
571 736
246 77
219 320
498 578
771 457
305 296
651 169
537 604
235 11
665 368
162 314
507 408
99 721
589 270
334 133
712 703
390 317
497 639
26 100
604 212
257 137
227 553
206 433
2 479
446 391
543 602
175 306
548 635
380 46
602 118
399 439
732 315
421 381
109 31
319 629
698 603
145 717
429 543
654 37
771 307
161 2
487 755
136 346
629 232
725 134
637 186
509 366
184 619
474 724
48 767
656 563
529 258
41 119
741 181
493 377
62 202
497 691
245 82
733 525
204 337
79 674
349 28
682 338
441 413
303 371
321 42
86 397
628 613
43 637
319 380
311 630
549 232
670 608
101 177
194 645
301 467
343 500
196 436
230 589
525 263
364 500
178 288
14 648
523 112
331 434
314 91
444 218
637 479
307 531
687 691
496 787
482 385
773 75
453 257
406 152
769 1
385 615
788 516
156 436
25 652
425 764
600 175
483 747
520 706
111 303
146 45
355 684
401 215
312 260
760 648
36 587
657 598
466 469
709 585
373 389
8 67
580 183
65 281
353 770
388 748
571 12
739 306
300 244
791 511
503 334
506 756
677 548
420 71
290 743
527 268
71 372
9 217
762 146
403 551
169 207
250 486
547 687
707 153
107 98
610 325
315 95
667 419
22 113
34 729
581 510
585 515
685 529
160 246
21 530
487 206
691 509
685 419
190 717
793 653
437 418
273 378
66 535
252 177
709 354
616 702
676 159
104 664
329 490
98 273
176 59
650 431
297 111
396 359
650 274
758 520
254 287
485 787
498 397
648 672
715 362
587 321
352 24
596 478
618 654
46 210
675 497
203 137
595 616
772 196
650 240
117 740
443 296
163 634
193 65
734 327
257 232
335 720
182 252
746 625
114 117
489 134
594 223
125 244
264 642
99 553
189 428
51 306
3 531
4 13
693 317
133 487
659 429
349 426
308 450
668 443
328 121
756 7
77 500
644 113
773 329
636 337
758 286
106 439
442 468
787 485
591 7
629 656
325 597
630 704
224 170
52 416
108 118
286 765
311 192
262 692
184 167
592 622
674 516
569 75
363 496
589 388
211 444
20 767
560 106
557 76
247 552
695 728
654 596
762 384
527 285
445 592
516 627
257 565
457 690
526 664
264 465
680 87
180 155
657 287
18 313
569 93
72 542
93 615
219 761
450 781
87 214
494 391
61 256
301 705
573 767
656 289
53 160
270 309
368 37
254 335
77 650
708 684
552 420
592 570
602 368
364 207
745 348
790 193
74 159
18 716
699 575
367 373
307 257
201 329
474 560
304 487
580 771
130 232
51 509
302 415
757 423
383 291
672 639
293 543
519 291
695 721
144 213
61 364
440 99
370 521
314 679
120 340
610 791
736 313
643 234
456 554
397 721
140 535
2 589
12 65
511 702
45 233
476 448
452 98
760 653
349 113
91 788
40 349
10 652
344 128
477 37
720 382
109 705
178 769
361 51
117 85
40 300
260 241
613 149
177 79
147 427
271 495
595 83
529 412
79 31
149 375
81 292
289 276
78 44
66 566
674 603
315 140
197 528
294 124
689 354
228 354
248 712
359 497
432 624
475 329
352 661
320 604
244 63
497 773
77 52
192 172
566 682
523 786
646 159
454 146
121 275
315 150
213 420
210 247
349 19
369 648
768 589
119 520
4 521
459 688
658 767
423 663
543 380
237 430
158 162
73 153
771 505
481 546
263 214
569 444
675 202
518 415
27 656
443 209
604 153
271 567
141 346
172 477
780 270
297 400
364 319
210 127
731 666
189 318
539 727
35 658
149 209
23 65
201 223
475 693
185 333
250 423
295 378
290 314
423 49
233 420
421 522
631 335
364 456
329 502
755 746
791 415
67 435
531 394
526 568
98 435
10 309
295 765
44 256
8 603
118 469
213 632
557 793
408 623
112 308
550 194
645 367
85 164
288 741
476 243
267 361
486 347
204 777
717 679
621 264
21 252
469 568
674 39
300 743
452 135
555 454
181 46
768 419
170 282
200 542
353 456
136 591
366 680
214 479
758 91
773 575
268 188
518 261
714 226
303 681
712 622
330 488
615 290
461 41
424 132
581 81
0 697
89 104
622 307
695 450
269 514
378 685
133 247
465 191
763 369
161 520
167 718
71 332
58 281
626 150
336 340
218 588
548 168
624 459
193 428
111 168
70 126
222 157
48 180
675 429
62 743
574 713
344 414
687 114
529 635
341 744
491 219
595 777
420 431
153 3
639 792
580 400
168 623
500 792
676 747
312 759
139 625
218 420
543 669
668 166
82 712
607 446
653 349
103 208
217 625
607 526
12 702
445 16
117 129
460 22
280 176
657 97
599 762
25 751
349 667
219 642
95 499
593 428
53 103
364 141
140 176
430 741
452 15
59 294
315 585
677 179
39 626
429 549
581 633
235 390
689 76
545 173
747 345
634 409
590 682
721 435
724 276
677 669
772 703
478 130
544 683
560 340
211 174
561 575
278 301
373 622
100 492
769 121
204 225
594 16
421 688
410 171
175 475
368 351
233 754
42 191
91 540
400 242
291 555
653 264
278 43
404 764
534 307
272 700
500 522
669 141
393 722
591 170
751 387
6 634
97 392
701 492
306 731
274 713
639 499
543 41
150 313
606 283
524 191
570 163
361 612
49 445
110 435
504 107
22 339
491 190
528 115
583 53
78 357
478 525
528 129
130 356
3 724
259 48
555 446
572 686
117 200
776 587
235 463
594 147
631 597
312 407
246 655
563 252
489 10
71 94
127 387
346 578
758 769
128 502
753 672
618 531
776 429
298 421
613 616
524 50
164 701
700 667
8 414
744 22
211 3
686 544
567 158
779 737
363 352
389 770
299 770
15 552
674 42
259 433
478 10
434 674
492 761
200 258
725 242
241 402
624 168
337 625
673 352
408 632
529 564
675 340
91 307
377 757
277 108
257 198
201 121
671 455
451 57
300 89
374 689
357 412
198 596
247 11
202 569
530 81
317 597
241 81
88 349
519 363
639 738
744 543
177 333
30 319
505 14
174 202
5 153
790 359
374 533
89 268
595 710
489 9
452 276
319 131
546 397
262 529
318 617
116 759
30 732
192 671
468 126
516 790
414 501
50 180
728 183
517 758
219 61
777 234
305 729
701 21
83 177
727 764
554 446
534 258
339 776
652 221
290 61
650 546
128 787
748 435
290 107
526 734
284 674
30 226
300 342
457 308
9 654
547 521
746 595
790 675
788 602
125 252
376 236
735 246
287 396
55 598
735 547
723 621
565 159
324 596
211 104
212 45
303 441
503 473
518 26
364 387
116 77
492 517
683 660
272 473
38 384
303 738
216 489
274 738
751 702
557 296
261 595
680 574
242 638
95 260
92 536
282 512
206 509
416 729
661 706
255 585
202 411
93 107
654 678
730 589
713 407
141 89
262 762
167 355
563 347
17 723
521 11
736 249
96 399
423 706
703 775
343 410
422 315
164 34
591 566
