27
16
20
23
25
29
23
7
24
9
34
2
28
14
35
25
31
7
7
30
31
7
27
8
31
24
6
36
38
27
4
30
10
24
28
18
19
18
33
7
41
33
33
23
1
35
19
23
28
32
32
5
16
40
18
10
7
31
12
15
17
41
3
6
4
32
39
22
16
21
10
16
8
30
16
15
32
39
11
13
15
1
28
6
16
3
8
17
19
19
2
24
9
25
3
5
4
7
37
33
10
31
21
37
39
23
19
14
11
6
31
40
37
17
35
6
2
7
24
22
13
31
3
20
31
36
34
11
36
18
29
29
25
37
38
41
18
20
35
37
15
22
5
34
2
1
10
33
16
37
8
2
36
18
37
24
23
19
1
35
32
26
39
8
20
32
13
21
40
10
3
31
40
3
5
22
39
16
39
17
19
15
29
30
34
27
16
17
1
25
37
26
17
15
3
1
6
13
22
36
5
2
31
3
29
3
36
29
38
36
4
2
5
4
22
18
29
18
21
35
10
24
34
27
3
9
33
16
8
19
32
12
34
20
34
6
29
18
35
41
21
21
35
25
36
34
35
17
25
8
6
40
12
29
33
17
22
17
26
32
19
22
8
19
1
18
4
11
23
14
32
34
32
9
14
18
27
5
21
36
33
22
11
29
26
9
29
32
15
28
31
37
37
7
27
17
4
9
21
1
8
2
28
2
23
40
14
2
3
5
9
13
26
7
41
29
19
12
6
8
16
18
36
18
18
33
29
17
7
32
37
39
18
9
14
40
34
13
37
32
5
12
37
40
5
34
11
39
31
18
14
34
39
25
30
25
37
12
22
22
4
11
10
9
10
24
40
7
37
14
26
29
19
24
33
7
15
2
41
28
20
20
28
19
36
9
14
38
33
40
40
15
9
19
8
38
37
10
30
22
31
35
35
22
12
13
33
4
8
15
34
1
19
14
32
23
38
40
6
33
9
11
14
35
2
28
1
25
9
31
14
18
39
30
34
10
32
28
11
40
41
3
11
3
24
33
10
40
18
18
8
10
22
1
8
5
13
22
32
18
24
38
32
1
10
16
22
11
1
18
3
41
34
12
7
9
41
19
38
33
34
6
20
3
21
5
19
32
36
34
35
33
29
27
10
18
39
6
8
21
34
27
14
3
4
20
22
2
39
16
40
18
4
6
16
15
35
15
8
15
19
26
19
27
15
14
27
12
3
11
38
9
38
33
28
18
1
10
23
7
4
1
23
38
8
38
26
17
37
37
26
31
7
7
19
9
12
21
19
29
37
11
32
9
12
1
33
4
33
8
19
20
18
40
34
38
30
24
25
19
35
5
38
17
15
7
8
2
15
19
16
5
19
37
40
35
14
17
37
28
15
10
13
15
8
8
24
10
37
33
10
39
31
40
26
22
22
28
1
40
34
28
22
16
24
1
32
30
5
9
20
39
12
14
37
12
20
14
26
10
32
27
16
12
3
26
7
7
26
35
6
21
31
16
14
39
5
30
39
16
28
40
22
5
23
38
13
27
18
26
17
3
29
32
31
24
3
13
19
37
26
27
7
10
30
36
22
28
14
16
28
7
19
30
8
21
16
13
26
23
36
28
13
13
13
14
18
29
32
2
17
11
10
4
27
41
37
1
3
3
4
4
29
37
38
12
40
2
35
24
15
1
19
38
24
10
30
34
12
24
37
27
7
17
24
12
14
9
28
36
2
6
39
39
5
26
40
19
35
24
26
13
12
4
13
3
8
31
23
6
39
40
39
11
22
19
14
3
19
36
27
1
40
29
34
24
26
31
9
25
4
2
4
17
41
37
37
11
31
34
33
37
15
35
30
29
3
10
22
3
4
32
26
14
18
1
15
17
21
22
11
26
24
24
27
35
16
26
39
4
1
14
22
27
2
38
4
20
25
15
37
18
31
11
34
5
4
7
17
23
20
6
20
11
40
11
12
35
9
11
25
12
17
11
4
17
37
4
9
19
12
3
37
32
38
2
25
13
31
4
34
9
10
4
33
19
21
11
22
5
28
13
30
26
11
28
3
7
41
6
3
23
33
29
16
8
24
4
13
3
25
22
19
30
27
4
16
26
16
34
20
31
31
35
14
6
41
31
31
17
9
2
12
27
30
34
31
18
31
35
5
27
26
33
15
39
22
36
35
38
4
5
32
11
28
29
13
37
35
41
11
25
35
4
26
12
8
2
2
8
12
35
19
41
6
34
10
5
35
33
9
38
16
35
25
35
41
23
15
21
19
20
20
18
7
32
40
31
23
1
