81 75 1000
0 1 2 3 4 5 6 7 8 10 11 12 14 15 16 17 18 19 21 22 24 25 26 27 28 29 30 31 32 33 34 35 36 38 39 40 41 42 43 44 45 46 47 48 49 50 51 52 53 54 55 56 57 58 59 60 61 62 63 64 65 66 67 68 69 70 71 72 73 74 75 76 77 78 79
74 101
35 101
8 150
74 133
11 68
17 70
132 29
46 53
1 59
59 132
71 37
67 69
137 3
84 70
0 127
85 142
36 5
102 27
65 152
11 63
137 6
9 96
14 41
158 4
122 11
72 96
157 151
91 137
64 26
64 37
150 72
12 144
84 12
80 22
65 119
78 96
140 121
96 160
114 65
123 48
105 64
12 61
10 59
47 24
57 138
80 127
29 92
158 19
98 70
132 20
21 133
22 107
138 122
103 61
40 138
64 154
21 28
47 158
88 158
51 118
21 118
66 107
16 95
141 65
130 46
2 52
12 55
119 17
120 136
99 120
65 137
144 78
31 39
44 154
124 58
42 57
87 37
45 88
47 138
113 44
137 122
74 73
91 63
137 143
12 108
117 114
86 160
125 60
38 19
48 29
88 8
59 83
142 69
80 105
45 124
151 66
42 46
89 82
7 44
22 71
16 106
76 25
87 148
128 3
52 9
158 99
143 124
138 44
107 118
116 40
61 112
47 7
144 19
70 5
122 7
66 142
59 57
161 6
6 64
83 23
135 66
28 159
101 104
39 101
72 123
109 63
106 58
150 139
83 47
141 77
111 140
56 85
41 146
56 93
28 146
118 159
125 61
64 2
119 84
5 42
29 44
55 77
0 85
97 49
61 141
66 147
4 94
153 40
107 41
51 96
33 41
152 72
110 156
45 63
139 102
75 133
106 47
74 93
7 8
27 74
24 74
81 107
126 3
4 92
135 115
98 66
15 2
127 106
111 153
96 6
127 48
85 34
153 113
48 127
79 2
117 57
140 17
18 114
109 148
40 105
150 51
15 30
32 141
65 95
89 55
75 102
101 35
100 3
104 105
136 79
159 42
68 124
125 142
157 142
60 57
35 36
6 92
15 2
26 4
47 11
62 57
156 158
17 48
60 57
137 84
41 44
38 84
75 104
98 60
4 40
6 10
93 91
154 159
113 109
50 110
127 29
151 42
20 84
12 73
67 32
32 104
31 55
31 159
97 70
31 28
123 132
120 7
84 18
62 70
142 123
46 158
82 70
42 8
53 73
115 81
69 155
5 58
95 113
124 159
4 45
5 26
94 73
96 131
152 15
61 15
0 114
12 47
19 36
30 87
151 159
35 121
20 140
125 113
137 84
99 132
147 2
89 67
103 6
113 57
153 121
84 65
158 136
125 51
31 94
155 154
72 136
68 146
136 147
64 87
95 81
96 146
41 89
9 139
99 108
44 112
106 42
94 121
121 116
78 57
97 61
20 53
53 113
140 151
66 119
63 89
62 135
88 35
22 54
109 124
32 140
44 75
43 6
16 133
69 144
35 142
108 11
137 133
96 23
43 104
36 37
121 113
38 40
98 70
25 23
112 89
12 54
154 140
55 137
29 112
99 94
80 89
72 85
134 108
22 109
18 59
27 80
137 38
158 88
46 40
137 145
70 4
95 159
154 38
99 1
116 134
105 72
46 17
5 22
54 141
23 135
151 34
91 130
142 44
44 53
99 31
133 91
94 128
67 80
32 69
43 75
29 106
88 100
85 122
82 124
110 33
6 134
56 147
145 106
108 139
76 12
22 36
61 109
159 120
110 135
111 59
136 161
42 87
118 48
40 62
37 97
16 94
142 51
112 40
22 111
44 134
109 51
45 3
37 44
92 47
57 125
118 92
127 156
121 102
160 56
23 56
5 80
101 6
101 103
71 112
75 129
51 31
41 141
137 29
138 157
149 33
130 121
136 122
155 111
144 15
99 141
111 71
132 65
130 41
23 122
67 141
20 144
119 2
49 121
5 115
99 121
105 74
66 101
108 143
134 74
90 20
14 107
94 127
18 102
82 74
103 118
11 59
40 121
60 123
151 137
9 139
92 33
121 83
26 146
3 159
17 66
25 34
88 159
75 7
10 137
51 131
34 88
141 60
16 153
116 27
15 126
142 48
114 16
69 26
33 3
131 97
136 126
65 97
90 62
104 93
111 71
117 76
106 109
14 85
149 146
120 16
85 118
159 149
129 7
119 137
30 48
42 130
7 97
138 78
2 1
15 23
108 103
127 58
94 34
103 153
125 143
86 110
53 97
123 11
128 47
100 28
138 42
65 5
142 131
131 130
96 114
131 134
84 43
109 143
143 73
96 9
127 38
100 59
121 58
146 102
30 159
12 126
96 90
37 137
120 123
107 46
70 65
84 21
2 34
42 88
96 48
50 85
36 149
43 72
144 9
139 129
113 15
158 39
136 130
32 106
41 102
120 86
98 153
155 141
60 139
144 140
133 33
54 156
107 25
48 9
109 43
151 31
88 152
116 32
24 110
56 72
57 72
38 73
64 159
0 154
82 97
71 8
71 45
18 81
23 130
108 93
51 65
80 25
150 80
108 25
109 98
57 13
52 43
16 140
71 22
50 22
122 140
151 70
59 131
12 115
0 87
76 80
67 68
58 81
93 137
73 147
78 34
96 40
61 44
137 20
0 125
94 68
134 3
89 82
93 6
53 116
104 113
97 85
53 114
98 117
13 42
35 152
7 78
55 105
143 70
46 138
101 100
21 70
75 153
141 92
113 25
105 6
38 100
33 15
158 36
24 152
134 10
87 35
96 38
5 110
53 72
110 63
126 49
114 70
34 51
63 158
24 99
122 114
24 22
36 51
71 52
131 65
159 74
78 15
130 5
22 142
17 144
57 151
72 137
105 142
156 22
157 142
21 111
160 91
22 117
21 13
136 48
63 5
151 161
97 134
103 70
160 150
135 96
148 117
152 32
18 44
5 27
36 138
123 69
101 102
71 113
1 35
19 73
93 153
15 161
22 80
154 153
68 100
13 123
114 29
42 33
113 133
156 33
14 106
85 99
15 52
149 79
4 24
54 68
87 61
70 60
139 9
105 50
141 125
80 150
157 74
101 157
38 45
26 19
155 99
147 20
119 125
111 132
13 44
36 52
96 110
157 34
58 143
30 140
112 69
98 114
105 77
137 97
89 149
51 56
127 150
161 37
87 156
145 38
21 39
112 138
6 23
39 118
139 30
77 45
149 38
106 48
138 135
146 77
111 12
96 133
17 123
55 0
49 56
22 112
3 33
28 154
151 129
0 54
94 108
66 0
22 50
153 78
161 98
84 136
71 79
79 58
154 8
50 119
23 159
56 33
62 16
15 43
12 161
101 32
25 38
3 17
65 83
122 151
126 158
161 159
74 9
124 33
8 18
110 26
66 93
90 49
63 100
64 63
50 47
27 106
76 154
155 77
137 108
152 115
66 104
69 81
71 29
87 89
43 158
135 77
2 97
37 38
123 24
67 23
3 61
68 140
60 30
41 75
134 64
49 25
8 45
111 138
31 38
104 87
57 115
112 100
6 20
149 140
131 103
87 41
17 97
8 2
6 129
8 47
18 95
44 100
93 135
23 42
125 160
34 10
34 60
50 63
91 161
48 52
41 134
19 102
42 130
146 115
161 22
126 132
139 16
132 10
3 42
77 66
59 119
100 37
46 60
156 77
4 147
94 140
27 82
12 93
144 22
6 59
13 141
126 150
131 157
142 111
96 23
126 151
58 62
160 0
111 33
54 119
85 126
110 147
126 81
86 75
60 91
2 116
73 122
24 141
114 99
63 110
123 13
41 70
104 23
44 116
42 144
99 102
105 21
88 120
40 14
41 27
149 5
115 34
17 84
12 29
97 158
87 147
131 120
12 38
15 153
13 151
153 18
43 158
66 0
107 133
51 12
94 10
154 155
141 155
51 111
81 136
61 59
138 20
114 30
6 68
137 112
143 128
161 36
90 72
109 78
161 150
85 37
55 132
102 106
33 108
146 129
114 91
150 130
92 6
128 28
54 125
3 45
9 80
6 76
48 95
134 125
131 142
126 101
148 78
32 129
42 53
80 76
44 27
39 76
20 16
159 6
113 14
139 47
59 62
149 104
88 38
88 44
59 139
23 128
122 109
14 125
61 139
138 90
135 144
60 70
152 148
119 70
87 150
107 6
130 141
158 18
150 145
55 83
135 66
152 42
70 44
84 155
25 79
41 44
27 114
83 124
138 52
58 55
3 26
110 159
52 161
127 31
29 117
44 20
97 19
82 151
16 95
79 136
136 76
133 34
115 63
100 155
30 114
14 160
73 129
107 123
50 84
61 81
81 112
105 74
28 143
103 117
104 18
35 156
131 100
28 159
71 54
151 160
37 117
24 116
135 0
78 48
83 131
114 63
84 102
109 140
119 84
53 138
146 39
4 110
16 49
49 144
5 128
29 89
49 85
41 88
48 4
47 43
27 22
49 81
49 38
158 130
100 153
138 45
37 0
138 11
33 74
72 83
19 44
46 11
34 38
72 16
34 104
142 54
56 136
96 94
114 26
151 81
151 116
75 56
134 13
46 122
73 121
3 75
63 68
89 42
143 14
145 154
114 76
82 148
58 11
85 60
35 0
34 75
8 31
21 6
106 127
35 54
69 7
68 6
91 27
105 98
12 62
129 7
100 49
60 37
16 15
