14
14
41
31
34
6
40
27
3
21
43
52
54
38
13
36
52
39
6
21
46
11
30
17
8
16
25
52
40
25
10
9
39
32
34
52
46
35
15
8
54
32
12
41
22
40
16
40
37
17
42
39
27
51
22
42
24
6
5
44
8
18
31
37
38
24
37
49
35
10
12
18
16
4
7
32
13
11
28
50
47
3
24
14
38
11
54
19
17
36
39
34
26
16
26
15
51
44
8
25
21
47
9
20
44
10
47
22
36
53
31
6
11
46
11
31
47
38
30
33
22
12
17
16
34
51
27
44
52
50
14
21
11
24
47
31
31
23
24
3
29
28
21
7
6
26
17
21
7
51
53
52
23
7
19
21
46
33
37
24
37
43
33
19
35
49
10
9
52
29
16
11
31
13
14
50
11
31
51
42
8
31
30
5
31
51
42
23
9
30
4
44
49
50
48
51
24
35
52
44
51
36
16
48
38
7
1
25
53
10
50
36
43
4
12
29
53
21
53
31
33
2
20
48
46
9
49
47
6
30
7
36
26
26
15
29
31
40
6
46
48
23
36
31
17
8
22
40
5
37
16
33
8
39
13
24
35
31
33
53
6
52
39
20
54
7
13
18
33
31
22
51
3
15
3
20
32
4
21
45
23
21
28
25
18
40
41
30
6
7
40
25
33
49
15
22
8
53
36
48
23
30
27
54
25
29
51
2
33
32
19
52
55
45
49
50
42
27
55
39
52
9
24
35
31
45
23
49
38
46
30
6
39
20
29
41
25
16
15
12
39
52
12
41
35
47
29
5
49
24
37
47
39
18
13
16
51
26
41
51
37
15
1
34
38
6
55
23
51
27
54
14
12
33
2
6
10
53
29
13
50
36
48
50
52
10
53
11
41
52
40
28
54
27
23
47
21
19
36
55
20
5
37
14
21
52
52
28
53
3
6
13
37
7
7
17
12
34
48
11
3
50
30
4
44
20
39
16
27
10
30
18
3
36
20
11
24
38
32
19
48
12
25
7
31
46
47
26
18
28
6
33
40
37
33
19
26
45
19
32
36
28
4
9
53
24
27
4
53
22
38
13
38
53
3
2
9
14
9
20
42
49
39
41
9
13
12
44
23
22
6
13
39
35
43
34
5
37
17
12
21
38
8
35
46
42
49
13
17
12
48
36
31
43
31
36
17
47
20
9
18
55
26
35
40
26
52
11
8
18
11
8
55
6
43
19
29
24
20
55
9
54
53
38
44
28
13
43
37
4
34
51
47
8
14
47
20
22
17
30
21
37
20
32
1
19
30
32
12
54
49
44
6
53
24
38
22
47
34
46
47
36
30
6
12
47
12
53
24
21
27
48
52
22
37
31
23
12
46
53
32
24
28
12
47
15
9
52
21
21
54
6
26
47
41
7
20
39
20
30
52
51
16
41
13
22
32
48
18
38
13
36
42
32
19
54
47
53
32
8
18
41
51
52
33
31
55
50
22
23
18
16
30
36
9
11
48
1
41
11
7
51
28
39
24
46
16
12
37
38
30
31
35
4
38
50
10
53
40
23
39
21
18
26
23
35
48
5
54
36
53
3
20
28
12
54
43
48
5
3
9
47
7
48
30
22
52
47
38
15
27
33
5
43
46
3
17
33
28
18
8
3
32
39
29
44
53
22
8
7
37
54
54
42
31
16
43
34
8
53
25
9
33
53
16
12
4
19
44
42
31
23
15
55
30
22
34
26
11
30
32
46
46
16
15
50
50
30
36
45
14
7
18
39
18
26
51
18
30
30
21
45
36
49
18
54
42
33
22
50
11
27
18
12
13
15
20
2
35
2
21
52
46
25
17
2
19
44
25
29
48
20
46
6
10
49
34
22
54
29
3
3
24
37
49
24
42
18
26
26
15
17
32
53
11
36
22
21
28
10
28
2
38
29
2
32
10
23
52
45
18
16
20
23
38
48
51
19
30
21
32
47
34
12
30
13
7
11
42
33
45
25
12
44
3
26
2
36
1
11
15
14
14
39
6
13
46
32
52
19
7
8
13
4
21
50
45
54
8
2
54
17
35
49
34
19
13
21
37
19
50
44
6
35
54
16
21
21
36
31
2
44
38
14
3
24
50
20
55
38
13
5
1
21
17
52
4
31
43
4
18
39
33
17
22
27
34
16
44
46
27
10
15
9
40
48
31
3
27
14
32
24
50
24
46
11
22
34
31
29
20
14
38
1
12
27
44
34
26
14
16
28
39
17
22
21
2
7
22
38
14
33
5
42
20
15
38
25
52
32
