109 12 1000
0 35 39 43 63 69 75 85 86 95 100 106
164 44
174 160
139 180
112 143
164 88
216 102
159 89
133 2
214 107
119 140
116 183
73 15
135 189
180 108
216 11
192 118
32 84
70 31
81 75
135 156
80 16
199 80
120 90
90 183
145 29
117 211
16 149
200 34
94 134
69 44
188 70
205 104
123 84
180 212
159 83
212 160
36 190
68 103
182 87
31 23
107 51
143 5
156 168
178 109
128 30
35 105
99 115
102 142
33 178
200 75
203 27
186 147
158 185
166 7
70 200
162 204
109 85
186 192
147 42
13 57
200 98
149 167
92 13
58 203
7 187
212 188
200 55
108 157
144 69
9 19
165 153
69 87
197 181
217 105
41 156
122 200
50 157
56 45
43 125
183 133
140 93
36 145
74 206
169 183
60 132
30 139
189 133
152 133
137 120
152 78
212 173
89 165
129 5
166 150
10 94
114 129
86 35
196 44
77 189
5 198
91 112
173 126
89 202
145 17
56 208
23 13
24 87
21 217
169 25
153 100
11 42
76 82
106 95
134 70
36 135
178 99
72 25
24 204
169 89
85 8
195 107
212 92
194 211
188 94
186 152
55 214
113 86
39 213
174 116
7 67
191 205
69 48
47 158
13 119
75 28
104 73
132 7
130 153
184 208
149 146
193 164
126 10
104 125
214 99
170 60
17 209
40 165
92 181
135 128
145 204
95 38
122 64
141 54
93 100
178 87
158 29
4 158
205 128
49 122
80 212
21 202
178 27
121 20
11 102
21 124
7 68
174 184
149 140
2 162
89 8
176 82
8 107
8 147
125 138
102 198
60 110
135 146
119 40
63 122
26 68
158 150
43 74
57 27
74 187
199 120
68 17
140 182
49 26
108 99
90 10
192 86
5 71
182 13
109 169
173 17
120 179
127 5
21 164
204 146
152 0
89 38
7 43
143 21
60 216
157 119
82 197
115 116
207 122
2 163
59 167
123 73
193 49
30 205
204 92
125 113
17 134
109 162
85 64
119 66
115 36
6 39
91 93
99 9
152 90
150 104
118 127
101 162
161 114
5 11
10 128
155 40
157 83
15 149
67 41
56 71
144 63
30 169
147 107
211 205
97 161
66 18
117 140
77 113
74 213
166 45
154 38
211 123
17 57
33 38
198 161
71 165
195 10
108 210
186 39
92 79
65 41
33 68
42 121
145 68
150 97
68 172
68 120
191 44
73 53
31 195
45 52
211 198
212 86
136 103
190 51
65 195
160 1
129 132
32 133
74 77
69 197
114 146
177 173
165 36
19 172
49 136
26 155
59 31
24 131
115 207
90 130
24 65
49 187
195 189
123 130
192 152
96 71
199 166
189 140
148 163
125 103
69 171
113 56
158 84
125 173
76 163
50 130
119 92
117 171
186 53
189 0
117 66
146 144
45 78
162 22
37 164
44 204
139 84
190 125
22 83
109 169
110 178
215 188
41 96
59 20
98 150
199 98
59 83
147 112
33 172
9 74
133 156
145 84
46 192
173 19
191 3
211 217
175 104
134 44
162 25
20 89
12 97
124 108
127 112
50 62
193 122
165 107
75 63
108 39
10 193
143 96
94 123
184 71
210 161
167 143
135 98
160 5
63 134
45 27
110 123
147 131
146 87
44 18
29 70
86 145
40 77
83 68
127 126
74 150
215 143
42 48
131 76
209 78
129 78
160 133
88 34
116 102
159 39
25 122
152 44
170 60
87 203
171 6
43 14
72 193
67 17
29 65
59 215
67 117
186 20
170 180
50 103
91 102
50 9
119 61
32 210
59 141
40 96
58 193
157 26
216 153
183 54
210 11
59 133
65 120
119 139
60 65
129 56
169 183
47 68
156 214
57 115
123 151
179 126
108 215
57 51
103 116
117 154
154 47
6 13
183 200
136 148
175 33
68 20
206 195
56 59
82 32
36 66
66 178
189 37
55 183
44 191
28 44
206 71
139 129
144 6
93 1
217 106
80 44
102 122
125 114
147 15
107 35
1 33
208 81
148 196
212 114
98 123
158 43
118 31
145 81
38 209
180 154
17 217
134 2
194 90
85 118
166 96
206 25
56 197
167 46
17 101
61 126
38 19
51 19
202 58
25 107
177 71
186 69
131 74
127 213
158 185
3 109
4 169
150 62
107 179
142 45
122 84
32 193
10 7
161 159
64 165
34 48
187 84
17 145
186 10
144 193
8 79
147 188
10 19
92 105
25 145
35 101
187 100
138 50
0 104
207 194
45 84
210 67
145 78
95 171
107 212
175 138
20 145
114 6
1 90
112 74
198 190
26 169
198 134
164 206
130 179
210 5
97 80
196 76
97 49
95 131
108 77
49 116
18 157
7 189
209 116
63 16
53 73
99 216
151 25
95 150
22 156
119 194
211 33
138 16
203 37
210 199
94 102
4 122
59 166
115 107
172 9
109 5
180 113
164 49
192 55
136 112
149 129
148 93
181 172
25 189
198 37
14 160
185 11
26 108
106 9
81 38
57 202
102 98
20 122
148 199
90 137
99 201
126 112
9 164
56 76
201 179
125 108
78 158
188 167
38 1
199 179
37 69
2 3
94 113
81 1
68 36
146 158
58 2
16 173
92 48
93 87
54 111
135 49
28 208
19 107
98 51
56 90
182 10
186 15
3 39
27 107
182 176
78 66
149 196
179 81
43 208
140 54
18 111
202 119
78 30
18 184
150 62
119 156
56 135
91 4
210 198
102 166
174 13
11 89
131 25
196 114
136 38
81 144
64 79
151 142
106 164
67 196
70 49
159 105
188 76
99 15
95 32
24 65
39 142
172 152
125 196
163 73
92 172
5 171
130 79
84 208
26 203
98 195
179 201
43 183
79 17
168 44
5 77
199 212
122 158
2 152
14 200
7 98
188 134
187 16
110 163
104 182
183 191
16 110
36 77
160 211
44 96
116 149
181 102
123 68
210 150
195 217
119 96
105 123
142 22
65 35
213 177
53 62
208 109
121 73
207 206
30 71
156 167
184 177
63 12
183 155
113 152
165 79
16 188
185 169
36 24
156 193
191 11
14 124
84 5
52 127
150 38
167 95
188 128
90 208
28 193
11 51
84 215
8 47
13 34
7 25
94 120
44 67
190 47
70 22
186 191
30 194
99 25
73 130
213 106
61 81
152 180
131 119
70 126
83 40
17 173
103 208
67 70
144 43
169 106
42 35
176 6
82 2
2 198
1 59
149 102
47 9
115 8
57 30
50 191
143 32
59 102
104 58
94 97
191 66
125 22
85 3
159 67
67 75
40 43
124 156
0 39
123 14
128 62
117 170
19 111
109 101
177 62
26 171
2 56
54 216
86 44
23 116
103 9
101 168
117 193
99 91
34 195
108 83
145 154
38 5
81 28
43 59
196 184
156 152
167 46
193 149
147 189
11 128
166 143
99 194
141 86
64 144
138 50
138 104
85 169
147 28
105 185
198 58
60 106
16 170
159 61
73 168
88 28
19 79
146 66
109 183
203 158
56 42
101 94
53 179
44 5
162 144
16 118
9 68
42 134
46 16
188 158
217 20
75 120
155 119
180 119
165 47
169 5
210 142
96 129
200 112
60 0
192 203
15 42
100 82
109 207
47 144
77 200
153 63
171 169
77 112
43 45
124 145
144 202
101 165
43 68
198 105
89 87
149 22
207 163
174 89
49 130
216 46
69 159
136 200
64 168
143 43
53 102
111 187
138 50
107 53
182 101
193 84
54 57
170 194
76 149
175 18
16 102
72 140
25 151
139 55
31 165
64 159
205 4
200 168
50 215
55 174
48 122
69 91
195 216
13 123
197 207
111 193
160 162
170 98
17 154
137 139
25 103
204 86
193 216
115 173
197 44
86 178
186 62
110 200
139 18
189 43
212 42
72 21
27 46
208 128
118 11
41 73
98 145
32 216
45 143
156 186
102 115
117 110
153 34
147 79
7 40
190 145
123 32
217 11
174 108
148 37
57 141
178 180
109 35
138 137
175 56
181 196
144 48
73 195
153 114
196 202
37 158
196 24
122 18
29 87
82 209
107 4
28 36
195 98
144 32
55 34
166 116
126 171
90 144
192 80
118 120
194 138
217 200
63 98
72 11
184 108
157 56
177 190
62 153
198 17
46 173
122 62
106 150
175 65
106 141
168 114
73 197
214 85
179 200
107 181
111 28
123 121
151 195
184 38
34 132
212 209
53 139
13 63
75 55
214 51
173 101
96 217
71 76
52 53
134 45
53 36
16 182
34 38
125 156
50 201
88 84
81 63
87 126
180 147
160 59
58 36
20 115
125 17
173 49
43 109
151 215
138 15
161 151
163 58
115 216
4 152
45 107
15 124
217 2
204 13
200 104
127 13
27 3
176 8
47 23
88 42
72 191
144 14
59 135
129 10
177 96
179 89
180 84
54 200
6 7
156 168
175 40
203 159
189 47
103 129
55 69
143 21
216 188
168 207
183 200
184 206
133 112
36 144
192 81
211 123
51 13
93 107
61 94
121 116
198 22
154 64
132 33
116 154
37 62
152 94
75 153
