299 207 1000
2 5 6 7 8 11 13 15 16 17 20 23 24 26 28 31 32 34 35 36 37 38 39 40 41 42 43 44 45 46 47 48 49 50 53 54 55 56 57 58 59 60 61 64 65 66 67 68 70 74 75 77 78 81 83 84 85 86 88 89 90 91 92 93 95 96 97 98 99 101 102 103 104 105 106 107 109 111 112 114 115 116 117 119 121 122 123 124 125 127 128 129 130 131 132 134 140 141 142 144 146 147 148 149 151 152 154 155 156 157 158 159 160 161 162 163 164 165 166 167 170 171 173 174 175 176 179 180 181 183 184 186 187 188 189 190 191 193 194 196 197 198 200 201 202 203 204 206 207 208 209 210 211 212 213 214 217 220 223 225 227 228 230 232 233 236 237 239 241 243 245 246 249 250 251 253 255 257 259 260 262 264 266 267 268 271 272 273 275 276 277 278 280 281 282 283 284 285 286 287 288 289 291 292 293 296 297
358 52
163 581
454 134
423 127
275 57
300 164
478 178
83 366
334 222
299 573
60 4
341 191
442 503
558 595
21 550
50 29
479 236
134 109
407 70
459 392
27 532
101 584
504 102
48 210
326 466
296 386
418 240
130 171
150 400
512 174
153 46
424 139
356 49
468 370
20 7
553 288
217 418
279 480
89 195
473 483
281 522
316 278
466 223
275 397
72 410
547 265
262 239
337 302
560 153
268 211
534 487
67 365
57 94
60 74
354 247
307 1
304 405
230 172
327 458
96 465
310 0
118 583
472 466
490 342
465 553
465 199
578 384
155 246
331 230
464 216
334 572
74 169
281 32
445 212
401 356
129 131
68 251
282 400
288 176
242 238
215 262
161 117
401 411
309 490
135 152
481 156
192 82
589 53
48 591
498 460
367 211
308 279
507 98
549 159
316 169
48 348
208 236
46 458
370 292
283 105
493 213
218 368
575 498
250 282
387 310
183 140
562 379
215 499
61 313
240 502
430 543
190 177
596 273
561 227
80 399
237 418
454 484
173 168
141 170
380 109
339 392
71 281
158 138
221 38
56 432
155 522
39 56
55 86
450 457
67 277
427 162
386 46
436 514
41 334
238 36
442 379
345 53
425 572
489 124
505 493
584 25
52 528
304 588
467 157
148 307
160 293
521 504
536 581
179 479
192 128
411 0
392 139
37 483
282 46
531 367
476 138
171 46
117 244
208 517
39 387
350 233
384 167
232 525
177 199
63 441
187 503
294 172
151 576
467 522
557 160
81 102
520 339
576 63
180 300
30 264
137 128
341 528
115 110
124 49
171 464
55 505
360 494
559 428
95 440
117 271
289 344
531 498
413 297
275 593
506 205
55 312
144 188
224 147
285 82
314 385
299 525
254 370
230 454
116 460
71 302
298 242
304 280
413 245
306 161
159 281
273 574
353 305
167 363
476 133
281 9
230 492
211 115
57 269
371 237
475 298
179 134
498 82
104 154
136 209
103 471
446 138
362 148
14 398
16 134
367 56
318 325
418 405
369 146
525 309
507 372
394 561
180 484
583 50
115 178
228 54
21 213
323 356
82 122
16 576
463 31
384 453
212 280
50 138
318 159
361 501
339 270
412 311
244 66
194 132
68 167
520 549
532 60
579 545
541 253
445 478
538 505
250 64
289 48
535 396
47 155
261 171
559 233
472 230
129 550
352 560
397 369
188 233
109 291
203 50
468 507
464 107
258 132
409 566
166 529
302 160
267 564
534 90
104 107
84 354
273 69
338 284
542 56
529 86
414 207
509 241
102 44
192 437
223 120
50 568
415 486
476 190
512 532
463 135
561 15
481 545
504 23
157 580
36 78
161 127
423 38
57 101
139 389
500 277
244 189
67 26
486 17
418 104
241 379
582 305
86 243
216 590
326 49
257 195
378 70
463 519
552 590
287 187
490 317
104 480
472 389
40 249
340 25
182 399
324 383
261 79
411 141
378 417
596 498
141 198
183 532
44 451
141 122
280 363
540 412
74 159
415 70
492 556
65 473
572 52
215 268
223 339
116 377
246 350
202 451
337 549
371 88
253 478
377 153
280 281
513 588
467 172
251 369
307 420
141 588
415 317
69 238
71 28
452 143
510 159
425 502
483 262
393 498
134 368
132 17
79 145
35 201
546 464
159 496
365 335
518 109
244 468
250 108
555 41
145 453
459 75
164 189
241 309
133 498
54 177
308 352
90 86
144 1
445 70
395 1
475 252
11 397
541 58
75 477
156 63
484 1
447 215
442 232
432 31
230 330
86 237
319 213
352 388
453 47
147 512
313 582
104 310
90 96
275 204
429 86
180 460
572 281
249 49
585 244
528 269
94 320
7 18
449 76
311 130
232 382
182 585
526 207
323 133
425 376
284 102
175 108
562 228
19 128
154 286
23 191
178 350
59 116
132 380
123 394
242 398
315 237
181 586
367 342
286 36
447 422
358 238
452 90
14 227
374 391
502 483
398 287
201 396
374 300
31 508
273 396
30 422
258 215
411 267
87 319
181 264
334 501
89 234
520 412
97 328
553 160
172 175
86 441
486 339
513 398
344 544
329 222
329 371
542 317
450 124
450 231
267 512
42 257
556 319
18 457
292 525
191 573
20 138
581 556
451 158
296 17
50 405
262 594
127 481
91 147
140 372
425 253
1 346
572 333
140 157
555 235
233 360
139 100
411 593
234 446
102 179
287 264
491 105
394 5
371 552
328 244
134 193
594 301
417 552
492 558
250 403
323 1
264 47
487 360
310 347
354 361
252 462
252 230
425 475
209 333
8 312
154 22
10 575
380 162
177 580
509 328
59 471
315 33
29 96
429 474
293 98
29 40
151 464
26 488
355 293
20 515
549 461
572 249
365 86
453 327
132 117
2 312
257 104
106 149
285 363
246 351
371 365
317 38
153 135
519 473
531 496
144 492
238 0
6 132
363 348
185 124
183 331
321 405
505 325
444 373
532 312
545 463
522 305
114 50
197 118
238 246
300 69
409 467
439 151
179 496
246 249
333 136
129 201
365 342
13 268
61 275
541 234
5 10
183 176
454 519
138 473
399 192
207 558
187 418
67 105
197 271
423 216
204 203
139 425
200 126
318 330
469 50
410 358
292 5
191 372
293 267
462 262
93 257
389 362
470 486
168 126
250 78
223 282
291 377
120 426
331 370
277 7
75 514
378 372
428 484
62 54
253 247
112 56
581 597
446 67
368 172
591 67
566 229
87 449
121 24
349 466
490 155
74 262
163 101
320 4
129 134
541 530
126 409
181 593
203 291
149 429
208 337
282 341
401 169
411 54
273 350
240 150
535 353
348 143
356 334
440 82
292 109
213 265
399 354
246 295
424 205
40 267
326 596
241 499
468 422
112 319
98 595
443 545
156 178
201 209
406 596
455 8
487 81
510 32
54 258
282 462
74 26
296 548
585 507
279 23
33 357
225 338
541 483
300 69
397 308
227 398
393 517
280 233
317 364
190 21
406 539
555 96
589 395
514 535
140 67
334 194
86 580
306 224
156 16
490 358
428 459
173 549
549 401
254 404
343 560
527 572
156 36
313 25
77 162
301 198
73 301
187 221
574 113
224 412
494 394
309 265
106 373
553 197
401 503
179 464
458 177
218 306
283 285
553 551
197 265
358 535
331 353
79 352
531 285
112 86
105 231
120 583
266 429
111 154
269 39
160 185
394 594
137 364
317 53
583 72
570 122
180 215
463 570
199 170
495 469
51 358
279 191
38 105
71 429
229 326
40 422
118 240
311 51
97 120
186 343
264 512
567 579
447 442
160 211
341 169
585 419
454 77
135 140
483 161
491 533
540 423
131 87
330 293
500 480
311 157
377 553
370 523
295 213
152 103
321 510
448 548
509 21
145 445
529 495
201 488
195 60
266 452
201 27
217 506
552 195
455 196
325 554
304 167
328 484
362 352
304 41
432 243
80 26
568 372
445 381
393 568
456 510
344 343
138 156
388 427
505 292
259 130
218 550
209 348
301 17
552 110
486 249
110 126
158 459
396 153
40 574
16 370
151 383
353 149
253 406
16 305
526 510
115 155
338 90
246 118
429 147
85 383
33 42
211 191
93 496
394 196
411 495
597 323
276 204
530 572
297 495
47 88
360 580
218 166
580 56
381 376
287 18
496 291
248 505
181 63
301 508
445 400
483 435
329 520
261 23
72 407
388 101
405 25
313 466
125 507
148 397
489 354
141 26
143 311
555 171
187 0
343 315
529 504
561 0
166 30
570 197
3 589
223 94
262 400
448 74
185 149
518 9
154 282
85 346
543 37
2 298
540 259
439 570
316 131
67 240
329 143
330 310
466 475
160 12
142 12
358 79
302 209
376 456
59 237
19 539
539 400
190 409
474 116
192 208
89 68
457 271
57 328
597 567
515 163
533 544
558 147
585 325
576 74
41 284
231 374
287 106
464 192
260 332
132 498
16 219
130 334
218 500
378 55
589 529
486 436
347 494
578 38
67 590
86 230
466 57
537 566
296 277
139 102
326 71
421 311
188 425
151 455
276 450
458 211
144 388
302 14
40 111
279 398
319 561
440 386
589 481
47 111
81 412
556 429
383 397
374 101
303 487
589 511
75 150
181 372
162 197
64 411
385 524
130 436
593 423
267 135
199 423
366 448
19 14
299 273
456 468
266 575
335 581
550 278
6 369
8 469
506 577
416 412
235 110
126 172
237 8
275 556
122 106
542 419
211 382
100 142
435 14
524 331
231 497
79 365
539 299
435 271
193 466
420 31
312 265
278 533
19 66
473 363
110 131
235 58
288 204
90 536
240 111
581 119
570 440
436 549
479 32
460 335
318 415
417 484
290 349
589 247
522 40
256 178
465 479
571 285
544 266
107 22
563 331
61 261
236 363
549 559
243 124
277 367
524 148
67 407
18 551
113 290
564 148
544 311
88 185
464 48
487 392
545 20
376 301
341 404
85 506
92 482
192 76
516 557
340 566
526 340
332 257
542 391
52 45
460 393
473 159
