8
120
22
4
82
136
2
17
112
26
56
150
61
37
69
21
57
25
39
67
93
115
104
138
140
90
122
41
50
40
107
15
9
98
13
35
99
99
106
10
59
38
57
122
40
18
23
35
109
57
47
2
37
14
107
8
101
58
131
71
12
133
6
148
88
34
106
91
101
52
62
95
51
67
45
2
117
118
112
4
47
44
10
119
17
27
110
62
55
38
144
29
111
92
147
2
28
114
78
122
20
150
77
32
77
43
117
16
48
38
113
13
25
36
21
119
30
5
29
29
53
90
20
117
78
69
17
31
7
90
35
42
78
7
98
63
8
147
67
12
39
122
16
12
141
133
17
45
2
64
113
47
148
64
136
40
125
127
11
50
117
83
7
22
80
18
122
127
55
99
21
119
85
120
66
9
113
5
75
7
148
134
131
47
146
55
33
116
20
3
43
44
77
97
71
74
116
76
46
69
56
24
132
145
122
3
48
104
45
28
38
96
88
134
123
45
118
50
73
70
10
86
86
118
13
7
13
77
84
135
133
6
65
63
126
108
33
40
38
134
69
68
88
141
140
69
101
122
62
99
29
126
34
12
33
33
114
59
139
108
90
28
58
123
92
28
45
118
147
39
59
126
143
65
142
3
146
3
30
96
54
112
145
93
32
58
55
103
80
71
14
20
30
52
64
117
125
42
34
87
44
50
77
55
41
129
16
138
23
143
76
23
62
10
56
38
100
127
78
83
91
17
83
59
118
30
39
98
57
51
109
19
83
128
85
47
64
110
78
53
116
39
104
51
88
17
75
76
1
75
5
118
113
149
98
131
43
11
53
77
79
105
66
115
66
134
82
39
30
111
76
142
84
10
86
25
68
67
123
44
4
143
77
96
77
88
115
104
93
115
68
90
103
100
149
106
36
108
67
31
94
6
71
45
20
9
100
43
41
74
11
75
119
150
105
21
110
49
118
67
36
109
132
132
128
57
52
29
144
78
107
25
50
25
120
64
87
17
19
111
105
74
121
123
94
43
144
68
83
133
145
108
69
95
3
57
147
115
100
107
42
75
28
81
55
85
63
141
67
84
118
25
7
21
57
34
56
56
68
128
47
61
17
22
127
39
118
88
77
23
88
91
119
84
59
7
135
66
147
24
83
127
37
7
90
22
50
124
6
132
33
82
105
119
114
18
67
45
105
11
15
136
62
103
88
25
21
126
15
12
147
43
78
105
6
21
18
46
35
50
62
126
15
61
148
84
120
71
80
82
83
64
79
8
69
58
12
19
3
103
72
23
45
86
9
5
7
65
37
93
53
69
38
74
93
1
14
74
12
121
52
13
119
26
100
136
27
16
42
128
59
86
8
39
30
141
6
56
8
6
56
16
81
104
74
39
64
97
117
37
112
62
18
5
11
17
114
88
20
129
59
68
59
77
90
118
95
22
60
117
52
45
49
81
73
30
42
46
93
101
102
22
8
110
149
108
120
96
120
48
48
78
44
26
113
58
69
89
129
124
47
47
131
133
139
106
21
73
140
104
82
140
132
31
78
148
150
83
45
120
12
85
103
72
34
137
112
100
44
33
58
102
15
19
88
2
2
68
123
22
27
54
26
126
135
137
43
70
25
100
73
36
87
150
35
107
29
26
9
88
67
60
97
84
122
40
23
143
52
12
5
51
128
134
79
5
24
42
117
44
37
20
146
124
147
82
49
111
100
110
2
34
13
135
114
126
11
59
41
71
137
144
10
37
111
54
104
64
125
54
1
18
39
87
129
34
139
16
144
63
16
3
57
64
56
68
96
147
11
16
40
52
128
18
2
9
20
105
102
84
26
72
42
102
41
80
52
74
5
31
95
43
118
93
45
48
109
62
37
13
82
147
84
51
135
115
132
86
113
28
25
37
136
75
12
129
138
76
36
89
128
39
92
4
19
131
115
127
114
20
9
148
130
21
93
80
122
78
139
81
60
16
21
114
29
30
54
11
113
40
96
57
143
119
28
72
68
97
96
18
25
60
50
147
58
75
144
111
29
19
37
45
110
63
6
126
53
56
12
71
119
58
54
108
64
33
127
14
27
116
78
75
109
35
49
139
8
130
132
76
82
5
26
12
11
54
28
65
137
71
4
125
46
71
19
16
123
129
42
123
107
34
14
60
136
27
91
47
45
47
110
21
123
84
148
129
136
130
113
149
125
97
67
59
44
116
78
14
14
22
85
68
100
127
10
119
90
78
42
65
123
118
67
97
118
95
73
75
63
123
92
116
41
74
114
75
149
7
67
16
