91
337
239
344
28
316
173
336
107
124
172
49
3
66
266
294
402
122
24
480
312
91
138
142
324
247
111
429
278
103
170
10
253
391
169
302
322
231
441
488
279
129
412
484
109
383
15
125
151
336
87
206
113
114
205
437
169
330
75
485
45
322
146
306
34
360
273
16
254
385
50
176
173
469
439
196
447
184
430
106
21
36
306
149
15
424
492
28
268
108
428
221
398
363
309
425
20
80
288
230
384
171
304
437
58
123
427
101
440
178
178
324
229
441
187
231
398
168
148
131
224
239
382
56
93
199
406
432
47
382
426
205
36
203
401
181
320
96
328
166
362
39
410
193
85
412
90
471
443
372
353
12
19
48
9
449
74
427
293
9
299
236
494
173
420
165
380
126
481
125
51
78
403
200
61
153
218
215
494
33
266
181
285
273
201
75
63
335
391
379
154
367
50
316
453
319
84
85
231
59
132
94
354
409
413
450
361
401
17
12
306
481
359
205
384
281
488
19
398
117
468
47
271
410
77
467
477
348
115
499
50
272
30
211
51
113
279
104
394
142
208
366
137
383
348
456
414
82
1
134
387
46
449
68
482
99
251
485
251
417
121
206
408
86
383
397
417
43
457
205
443
11
71
310
498
283
245
448
396
471
410
126
493
284
385
1
302
492
304
318
138
53
289
100
431
353
32
179
197
425
37
486
290
273
122
468
442
63
234
466
111
225
111
399
215
89
341
73
455
78
209
422
476
227
247
407
329
162
163
15
55
209
349
120
33
215
22
218
104
467
457
278
401
222
400
68
359
37
286
107
36
224
212
399
268
230
307
141
265
138
173
368
487
49
57
481
75
295
171
195
491
300
108
286
187
210
308
13
89
179
234
98
333
446
147
437
130
99
441
126
167
156
484
345
116
474
228
66
76
391
300
472
329
396
290
388
38
423
377
421
288
181
429
463
86
226
375
213
357
174
212
337
314
147
337
68
71
225
201
393
429
156
181
91
347
205
267
175
118
282
72
167
323
305
43
313
268
441
108
428
101
495
263
294
340
57
136
281
403
191
130
385
84
375
348
480
137
102
358
116
116
21
285
360
498
164
257
462
354
280
53
231
26
97
311
92
109
176
353
338
232
436
247
369
31
357
384
454
64
447
15
327
234
395
259
426
55
499
425
442
434
411
303
45
44
145
74
195
422
458
370
322
90
365
79
34
16
415
260
272
466
24
173
344
212
66
324
364
363
441
106
171
316
280
357
490
67
418
102
51
243
287
61
344
268
347
477
343
187
48
443
306
253
414
228
468
478
53
295
112
345
83
61
240
291
26
135
118
431
66
296
358
67
153
155
313
439
122
345
351
491
97
203
247
147
290
29
381
258
468
298
115
362
389
356
442
256
387
102
206
170
357
207
227
469
123
5
343
181
295
28
395
413
303
105
224
324
364
44
261
381
272
67
124
466
69
407
177
267
462
61
47
99
292
112
61
490
243
180
137
189
182
57
65
448
398
346
23
469
134
432
185
158
237
175
126
21
72
422
69
41
233
7
348
114
413
381
102
162
79
463
178
264
289
116
237
374
190
384
122
131
297
494
255
268
454
451
348
34
414
395
370
150
275
357
392
283
79
105
118
14
123
453
264
54
366
166
26
494
201
423
290
120
429
62
166
243
198
190
128
122
83
124
337
350
279
355
90
239
404
413
218
442
407
91
55
81
114
77
138
393
72
360
396
265
103
51
372
258
427
16
19
448
178
97
77
220
153
56
318
316
416
43
177
358
247
325
68
54
264
383
292
157
485
159
131
225
80
433
407
472
262
446
352
116
465
188
488
289
289
83
404
168
448
11
411
34
201
22
232
131
238
395
271
13
267
483
365
322
228
436
434
478
152
339
213
452
199
215
235
337
18
433
186
365
322
239
111
470
146
261
381
295
460
265
223
330
277
152
216
447
214
323
479
393
156
380
385
15
325
41
265
237
497
320
282
198
158
450
413
427
223
235
282
204
377
164
498
398
291
393
268
432
269
208
106
51
38
46
204
89
295
337
361
371
211
326
108
366
337
401
398
320
494
192
478
483
321
336
229
34
357
188
365
156
128
387
2
133
131
434
326
361
275
311
483
469
67
158
485
334
298
368
372
348
196
438
234
340
315
401
366
36
28
209
244
332
455
23
220
190
309
102
359
307
120
375
123
125
272
440
440
347
113
44
273
67
60
27
500
310
44
135
201
433
396
400
184
166
106
225
25
479
325
119
419
108
372
44
344
97
480
438
333
147
423
34
348
359
385
