1000 43 1000
25 32 44 93 101 141 160 171 185 188 212 227 236 253 259 274 351 355 440 446 450 466 573 577 586 612 644 645 647 652 657 684 717 756 790 801 838 863 939 948 957 979 989
1065 974
1468 1131
674 913
1101 1445
1636 1608
749 433
74 1246
786 450
189 296
1655 1531
1668 839
222 1270
201 198
1156 91
1143 1878
147 854
384 786
739 861
669 1646
1099 578
1476 165
240 1150
576 438
158 16
1835 1158
65 1818
1339 1228
1564 1993
1480 1758
682 1580
557 727
82 72
1572 320
1518 1909
1700 1869
110 809
809 1131
201 1431
1476 1035
1182 1670
1394 1673
1400 1529
1845 1256
1359 875
945 53
775 392
942 927
1409 285
1782 1933
1992 1656
335 248
813 607
1319 1206
1366 1252
1702 1907
977 413
977 808
214 885
865 1939
1764 1248
829 1873
1298 619
753 1898
292 1986
856 1823
1097 1457
1391 119
1851 1867
1422 675
265 881
1639 1689
1542 1366
609 1781
1439 1908
1852 291
700 896
291 845
1048 864
155 1584
1490 551
1594 614
1803 768
22 1327
86 1234
1046 56
171 1594
1367 1876
796 1823
1245 1513
1619 1511
877 304
468 1248
511 1114
292 655
198 1889
1445 1870
1352 1332
1414 335
584 296
1386 1156
1700 317
949 778
1191 887
738 1302
283 341
660 537
1967 1393
497 1535
158 598
1877 700
1447 624
831 1155
687 916
41 1481
1153 1340
284 1514
1049 446
1318 1486
1996 144
916 46
1885 662
313 1075
1072 453
1070 125
1386 478
231 430
989 1584
818 1387
1542 1589
1836 1454
1981 1406
648 1444
1099 1135
13 216
513 914
1412 1231
413 733
847 1752
807 479
1601 436
1792 154
382 421
1868 1277
307 1499
580 665
79 491
147 1236
855 1326
1623 1180
1858 230
506 153
1653 1641
66 85
355 403
1067 1076
346 795
1710 1784
1458 32
1189 896
988 997
991 1693
1458 1222
717 223
917 1745
1356 1937
985 1150
1164 543
1039 164
1302 1822
1349 1224
1415 465
646 724
1184 586
1133 933
400 461
521 674
1374 1592
146 1931
486 993
1140 1107
1394 1660
1280 100
731 446
16 1743
524 1724
133 1207
1379 439
832 497
1014 1624
111 733
620 1467
1757 1390
768 718
1056 740
1118 1666
1266 947
903 1986
137 222
1508 1277
271 330
1887 1755
271 177
668 314
77 669
789 201
1419 1970
1298 1659
852 252
204 1204
829 1836
1469 774
406 1886
1356 1715
1691 1486
174 791
940 659
80 593
1001 1995
906 303
495 378
1506 1974
589 636
196 467
171 762
24 1947
574 40
1781 305
893 1546
1769 883
1011 1510
1595 546
1657 928
1984 14
1050 839
1813 1762
1923 36
1614 336
835 1938
1355 1962
189 331
1746 953
429 1064
1765 629
1746 129
396 1049
412 1956
1940 1526
344 262
617 618
1144 277
1977 1590
1295 298
27 1475
950 882
827 1346
1330 232
560 1810
799 1284
1059 808
1355 771
1244 364
762 1967
325 918
1769 684
192 810
1667 64
624 40
306 263
1093 1550
954 749
1899 1456
647 658
1203 273
1710 1019
581 78
585 1867
794 549
389 1836
37 642
270 1740
813 403
518 644
1261 753
759 475
1866 251
1690 1689
1465 1163
535 43
83 1779
1263 945
738 600
1543 1596
1922 634
16 1916
1532 962
1527 175
1630 661
1724 902
1136 1940
1169 593
525 562
155 1640
1726 16
384 657
336 1457
730 1198
939 497
531 468
193 1959
1960 1494
1636 1525
1546 1771
1645 535
686 1085
617 402
831 920
1819 479
471 1533
815 1270
658 580
1230 22
705 283
742 1267
715 1941
1974 1220
713 306
209 1537
1141 1980
175 338
1967 953
1826 1881
435 226
1370 1021
1460 341
693 660
1399 1614
41 1062
1547 330
580 1683
1850 1383
1016 1473
873 1151
1103 1703
1317 96
1838 1237
506 1573
1331 972
1838 1801
1587 302
965 71
37 1072
1112 335
1951 1739
138 740
315 1048
1556 327
771 77
52 1192
1460 196
1644 507
1992 1819
661 28
768 281
453 1501
884 941
1517 1036
939 1865
1569 275
1199 29
1842 648
146 1636
844 1144
877 1984
1010 295
158 345
759 549
823 130
1365 1378
1747 1658
1787 965
1803 570
513 1536
1027 359
902 1348
427 280
72 636
502 372
1486 1387
679 119
146 1021
852 1019
402 246
105 1621
1568 224
82 967
1751 278
260 1487
177 111
274 1199
20 1410
1872 172
464 936
419 1747
946 341
1729 19
858 470
1818 1780
825 247
1703 327
1249 1829
519 1232
1769 589
864 1293
1591 129
1699 1785
314 540
162 1787
1003 1791
1573 217
1945 1771
1938 150
727 390
1040 1727
294 147
1993 1656
873 1806
1041 1112
1680 1455
679 1879
1427 1820
1449 877
1393 238
1690 870
890 1980
697 350
142 1937
534 1268
968 1794
561 679
1205 923
1715 644
500 1666
407 730
1761 1065
384 427
1002 689
720 452
1552 112
1718 611
1561 134
497 1597
862 1368
1740 1477
1754 48
1646 1306
436 379
838 1703
1840 121
141 544
109 1299
963 833
134 519
1379 418
976 601
1949 602
1518 1038
400 263
1315 1213
744 1102
1930 1045
499 1614
1368 348
1825 110
948 588
949 1447
335 1172
900 156
1763 225
1838 485
1462 1742
36 1983
712 1482
1609 590
1925 1021
641 1951
21 930
739 1631
128 304
1612 964
705 42
752 520
1782 1346
376 1622
1987 1618
371 1369
541 1185
1204 587
1972 1425
395 1378
59 1612
35 1021
707 380
1395 1161
1482 876
309 568
1405 1831
1083 1028
1910 412
210 635
825 1267
361 928
898 308
1923 621
431 1475
62 1069
1717 573
1007 80
282 87
387 1808
1955 413
712 1343
954 1276
1575 1665
1775 1139
527 606
222 1255
557 541
1689 1103
1777 1517
224 496
1764 230
829 1824
717 1545
704 1048
956 1745
1309 244
1910 1586
178 815
175 538
769 1210
467 361
481 310
989 1674
1217 1497
1729 1085
1983 1472
1678 612
1626 1043
560 662
1264 214
859 1102
1646 1359
334 1394
279 936
1641 374
1262 1916
1040 1517
201 859
1601 787
1065 18
67 625
447 1142
322 575
1104 1518
1561 788
1898 1365
35 513
1176 228
1768 63
945 56
1071 415
1664 582
1922 1861
136 897
1972 1262
1758 1784
1183 49
1086 1204
492 1922
1403 338
1922 218
1401 758
1527 593
1909 1061
1988 143
1915 1602
1802 241
1385 264
1086 430
1440 90
842 1352
328 425
1869 1666
1044 290
295 1149
1268 1558
1998 1024
1547 1166
1426 1168
324 1856
550 1847
111 1996
1210 1572
117 506
1073 1429
1259 817
1755 500
825 438
174 72
1135 340
751 1582
525 1169
630 1836
1971 1744
1762 231
85 208
1179 1184
756 413
542 361
720 14
122 1149
1434 1829
1812 225
85 783
1897 1792
1311 534
1 678
520 1157
530 574
981 241
1613 1232
1032 1304
1006 1940
250 1127
95 1560
1430 382
125 1531
984 1808
1621 887
1811 1349
985 45
380 1376
367 466
628 1919
1771 660
1589 529
1291 1802
485 728
1467 646
1662 798
496 685
109 291
1171 227
719 654
1302 854
744 346
322 1667
606 1584
1052 1584
1454 1588
1467 36
1141 956
666 508
1490 254
11 1185
1993 1118
1599 619
3 1931
1751 1172
699 630
1573 533
209 1976
1613 617
1202 854
1285 398
1356 1944
1563 1182
1697 1799
1495 1333
913 834
1371 833
1324 501
717 1454
393 104
1947 1062
1555 791
340 967
1688 1878
276 660
1238 359
337 206
348 645
920 426
1878 1132
366 634
960 413
1400 1950
928 580
930 1963
1561 1975
759 153
395 25
1837 1987
1500 774
1711 355
1246 1638
1718 436
1817 895
506 1402
1605 722
1973 986
424 1302
1433 1981
891 1155
1531 1477
542 1177
2 1836
430 1455
1006 1513
1680 1881
1214 791
567 1856
1051 1932
1569 997
1410 1348
1804 1638
667 910
125 1927
609 1798
309 1436
293 415
1037 954
940 63
1302 1639
395 745
1527 805
306 952
414 1325
624 1862
429 25
766 353
58 276
687 1246
450 1044
1664 1755
1610 556
217 1297
1435 548
1064 140
145 283
935 1543
1063 1135
1962 603
91 487
470 1206
1336 234
1799 849
416 1045
1606 349
1820 247
1419 1403
651 670
1559 1006
900 1723
1112 1209
1782 1705
581 1362
1879 32
619 563
1141 458
296 1980
1808 1223
1451 493
802 1626
1696 54
1987 1233
1976 1300
1329 1397
1107 54
1940 1203
856 1474
1977 1685
1957 114
673 157
772 613
281 412
656 431
1399 402
640 207
1 408
480 952
1287 1549
219 1664
498 850
1994 879
941 405
1010 197
1717 1204
782 70
292 1580
614 1696
1654 251
613 1446
1677 230
890 879
527 1117
1441 1475
1790 1991
253 231
1859 628
17 148
1392 629
1987 382
1613 343
1771 1784
452 1186
1064 581
1081 445
566 1245
125 1897
253 818
221 655
793 270
1619 1467
1866 1204
583 370
1401 1853
869 1671
1256 1041
425 1659
1505 1168
631 1640
844 276
592 778
917 281
236 1557
1046 1808
501 1611
443 974
591 737
1799 539
1863 1243
1073 778
455 996
127 392
1506 1283
1058 728
608 1332
1034 882
1964 1748
1598 152
344 130
968 290
1121 599
1658 51
1786 1630
1996 1616
1317 701
1172 1187
1137 1813
1287 247
247 1982
897 660
1502 1999
1073 392
631 1350
93 896
1839 996
170 721
3 591
45 1618
1317 95
1147 1913
451 733
724 928
1116 492
85 1921
1956 1453
1265 1868
660 1950
679 1072
1221 1489
585 1154
1286 18
619 411
1723 1617
9 1958
50 1013
1299 1345
1739 1943
1938 1026
868 573
1205 541
1962 602
733 1363
1990 1200
1168 1494
1547 492
286 921
530 867
139 1539
997 599
435 115
1715 1208
838 1647
637 159
1740 258
341 20
3 1338
1483 1254
326 360
329 973
1559 1371
1682 47
158 314
395 1522
1178 791
1550 1548
1408 1541
895 1026
105 672
171 1845
1613 973
535 1261
1936 247
1607 90
418 950
1279 213
454 1611
1026 541
1699 1032
547 1844
1206 838
242 871
1852 1199
1017 821
1433 870
1799 33
1339 999
1784 1098
1951 352
534 1169
1732 767
1158 185
1363 155
1693 450
1602 271
1072 526
607 1585
1829 610
1475 1285
1513 205
1921 1022
1547 1188
1143 1450
789 1908
1694 1319
19 1896
488 1364
1881 153
1750 311
1965 1525
881 227
58 1945
1436 1392
687 1959
1691 1624
1170 1230
476 1450
398 898
486 1795
1942 985
1450 584
373 1173
1486 1053
795 190
716 316
984 1801
1735 1901
1203 1309
109 1884
1563 1588
1813 292
794 469
1112 230
608 26
1013 120
975 1604
1600 1556
1031 687
442 539
1574 95
1851 1413
1641 1308
1694 1841
1810 1232
993 959
1770 1117
1757 1115
1633 1017
