1000 816 1000
0 1 2 3 4 5 6 7 9 10 12 13 14 15 16 18 19 20 21 23 24 25 26 27 28 29 30 32 33 35 36 37 38 39 40 41 42 43 46 47 50 51 52 54 55 56 57 58 59 61 62 63 64 65 66 67 69 71 72 73 74 75 76 77 78 79 80 81 82 83 84 85 86 87 88 89 90 91 92 94 95 97 98 99 100 101 102 103 104 105 106 107 108 109 110 111 112 113 115 116 117 118 119 120 121 122 123 124 125 126 127 128 130 131 133 134 135 137 138 140 141 142 143 144 145 146 147 148 149 150 151 154 156 157 159 160 161 163 164 165 166 167 168 169 170 171 172 173 174 175 176 179 180 181 183 184 186 187 188 189 190 191 192 193 194 195 197 200 201 202 203 204 205 206 207 209 210 211 213 214 215 216 217 219 220 221 222 224 226 227 228 229 230 231 232 233 234 235 236 237 238 239 241 242 243 244 245 247 248 249 250 251 252 253 254 256 259 261 262 263 265 266 268 269 270 271 272 273 274 275 277 278 279 281 282 283 284 285 286 287 289 290 293 294 295 296 297 298 299 300 301 302 303 306 308 310 311 312 313 314 315 316 318 319 320 321 322 323 324 325 326 327 328 329 330 331 333 334 336 337 338 339 340 342 344 345 346 347 348 349 350 351 352 353 354 355 357 358 359 360 361 362 363 364 365 366 367 369 370 371 372 373 374 375 376 377 380 381 383 385 386 387 391 392 393 394 396 397 398 399 400 401 402 404 405 408 411 412 413 414 415 416 417 418 419 420 421 422 423 424 425 426 427 428 429 430 431 432 433 434 435 436 440 441 442 443 444 445 447 448 449 451 452 453 454 455 456 457 458 459 460 462 464 465 466 467 468 469 470 471 472 474 475 476 477 478 479 480 481 483 484 485 486 487 488 489 490 491 492 493 494 495 496 497 498 499 501 502 503 504 505 506 507 508 509 512 514 515 516 519 520 521 522 524 525 526 528 529 530 531 532 533 534 535 537 538 540 541 542 543 547 548 549 550 552 553 554 556 557 558 559 560 561 562 563 564 565 566 567 568 569 570 571 572 573 574 575 576 578 580 581 582 583 584 585 586 588 589 590 591 592 593 594 595 596 597 598 599 600 601 602 603 604 605 606 607 610 611 612 613 614 616 617 618 619 620 621 622 624 625 626 628 630 631 632 633 634 635 636 637 638 640 641 642 643 644 645 646 647 649 650 651 652 653 654 658 660 662 663 664 665 666 667 668 669 670 671 672 673 675 676 677 680 681 682 683 684 685 686 688 689 690 691 692 693 694 695 697 698 699 701 702 703 705 706 707 708 709 710 712 713 714 716 717 718 719 721 722 723 724 727 728 732 734 735 736 737 738 740 741 743 744 745 747 749 750 751 752 753 754 755 756 757 758 759 760 761 762 763 764 766 767 768 769 773 775 776 777 778 779 780 781 783 785 786 787 788 790 791 792 793 794 795 796 797 799 800 801 803 805 806 807 808 809 810 811 812 813 815 816 817 818 819 820 821 824 825 826 827 829 830 832 833 834 835 836 837 838 839 841 842 843 844 845 846 847 849 850 851 852 853 854 855 856 857 859 860 863 864 865 869 870 871 873 874 875 876 877 878 879 880 881 882 883 884 885 887 888 890 892 893 894 896 897 898 899 900 901 902 903 905 907 908 909 911 912 913 914 915 916 917 919 920 921 922 923 924 925 926 927 928 929 932 933 935 937 938 940 943 944 947 948 949 950 951 952 953 954 955 956 957 958 959 960 961 962 965 966 967 969 970 971 973 974 975 976 977 979 980 981 982 983 984 985 987 988 989 990 991 992 994 995 996 997 998 999
1597 1086
1243 1222
1820 713
85 138
1725 1119
1679 1177
1346 724
1691 1952
211 1669
1652 1850
635 1928
376 75
35 948
101 1611
836 760
415 1273
883 410
1053 1131
780 1252
599 1263
575 1126
804 1146
1586 868
411 681
83 874
875 1770
1418 610
710 1487
1029 1116
1670 714
1 105
665 22
996 1907
603 1124
1553 295
515 1216
1131 860
1483 255
1392 23
1398 761
205 1645
605 646
1481 1238
1480 962
328 810
824 1085
1490 1365
757 507
265 413
1043 1375
1009 1241
1236 1217
1251 1848
700 830
1072 689
1578 1472
1535 1478
311 649
1525 641
34 1074
1808 698
1047 1449
661 1787
724 590
1254 36
1930 1361
725 1781
1789 1338
1398 835
1032 649
1032 1373
1058 1138
1518 469
363 496
226 871
1069 1525
67 451
1878 839
1368 1461
1589 1244
828 128
361 678
977 931
1795 1298
1037 729
1202 801
467 1815
321 205
1410 1509
1678 477
1954 224
437 244
66 769
1278 164
1364 441
1477 1691
1818 542
1424 958
1429 1860
82 1103
1710 738
1527 1399
518 1394
1039 1018
1928 468
919 1586
353 1352
1968 1338
769 143
1688 127
1339 174
1864 1754
1732 1248
374 1007
92 817
1526 1079
548 1614
925 1384
1316 1629
1404 1181
1791 930
458 172
656 694
1006 389
1332 1723
2 7
1913 609
808 269
967 736
867 609
1273 453
1390 838
1788 1746
286 351
182 874
530 380
597 1880
198 592
1122 116
1947 1615
1183 799
1006 110
262 169
531 1586
463 1528
1618 1357
641 676
609 1596
1592 1764
680 1886
230 746
446 940
1613 1074
623 293
896 748
1065 700
174 1919
1633 1462
1127 1159
1621 180
880 1408
1130 1124
616 1329
538 531
256 1965
1230 112
1727 479
751 73
703 1570
176 130
376 635
177 1403
610 803
1057 1681
58 960
1584 1148
457 723
1618 87
489 1551
265 1334
335 1813
1594 269
1108 570
230 105
1306 224
1073 24
1817 197
894 1945
677 814
1788 276
1215 1456
1678 488
657 62
997 1424
1833 960
475 1316
179 1595
1315 1511
1811 778
138 748
212 537
1825 1206
1020 1576
1611 1297
324 1293
1953 1542
1671 1363
1934 685
135 286
506 318
190 289
486 1271
852 225
658 833
1529 182
1520 736
119 548
795 1165
372 507
764 342
1019 1537
617 646
1149 244
1474 1190
1401 1318
1504 1953
1898 1379
288 270
1066 1680
664 164
940 1952
1112 1034
578 1559
330 1920
10 410
1757 1648
688 1661
539 1164
430 1953
897 1439
529 805
458 271
1611 380
319 605
273 147
1660 1059
789 838
195 1573
90 807
203 745
909 1132
1792 440
682 805
1727 1269
656 229
1276 977
602 595
189 242
880 807
810 1888
851 569
1113 1317
1824 388
356 121
1876 489
1583 679
546 1187
729 525
1925 1370
1375 1577
1334 1164
158 1100
1779 360
140 1904
300 480
895 1947
75 1269
189 561
761 1750
1324 1951
692 1961
804 945
282 1985
727 640
1312 1677
293 287
954 357
7 1597
387 707
1697 271
1845 206
696 1323
458 450
920 111
1304 874
686 1302
1943 1109
1739 1514
1140 798
461 659
405 1909
1104 557
37 357
1705 1559
1262 76
66 407
27 1216
1086 241
1242 1681
715 792
1844 826
1242 823
1134 1181
1552 352
1141 1496
52 160
586 1573
1310 965
40 315
10 666
553 781
1829 8
1099 163
836 1352
957 1715
501 135
1830 654
1075 746
1156 434
1512 1292
796 1652
1158 1817
558 1278
1402 383
1641 1542
848 639
173 1267
1392 1309
853 106
1775 158
1620 1704
760 1360
219 803
409 1344
136 1110
224 1722
581 525
15 1342
786 582
259 411
1267 175
526 1239
8 1473
275 1636
437 1858
1948 1038
1259 1893
764 1959
465 1830
1452 757
1648 323
76 450
1138 277
1793 578
1467 1270
817 855
1543 753
1129 1566
280 1594
1243 396
105 1975
1567 1984
1633 1631
1706 79
1803 496
1424 1205
1971 347
79 1636
1456 685
652 249
776 1898
267 842
85 1226
322 358
107 1538
407 975
291 1214
1045 1557
656 345
626 1000
900 1200
930 1789
1537 1406
1329 588
854 1432
1412 863
1959 1934
927 1049
1288 1599
1391 759
1735 1839
138 1365
1712 1572
1844 1978
839 1566
894 434
1529 134
1193 1916
881 1821
1489 1732
687 1104
1355 15
320 1544
717 366
158 1433
1734 1792
878 710
1433 127
332 1502
1958 279
925 1108
797 416
1938 160
576 1288
339 844
841 79
1050 731
886 1163
387 834
252 128
629 901
1143 1008
1046 49
83 1277
1056 1794
527 1910
764 1439
1175 885
560 1202
1019 1100
1646 225
776 1390
1469 1218
381 707
1527 1765
785 330
1138 1204
162 1169
1383 270
411 1248
1576 747
1126 1644
732 1992
1411 1100
834 471
6 1101
1047 175
761 1410
1247 1254
674 39
1235 930
757 1796
220 196
1786 198
1705 810
283 1288
371 799
1621 71
233 1572
265 1867
369 1958
1525 1015
970 585
1314 1263
1954 1997
284 741
1315 430
1155 873
1725 654
226 832
1109 1381
751 1625
680 241
1655 996
478 844
351 1230
243 1456
54 1276
1658 1466
1970 1764
771 1197
989 1469
1201 879
172 1720
1676 1619
1546 545
327 1912
1389 537
310 601
1298 1192
1411 1675
1736 1973
286 206
1235 1197
590 267
1469 517
756 1575
393 1821
8 690
588 12
1496 1657
950 853
294 1247
1605 1554
196 1981
1182 335
1447 1989
244 207
575 1807
1400 523
1314 1983
1014 825
619 1138
1542 113
1166 1114
479 1147
671 1439
398 918
982 1603
69 205
1496 1646
1006 1413
1694 1009
230 1589
1150 488
66 1798
703 342
80 174
1020 951
1449 1108
853 604
938 1644
1011 202
1807 1317
1099 11
1205 1974
266 1834
814 699
1150 965
1102 469
617 1927
1103 1076
1753 396
142 38
1666 1655
1881 294
1964 1104
1183 773
905 1373
1711 1188
1298 46
920 1089
1948 671
1028 1712
219 1572
1381 72
943 742
316 845
1828 300
1845 1982
1240 163
728 1331
1396 1304
197 849
170 134
596 1972
1470 939
22 858
1106 604
152 386
1633 493
988 101
1861 974
1052 482
435 1211
1791 423
54 119
1690 1695
1886 644
1590 1347
467 1236
177 1609
239 702
1416 839
326 1265
1854 1772
1905 1590
1520 1034
1261 1853
193 531
1712 309
1091 1299
782 581
1794 275
37 432
1083 1858
1085 1294
1943 1411
487 936
850 1407
658 1942
848 938
1330 110
59 986
626 1524
294 1307
1749 53
1702 389
600 1620
1839 301
127 1180
50 1196
490 1032
383 1054
1222 1439
637 597
278 464
1606 1020
864 1166
109 252
362 688
739 762
1511 254
460 1364
734 646
596 533
538 845
1677 1059
1182 1837
1819 451
1806 77
1492 1159
911 998
1936 327
372 235
129 93
1589 1621
858 962
1881 995
1779 660
404 1687
1985 1707
1193 1821
577 672
224 1409
323 398
591 1634
610 1209
509 593
906 526
174 488
295 1574
323 215
143 1226
1968 1380
1916 1367
614 1223
317 796
1656 354
543 1680
398 276
1594 405
864 655
999 1742
1086 65
1797 513
1701 948
1998 1420
1974 1409
69 431
399 1579
70 1131
610 1236
1053 619
1413 454
890 563
1135 1844
1384 1532
114 532
615 1942
1146 1348
1856 1770
1773 670
975 1727
1247 380
1082 501
1222 1700
1779 38
1173 743
819 236
1475 849
75 278
1641 278
936 1842
780 1099
836 1914
14 1118
1032 186
1926 1125
1725 567
1632 36
513 888
1039 1025
1165 988
1464 1883
846 1048
1187 663
1837 1986
1495 673
1132 1269
543 1866
868 1908
1480 1955
563 369
815 365
589 5
1358 871
1621 96
851 476
731 1764
844 1675
1779 208
1034 1499
678 344
1559 1337
860 1794
838 109
536 158
1842 67
962 227
1345 1834
17 249
516 864
237 571
847 1449
1867 761
134 1604
1148 975
942 1965
762 1216
993 263
997 273
792 1914
1204 1286
840 52
1463 1130
262 1810
1889 1938
219 207
512 1061
520 1699
1585 328
544 731
1480 1033
1632 1475
247 899
1979 1759
1028 1697
51 94
558 403
757 1366
1143 1540
1574 533
864 830
953 265
1219 1564
1266 1363
473 1150
564 639
65 1790
1815 1280
464 700
655 967
990 19
765 1577
35 775
1648 1309
857 1840
967 1451
472 1626
24 1803
1010 0
1186 1848
1678 1039
1069 1003
1932 72
1694 960
1843 409
606 1248
0 949
548 1848
999 1964
1020 966
1760 173
89 207
581 707
1681 903
988 618
226 1203
1521 643
1196 761
797 532
502 227
1042 803
100 1113
6 886
1625 1052
1537 1096
1537 1790
439 185
1879 30
988 38
1750 1219
873 352
114 1975
182 1299
1726 835
1490 858
664 83
1866 332
801 1372
1596 1176
695 339
141 365
392 911
640 1197
1056 1974
341 837
1469 184
90 1317
1844 112
712 827
1290 70
1798 567
1834 863
992 1588
1839 1662
1713 1446
478 202
299 1502
497 1109
1361 557
982 233
1592 1208
507 1481
1450 1848
494 961
862 136
752 1634
693 1390
1272 52
877 1296
1570 545
133 302
1814 1703
1388 1065
57 746
576 733
1267 1221
1563 836
1266 1799
1748 1724
1325 1761
958 1350
1740 1784
1644 134
54 234
85 1080
875 1216
647 168
160 325
1159 964
1263 42
1599 1585
1294 1292
379 279
342 1762
277 991
1735 506
1210 1161
1082 1177
1312 814
1424 1930
881 406
1036 171
1462 1861
330 381
992 1539
360 831
1034 333
1381 144
1211 1586
715 1016
318 1441
1143 1152
1206 848
1505 346
26 865
826 1614
904 1241
1173 1127
913 1239
1147 725
1855 671
177 1973
1684 471
1052 1783
1800 1607
1399 883
1686 196
378 1029
96 1887
645 1907
1534 592
879 1774
1106 1142
258 326
1748 1731
1276 233
353 1816
353 311
746 1026
216 1526
762 1357
393 1024
679 313
727 1192
770 764
775 1168
581 1177
1065 1273
837 1276
1649 182
974 1661
560 1392
1000 1858
1174 1855
304 1985
328 1894
1694 869
1603 1735
1411 234
1010 853
234 971
1938 288
848 344
1872 1769
705 1204
129 504
153 1737
1949 510
226 447
101 457
945 1969
407 877
225 810
1293 873
1365 114
944 1078
798 1273
1670 672
216 1754
506 1364
1856 1425
565 1555
1225 1843
19 653
863 244
1226 1323
467 846
1283 17
196 281
394 1384
12 428
721 1435
1150 671
702 1752
1031 1128
791 566
329 1391
1368 723
1921 1672
45 1863
7 1704
1947 1551
1605 1303
1223 429
1196 379
1418 1098
915 65
