490
21
108
53
395
499
379
261
459
198
294
301
88
490
76
143
473
78
472
337
450
342
283
270
210
106
193
224
87
45
104
358
90
480
259
300
271
229
370
364
441
41
243
483
482
261
125
250
148
332
232
19
404
130
383
106
57
338
117
41
111
402
127
134
219
432
57
451
438
383
341
80
50
133
356
456
384
40
93
345
301
317
46
497
308
401
349
116
99
202
270
193
298
115
78
214
277
466
431
22
29
128
125
21
461
334
2
371
375
439
166
110
484
368
276
447
67
459
313
223
140
286
38
384
391
5
305
462
231
258
181
449
42
65
309
150
284
394
7
332
384
105
93
56
66
261
35
14
172
207
485
494
462
330
148
365
255
171
32
442
473
6
288
7
291
119
249
323
134
46
259
227
193
377
99
436
266
469
63
70
479
326
463
125
83
50
380
52
137
488
241
191
406
427
128
160
417
196
34
391
325
382
445
314
32
411
308
250
151
188
99
216
374
175
348
217
429
370
135
422
483
29
96
284
83
449
482
18
387
500
13
78
20
410
400
109
28
376
477
459
276
187
232
286
126
400
49
379
284
459
223
353
123
458
427
299
7
53
73
79
282
204
437
235
388
97
360
204
446
202
170
59
420
236
180
53
195
372
12
374
270
141
297
87
365
6
404
410
320
427
361
374
8
192
430
385
167
225
342
198
496
454
320
146
187
341
190
156
439
77
19
419
47
201
355
108
14
345
275
345
228
179
65
485
243
366
177
329
279
220
145
342
281
20
99
209
95
83
254
383
84
401
417
66
27
499
56
328
204
152
93
288
466
362
422
91
367
196
366
306
326
374
140
216
197
38
211
437
315
154
130
417
2
373
308
219
376
443
230
403
123
426
142
36
432
433
78
489
311
374
300
142
131
260
423
452
25
122
311
369
104
228
140
134
274
460
396
278
61
243
417
341
225
351
276
58
168
307
171
321
183
381
222
289
496
239
319
277
447
124
272
135
4
195
263
384
326
290
359
81
422
387
251
326
238
455
66
8
114
164
172
483
261
311
363
96
129
352
7
366
305
40
24
412
106
6
428
450
340
398
411
491
385
51
43
457
116
282
72
395
272
127
439
342
366
122
214
223
192
206
426
480
322
452
57
4
415
149
291
106
264
237
80
38
323
49
182
429
319
425
161
97
48
51
215
154
459
37
233
124
332
189
482
430
52
333
233
481
380
136
150
407
316
360
339
268
361
94
69
341
249
295
192
490
89
232
432
115
185
368
311
27
358
104
11
413
141
410
468
478
253
169
278
317
354
310
201
472
472
137
78
398
92
349
36
377
470
165
499
234
141
114
114
431
225
369
65
5
243
243
232
433
463
424
62
82
315
486
409
338
404
208
201
481
395
226
209
469
449
444
285
90
221
74
103
14
304
314
21
462
54
147
459
330
217
40
186
415
302
143
326
23
258
97
88
63
307
383
346
369
271
333
87
391
137
36
32
104
115
120
284
278
373
95
186
75
44
402
84
380
314
280
108
84
413
452
392
479
303
138
122
190
209
258
22
285
248
423
436
362
181
62
375
434
42
327
292
148
418
328
202
86
104
249
134
420
478
259
430
418
375
203
364
95
319
79
105
155
200
159
404
375
14
177
419
202
477
149
179
137
324
41
475
194
450
417
487
475
375
34
170
429
465
334
222
67
272
378
225
266
489
232
348
334
399
107
471
173
24
454
271
277
123
82
213
333
452
49
12
452
180
258
187
447
157
349
220
332
43
155
392
397
42
34
313
345
97
324
75
275
466
236
312
30
189
261
339
18
484
155
221
11
339
362
66
140
267
435
359
52
301
36
54
413
118
126
223
370
24
123
435
265
275
239
14
121
428
441
253
254
151
51
470
480
139
118
110
369
420
466
430
420
356
224
482
444
83
496
286
228
268
115
221
232
30
405
177
267
276
204
389
197
252
384
27
398
467
275
119
304
221
419
26
169
111
323
312
157
46
274
468
24
436
392
44
490
180
6
341
479
165
195
222
14
2
100
421
287
230
49
95
498
495
475
136
399
51
454
471
300
238
375
301
124
9
358
160
162
213
337
46
326
422
185
204
214
270
193
485
491
350
209
263
59
106
36
68
17
44
464
42
280
311
406
370
366
465
6
393
405
208
439
468
314
169
143
320
319
434
176
132
178
157
264
350
497
103
499
375
416
440
221
356
25
470
416
420
252
134
475
3
462
143
431
11
383
367
382
97
379
267
85
11
416
287
479
51
97
225
63
356
249
182
303
396
302
207
184
320
151
