1000 273 10
0 1 2 5 11 12 16 21 24 25 26 27 32 34 36 38 40 41 42 43 47 50 51 60 62 63 66 68 81 82 90 102 103 104 112 117 120 121 123 127 136 137 140 151 155 157 163 170 173 175 179 182 187 189 190 192 195 197 199 202 206 215 216 217 221 225 230 235 236 240 241 242 246 251 254 258 263 275 286 288 289 293 304 309 315 319 326 336 339 343 351 358 363 365 370 373 374 375 376 379 380 381 382 388 397 399 404 405 406 407 414 416 420 422 424 427 428 432 439 440 445 449 456 461 464 465 466 467 469 471 472 473 475 476 484 486 489 493 499 500 502 508 511 513 516 519 520 521 525 527 529 535 539 540 541 544 555 558 559 561 567 569 571 572 574 576 581 582 583 590 595 596 600 605 614 616 618 624 626 628 629 635 637 643 644 650 655 656 662 667 668 673 687 690 692 697 704 709 710 711 712 719 720 722 723 725 728 729 732 736 751 753 757 758 760 761 764 765 767 770 779 796 797 799 802 803 804 806 809 812 813 815 816 819 822 824 830 843 846 850 855 860 865 870 873 882 893 894 898 903 909 911 914 922 923 925 928 937 941 942 948 950 954 961 962 963 977 983 984 989 992 996 997
474 618
838 1366
1766 1856
1357 97
234 994
1388 321
1560 609
690 1907
1324 422
644 1982
