1000 189 100
0 1 8 11 14 17 19 20 39 41 46 48 78 79 83 90 92 93 95 112 125 129 130 133 134 138 142 144 147 152 156 163 166 168 182 184 190 191 194 202 204 207 212 222 231 235 236 238 242 249 253 268 273 289 292 304 305 306 312 314 321 329 338 341 345 346 351 359 364 389 393 396 401 402 409 414 416 421 422 423 429 435 436 444 445 449 451 455 456 469 472 491 495 510 514 522 538 546 550 554 561 562 563 566 567 569 570 571 580 581 587 602 611 619 620 624 632 634 637 644 645 647 648 658 665 669 675 676 683 687 696 697 700 711 722 723 726 739 741 744 747 752 768 772 787 788 789 792 796 800 801 807 809 816 825 828 831 834 835 836 851 857 866 867 873 880 887 888 891 897 902 909 915 919 941 946 951 952 957 961 965 966 968 971 977 980 985 988 995
831 1650
1607 1080
1624 841
1653 1618
1017 1241
165 1592
645 1589
1448 547
521 368
946 1396
1006 1963
1558 653
189 1215
1472 297
1873 554
1782 1796
141 865
1171 1946
198 501
276 1199
1256 1016
1971 695
444 1901
679 265
1964 962
1604 1847
497 1607
498 628
454 1298
1599 1442
1165 511
796 402
1452 1589
1648 1060
652 1320
1135 1174
1997 89
1269 807
9 1132
1611 1000
983 1268
1997 952
559 1040
1780 813
1120 1533
768 835
1807 1487
677 1300
868 1943
1497 1583
1004 1937
1635 501
1017 889
1736 1990
1992 1738
1945 952
1152 1900
1732 373
528 1598
497 1700
1362 1470
856 1887
1114 1199
1241 229
526 1421
986 1177
1433 312
1394 1942
391 884
1016 1639
322 104
908 1760
1763 1376
561 1191
784 723
1862 597
752 1025
1236 133
1266 290
1766 430
156 747
260 700
1070 1766
1062 554
1711 1203
78 1736
1196 1925
1007 1206
1132 144
1376 600
1275 1039
1225 108
284 676
330 1313
1818 397
1956 1092
515 1564
1244 1659
1641 1377
593 1232
