1999 2
1 0 0 0 0 0 0 0 0 0 0 0 0 0 0 0 0 0 0 0 0 0 0 0 0 0 0 0 0 0 0 0 0 0 0 0 0 0 0 0 0 0 0 0 0 0 0 0 0 0 0 0 0 0 0 0 0 0 0 0 0 0 0 0 0 0 0 0 0 0 0 0 0 0 0 0 0 0 0 0 0 0 0 0 0 0 0 0 0 0 0 0 0 0 0 0 0 0 0 0 0 0 0 0 0 0 0 0 0 0 0 0 0 0 0 0 0 0 0 0 0 0 0 0 0 0 0 0 0 0 0 0 0 0 0 0 0 0 0 0 0 0 0 0 0 0 0 0 0 0 0 0 0 0 0 0 0 0 0 0 0 0 0 0 0 0 0 0 0 0 0 0 0 0 0 0 0 0 0 0 0 0 0 0 0 0 0 0 0 0 0 0 0 0 0 0 0 0 0 0 0 0 0 0 0 0 0 0 0 0 0 0 0 0 0 0 0 0 0 0 0 0 0 0 0 0 0 0 0 0 0 0 0 0 0 0 0 0 0 0 0 0 0 0 0 0 0 0 0 0 0 0 0 0 0 0 0 0 0 0 0 0 0 0 0 0 0 0 0 0 0 0 0 0 0 0 0 0 0 0 0 0 0 0 0 0 0 0 0 0 0 0 0 0 0 0 0 0 0 0 0 0 0 0 0 0 0 0 0 0 0 0 0 0 0 0 0 0 0 0 0 0 0 0 0 0 0 0 0 0 0 0 0 0 0 0 0 0 0 0 0 0 0 0 0 0 0 0 0 0 0 0 0 0 0 0 0 0 0 0 0 0 0 0 0 0 0 0 0 0 0 0 0 0 0 0 0 0 0 0 0 0 0 0 0 0 0 0 0 0 0 0 0 0 0 0 0 0 0 0 0 0 0 0 0 0 0 0 0 0 0 0 0 0 0 0 0 0 0 0 0 0 0 0 0 0 0 0 0 0 0 0 0 0 0 0 0 0 0 0 0 0 0 0 0 0 0 0 0 0 0 0 0 0 0 0 0 0 0 0 0 0 0 0 0 0 0 0 0 0 0 0 0 0 0 0 0 0 0 0 0 0 0 0 0 0 0 0 0 0 0 0 0 0 0 0 0 0 0 0 0 0 0 0 0 0 0 0 0 0 0 0 0 0 0 0 0 0 0 0 0 0 0 0 0 0 0 0 0 0 0 0 0 0 0 0 0 0 0 0 0 0 0 0 0 0 0 0 0 0 0 0 0 0 0 0 0 0 0 0 0 0 0 0 0 0 0 0 0 0 0 0 0 0 0 0 0 0 0 0 0 0 0 0 0 0 0 0 0 0 0 0 0 0 0 0 0 0 0 0 0 0 0 0 0 0 0 0 0 0 0 0 0 0 0 0 0 0 0 0 0 0 0 0 0 0 0 0 0 0 0 0 0 0 0 0 0 0 0 0 0 0 0 0 0 0 0 0 0 0 0 0 0 0 0 0 0 0 0 0 0 0 0 0 0 0 0 0 0 0 0 0 0 0 0 0 0 0 0 0 0 0 0 0 0 0 0 0 0 0 0 0 0 0 0 0 0 0 0 0 0 0 0 0 0 0 0 0 0 0 0 0 0 0 0 0 0 0 0 0 0 0 0 0 0 0 0 0 0 0 0 0 0 0 0 0 0 0 0 0 0 0 0 0 0 0 0 0 0 0 0 0 0 0 0 0 0 0 0 0 0 0 0 0 0 0 0 0 0 0 0 0 0 0 0 0 0 0 0 0 0 0 0 0 0 0 0 0 0 0 0 0 0 0 0 0 0 0 0 0 0 0 0 0 0 0 0 0 0 0 0 0 0 0 0 0 0 0 0 0 0 0 0 0 0 0 0 0 0 0 0 0 0 0 0 0 0 0 0 0 0 0 0 0 0 0 0 0 0 0 0 0 0 0 0 0 0 0 0 0 0 0 0 0 0 0 0 0 0 0 0 0 0 0 0 0 0 0 0 0 0 0 0 0 0 0 0 0 0 0 0 0 0 0 0 0 0 0 0 0 0 0 0 0 0 0 0 0 0 0 0 0 0 0 0 0 0 0 0 0 0 0 0 0 0 0 0 0 0 0 0 0 0 0 0 0 0 0 0 0 0 0 0 0 0 0 0 0 0 0 0 0 0 0 0 0 0 0 0 0 0 0 0 0 0 0 0 0 0 0 0 0 0 0 0 0 0 0 0 0 0 0 0 0 0 0 0 0 0 0 0 0 0 0 0 0 0 0 0 0 0 0 0 0 0 0 0 0 0 0 0 0 0 0 0 0 0 0 0 0 0 0 0 0 0 0 0 0 0 0 0 0 0 0 0 0 0 0 0 0 0 0 0 0 0 0 0 0 0 0 0 0 0 0 0 0 0 0 0 0 0 0 0 0 0 0 0 0 0 0 0 0 0 0 0 0 0 0 0 0 0 0 0 0 0 0 0 0 0 0 0 0 0 0 0 0 0 0 0 0 0 0 0 0 0 0 0 0 0 0 0 0 0 0 0 0 0 0 0 0 0 0 0 0 0 0 0 0 0 0 0 0 0 0 0 0 0 0 0 0 0 0 0 0 0 0 0 0 0 0 0 0 0 0 0 0 0 0 0 0 0 0 0 0 0 0 0 0 0 0 0 0 0 0 0 0 0 0 0 0 0 0 0 0 0 0 0 0 0 0 0 0 0 0 0 0 0 0 0 0 0 0 0 0 0 0 0 0 0 0 0 0 0 0 0 0 0 0 0 0 0 0 0 0 0 0 0 0 0 0 0 0 0 0 0 0 0 0 0 0 0 0 0 0 0 0 0 0 0 0 0 0 0 0 0 0 0 0 0 0 0 0 0 0 0 0 0 0 0 0 0 0 0 0 0 0 0 0 0 0 0 0 0 0 0 0 0 0 0 0 0 0 0 0 0 0 0 0 0 0 0 0 0 0 0 0 0 0 0 0 0 0 0 0 0 0 0 0 0 0 0 0 0 0 0 0 0 0 0 0 0 0 0 0 0 0 0 0 0 0 0 0 0 0 0 0 0 0 0 0 0 0 0 0 0 0 0 0 0 0 0 0 0 0 0 0 0 0 0 0 0 0 0 0 0 0 0 0 0 0 0 0 0 0 0 0 0 0 0 0 0 0 0 0 0 0 0 0 0 0 0 0 0 0 0 0 0 0 0 0 0 0 0 0 0 0 0 0 0 0 0 0 0 0 0 0 0 0 0 0 0 0 0 0 0 0 0 0 0 0 0 0 0 0 0 0 0 0 0 0 0 0 0 0 0 0 0 0 0 0 0 0 0 0 0 0 0 0 0 0 0 0 0 0 0 0 0 0 0 0 0 0 0 0 0 0 0 0 0 0 0 0 0 0 0 0 0 0 0 0 0 0 0 0 0 0 0 0 0 0 0 0 0 0 0 0 0 0 0 0 0 0 0 0 0 0 0 0 0 0 0 0 0 0 0 0 0 0 0 0 0 0 0 0 0 0 0 0 0 0 0 0 0 0 0 0 0 0 0 0 0 0 0 0 0 0 0 0 0 0 0 0 0 0 0 0 0 0 0 0 0 0 0 0 0 0 0 0 0 0 0 0 0 0 0 0 0 0 0 0 0 0 0 0 0 0 0 0 0 0 0 0 0 0 0 0 0 0 0 0 0 0 0 0 0 0 0 0 0 0 0 0 0 0 0 0 0 0 0 0 0 0 0 0 0 0 0 0 0 0 0 0 0 0 0 0 0 0 0 0 0 0 0 0 0 0 0 0 0 0 0 0 0 0 0 0 0 0 0 0 0 0 0 0 0 0 0 0 0 0 0 0 0 0 0 0 0 0 0 0 0 0 0 0 0 0 0 0 0 0 0 0 0 0 0 0 0 0 0 0 0 0 0 0 0 0 0 0 0 0 0 0 0 0 0 0 0 0 0 0 0 0 0 0 0 0 0 0 0 0 0 0 0 0 0 0 0 0 0 0 0 0 0 0 0 0 0 0 0 0 0 0 0 0 0 0 0 0 0 0 0 0 0 0 0 0 0 0 0 0 0 0 0 0 0 0 0 0 0 0 0 0 0 0 0 0 0 0 0 0 0 0 0 0 0 0 0 0 0 0 0 0 0 0 0 0 0 0 0 0 0 0 0 0 0 0 0 0 0 0 0 0 0 0 0 0 0 0 0 0 0 0 0 0 0 0 0 0 0 0 0 0 0 0 0 0 0 0 0 0 0 0 0 0 0 0 0 0 0 0 0 0 0 0 0 0 0 0 0 0 0 0 0 0 0 0 0 0 0 0 0 0 0 0 0 0 0 0 0 0 0 0 0 0 0 0 0 0 0 0 0 0 0 0 0 0 0 0 0 0 0 0 0 0 0 0 0 0 0 0 0 0 0 0 0 0 0 0 0 0 0 0 0 0 0 0 0 0 0 0 0 0 0 0 0 0 0 0 0 0 0 0 0 0 0 0 0 0 0 0 0 0 0 0 0 0 0 0 0 0 0 0 0 0 0 0 0 0 0
1622
0
0
0
1907
791
1625
119
0
0
601
590
0
1202
897
1354
0
763
0
0
0
1127
1280
1277
1899
0
1684
156
929
0
1787
1814
1763
1079
0
647
0
0
0
1892
1952
1599
0
0
456
0
0
0
1353
0
967
0
1475
35
1412
0
508
0
0
0
0
0
0
0
0
0
616
0
974
1901
0
0
0
0
0
0
1671
0
0
0
68
1487
509
1608
0
0
0
0
0
1654
154
0
0
347
1220
1881
877
0
0
0
0
0
0
0
422
0
78
0
187
1850
0
404
0
0
768
1686
89
0
0
0
0
442
0
0
0
0
0
0
0
0
0
0
0
0
1895
516
0
0
177
1271
0
1458
1191
1967
0
58
0
0
0
0
30
1739
0
0
606
0
1961
1425
0
262
838
820
0
924
0
0
524
0
1825
93
0
395
1631
0
0
0
0
127
0
0
1063
0
0
735
1721
0
0
0
1084
902
1563
1704
0
933
1736
0
1874
43
378
283
1044
0
52
1452
0
88
0
196
0
1948
1287
0
0
0
0
710
0
0
0
0
927
1338
0
379
0
0
0
1675
0
0
0
899
1623
0
1598
364
0
1924
0
0
0
0
0
1164
1990
544
0
1560
0
1841
886
840
0
0
0
1808
1332
941
1348
566
0
0
577
0
469
475
411
0
468
0
1564
1152
415
26
0
314
0
17
0
0
202
0
0
76
1869
270
806
0
554
0
1497
0
1157
288
1603
802
0
1542
66
0
0
317
0
1997
0
0
677
0
479
0
1873
745
209
0
306
63
0
674
480
0
614
1745
1021
0
1933
0
0
0
1070
0
118
0
65
0
9
0
153
0
212
0
1069
1891
301
0
73
1520
0
818
0
0
0
0
959
0
1883
0
1261
911
1346
1855
1186
0
1001
0
0
0
0
705
1258
0
0
887
1381
218
1920
0
845
0
0
1206
0
1462
0
0
427
0
0
0
0
0
1773
1843
0
1970
0
0
1009
138
863
1755
0
1173
0
0
827
637
0
1286
1568
1171
0
0
448
328
0
111
739
0
0
0
0
0
727
0
0
1939
0
1176
866
1463
0
0
723
0
0
0
1115
1216
1323
540
280
0
0
934
1685
960
239
0
0
0
75
1293
300
292
0
0
0
0
1969
0
0
186
0
1569
0
0
0
0
0
0
0
0
0
1816
0
466
0
1440
0
0
21
0
526
0
484
978
0
0
0
0
0
1390
1875
1194
1860
0
1163
0
864
0
0
1518
1097
0
0
1681
0
0
0
811
1510
0
0
0
0
0
0
38
64
1624
0
0
1496
0
0
0
180
0
0
670
458
0
722
772
407
0
1468
0
0
0
0
504
671
0
3
1714
1889
1051
0
1217
72
0
0
0
0
0
1643
0
461
0
891
1541
1049
1971
1751
0
1020
420
1124
1637
463
223
0
149
1108
174
0
1168
0
1937
0
471
0
0
0
0
450
0
0
0
0
507
1471
692
0
0
383
1450
0
0
0
350
662
1587
0
0
1398
370
1922
1344
1434
1980
0
0
1302
0
0
0
0
0
0
0
1094
0
596
0
0
760
0
1298
1983
19
673
0
0
237
0
254
1091
0
1770
1746
0
165
643
0
0
1701
0
512
366
1215
86
890
0
0
0
0
1232
249
1081
0
0
0
1284
0
1553
0
0
0
0
1294
0
0
168
1369
0
522
0
381
0
1077
1708
984
1769
0
1543
0
1386
0
1310
0
0
649
1954
1488
367
0
620
0
0
121
0
99
0
1546
0
0
365
0
344
261
0
436
1040
179
0
0
585
1337
1750
0
0
131
1946
0
0
558
717
0
1019
1575
0
1861
0
940
995
1916
0
0
990
384
0
0
0
1720
0
0
1005
0
0
0
1713
1584
421
0
470
0
553
0
0
657
0
0
785
1060
0
0
0
664
0
0
1748
1442
1143
1885
0
0
789
1187
0
120
1057
0
0
852
303
0
0
490
0
919
0
0
0
0
1093
1159
0
435
386
0
0
1574
1493
0
0
0
1909
1839
0
0
980
0
207
279
0
0
1403
0
970
0
1514
556
726
297
0
0
778
0
0
1898
1427
0
681
101
1203
0
1071
0
1580
1548
0
1469
0
0
0
0
60
0
0
0
1166
240
872
668
2
1439
1877
0
0
1411
0
0
1908
0
888
0
1547
10
1730
0
0
0
431
0
0
0
1382
1438
1129
205
1405
1334
0
0
0
0
0
0
0
0
324
626
730
1918
0
1618
0
1250
0
0
0
0
0
332
0
1389
1614
1778
0
0
0
0
1383
225
1656
515
0
0
425
0
1281
0
1729
599
0
0
0
1555
103
455
0
0
1351
1728
242
226
1794
0
0
0
1519
0
1399
581
137
1815
1181
1744
1417
0
0
1200
0
0
828
1356
0
0
656
123
193
1974
1802
1858
0
1989
868
0
0
113
1270
0
904
0
482
0
0
0
0
0
1959
0
46
213
104
1576
0
0
1414
0
861
1878
0
1053
243
0
0
0
0
0
1100
0
0
147
588
0
0
501
982
713
1806
1235
846
953
1292
955
0
0
0
390
1505
0
0
0
0
74
613
1890
61
513
0
541
128
1824
1024
956
0
0
0
1180
743
0
124
268
1236
686
0
0
0
1150
0
134
39
808
0
1222
371
0
1483
1246
0
467
0
0
777
356
0
0
0
0
1448
1416
389
0
0
622
0
617
0
1670
1936
0
0
1116
85
500
0
163
0
171
0
0
0
1289
0
62
1724
0
0
1461
1772
573
579
1025
0
0
0
0
1196
0
1903
892
0
0
539
1243
424
0
0
1795
1780
0
0
47
0
1515
0
1121
0
0
1617
1188
183
0
850
0
0
905
0
0
0
1443
0
0
0
0
1420
0
1822
0
874
1132
0
491
0
56
0
583
1783
752
0
0
1593
0
999
0
1665
1050
0
376
0
0
0
0
1629
0
0
0
0
618
1066
532
1201
0
0
0
0
1329
0
944
525
0
1857
0
215
701
1530
0
0
0
0
920
1940
0
655
277
1880
1429
0
141
0
751
0
0
0
0
0
0
0
0
831
788
230
1797
1801
0
87
1604
1262
0
0
0
0
0
764
0
0
229
1532
0
0
20
1219
0
217
1456
1615
0
747
0
928
0
0
1379
1139
0
1433
80
0
0
1360
214
536
718
793
338
457
0
0
102
100
253
1304
848
0
327
487
0
0
1350
767
0
1900
0
0
0
0
1238
1125
0
0
0
130
1926
472
0
1988
0
418
0
1072
0
1467
92
0
876
1527
0
488
308
708
885
1921
1912
1517
0
44
0
234
496
0
1782
700
0
175
0
0
1747
1521
0
666
0
0
1179
0
0
1228
1904
0
1374
1502
0
1174
0
336
0
799
0
0
0
0
0
1606
0
1917
1996
847
0
1486
912
0
521
0
0
1572
0
0
707
1363
0
393
0
1642
952
0
0
0
132
0
0
0
658
1494
0
0
59
0
0
0
812
549
0
528
0
0
0
0
1146
621
0
0
0
0
679
971
0
1368
98
0
0
998
0
1558
0
0
1567
443
0
0
176
1326
794
0
0
0
1378
0
0
1760
0
0
0
1652
326
320
0
0
0
1318
0
0
514
586
693
1391
0
0
0
275
0
860
71
873
0
1705
0
0
851
0
0
0
1255
473
1085
0
0
0
0
0
48
0
979
0
0
517
1693
0
1394
188
1033
0
255
0
0
0
0
0
1529
771
0
0
0
387
0
0
1387
1107
1538
1300
0
1718
0
0
133
640
1027
1352
0
0
992
489
0
0
0
0
0
0
0
0
354
1955
1669
0
1910
0
976
0
0
1635
0
1366
1702
758
460
688
0
538
1459
0
0
0
220
231
0
0
0
1175
1131
1239
1242
0
1984
0
634
498
0
0
0
403
1950
0
0
1189
1449
0
0
0
1934
1101
0
1911
0
0
0
1397
1634
555
0
600
748
1725
0
834
750
0
1341
807
0
1689
1041
0
1254
942
591
1680
0
0
505
1657
1673
0
0
803
0
663
0
0
1902
1809
145
1965
0
0
784
0
0
1789
624
4
0
0
0
0
182
1402
1026
0
1218
0
13
781
0
0
1004
0
79
1479
0
0
0
0
889
1089
0
635
1404
412
0
1998
0
465
0
419
0
0
1095
227
1732
1798
1766
1211
605
0
1650
1590
627
0
0
0
1853
0
1893
0
0
1731
0
761
0
0
1234
1147
0
0
0
0
1221
0
1844
0
1678
0
0
1120
1879
0
0
733
744
0
0
584
0
0
0
362
0
1896
125
1426
0
0
0
159
1473
1712
0
0
0
0
1142
1994
0
0
1365
1812
0
0
0
0
0
247
0
349
0
1827
1781
0
1470
0
589
1148
0
0
0
0
0
1609
0
0
1646
1377
1698
0
703
690
0
1076
0
901
1178
0
0
1039
0
108
1706
0
0
1408
0
0
1328
330
1430
822
0
817
0
0
0
0
0
1559
1687
0
1000
0
1640
1915
352
1141
0
0
1758
0
0
989
1957
0
0
282
1320
340
0
1951
0
0
1065
0
0
1233
0
0
0
796
150
1396
1307
529
0
1476
0
0
903
0
843
148
756
1947
629
310
1155
241
166
1942
1691
0
219
0
560
0
0
1511
1112
646
619
264
0
477
432
0
1421
0
1641
0
0
1734
0
0
907
1719
1110
0
401
1694
1432
0
1213
1138
1136
0
0
0
1288
0
0
0
0
0
795
0
114
0
669
1252
914
0
0
0
0
0
1002
0
0
106
0
0
0
0
0
0
0
1865
769
0
0
0
0
0
0
351
740
0
0
0
0
1504
0
0
0
1676
0
449
0
1335
878
1697
37
1489
126
0
0
334
0
0
305
0
0
0
0
922
129
595
0
0
0
552
0
0
0
1372
0
0
1485
0
830
0
0
0
434
698
290
0
50
0
1784
0
0
0
913
1525
0
1960
1516
1811
1764
1145
0
1741
388
0
0
1492
1008
396
0
0
0
814
981
1941
0
1109
0
0
0
