2000 2
1 0 1 0 0 1 0 0 0 0 1 1 1 1 1 1 0 1 0 1 1 0 1 1 0 0 0 0 1 1 0 1 0 0 0 1 0 1 0 1 0 0 0 1 1 1 1 1 0 0 1 0 1 1 1 1 1 0 0 1 1 0 1 0 0 1 1 0 1 0 1 0 0 1 1 1 0 0 1 0 1 0 1 1 1 1 0 1 1 0 1 1 1 1 0 1 0 1 1 1 1 1 1 0 0 0 1 1 1 0 1 0 1 1 0 1 0 0 1 1 1 1 0 0 1 0 0 0 0 0 0 0 1 1 1 1 0 1 1 0 0 0 1 1 1 1 0 1 1 0 0 0 0 0 0 0 0 0 0 1 1 0 1 1 1 0 0 0 0 0 0 0 1 1 1 1 1 0 1 1 0 0 1 0 0 0 1 1 0 0 0 0 1 0 1 0 0 0 1 1 0 1 0 0 0 1 0 0 1 0 1 1 0 1 1 1 1 0 1 1 1 1 1 1 1 0 1 0 0 0 0 0 0 0 0 0 1 0 1 0 0 0 1 0 1 1 1 0 1 1 1 0 0 0 1 0 1 0 1 1 0 1 0 1 1 0 1 0 0 1 0 0 1 0 0 1 1 0 1 0 0 0 0 1 1 0 0 1 1 0 1 1 0 1 0 0 0 1 1 1 0 0 0 0 1 0 0 1 1 0 1 1 0 1 1 1 0 1 0 0 0 0 1 1 0 0 1 0 1 1 1 1 1 1 1 1 0 0 1 0 0 1 0 0 1 1 1 0 0 1 1 0 1 1 1 0 0 1 0 0 0 1 1 1 1 0 1 1 1 1 0 1 0 1 1 1 0 1 1 0 1 0 0 1 1 1 0 0 1 1 1 1 1 0 1 0 0 1 0 0 0 1 0 0 0 0 1 1 0 0 1 0 1 1 1 0 0 1 0 0 1 1 0 0 1 0 0 0 1 0 0 0 1 0 1 0 1 1 0 0 0 1 1 0 1 0 1 0 1 1 0 1 0 1 1 0 0 1 1 1 1 1 0 1 0 1 0 1 0 1 1 0 0 0 1 0 0 0 0 0 1 1 0 0 1 1 0 0 0 1 0 1 0 0 1 1 0 0 1 0 1 0 0 0 1 1 1 1 1 0 1 1 1 1 1 0 0 0 0 0 0 1 0 0 0 1 0 1 1 1 0 1 0 0 0 1 1 0 1 1 1 0 0 0 1 1 1 1 1 1 0 1 1 0 0 1 0 1 0 0 1 0 0 1 0 1 0 0 1 0 0 1 0 1 1 1 1 0 1 0 1 0 1 0 1 0 0 0 0 0 0 1 1 1 0 0 1 1 1 0 1 0 1 0 0 1 1 0 0 1 0 1 1 1 0 0 1 0 1 0 1 1 0 0 0 1 1 1 1 0 0 1 0 1 0 0 0 0 0 1 1 1 1 1 1 0 0 1 0 0 0 1 0 0 0 0 1 0 1 1 0 1 0 1 0 1 0 0 1 1 1 1 0 1 0 1 0 0 0 0 1 1 1 1 1 1 1 1 0 0 1 0 1 1 0 1 1 1 1 0 1 0 1 1 0 0 1 1 1 0 0 1 0 1 0 1 1 0 0 1 1 0 1 0 0 0 0 1 1 0 0 0 1 1 0 1 0 0 0 1 1 0 0 0 0 1 1 0 0 1 1 1 1 0 1 0 0 0 1 1 0 1 1 0 1 0 0 0 0 1 1 0 1 1 0 1 0 1 0 1 1 1 0 1 1 0 1 1 0 0 1 1 1 0 0 0 0 1 1 1 1 1 0 0 1 1 1 1 1 1 1 0 0 1 0 1 1 0 0 0 0 0 0 1 1 1 0 0 1 1 1 0 0 1 1 1 1 0 0 1 0 1 0 0 0 1 0 1 0 0 0 1 1 1 1 0 1 0 0 0 1 0 1 1 1 1 1 0 1 0 0 1 1 0 0 0 1 0 0 0 0 0 0 1 0 0 0 1 0 0 0 0 0 1 1 1 0 0 0 0 0 1 1 0 1 0 0 0 1 1 0 1 0 0 0 0 0 1 1 1 0 0 1 1 0 0 1 0 0 0 0 1 1 1 0 1 1 1 1 0 0 1 0 1 1 1 1 1 0 1 1 0 1 0 0 0 0 1 1 0 0 0 1 0 0 1 0 1 1 0 0 1 1 0 0 1 0 1 0 0 0 0 0 1 1 0 1 0 1 0 1 0 1 0 1 1 0 0 0 0 1 0 1 1 1 0 1 1 1 0 1 1 0 1 1 1 0 0 1 0 1 0 1 1 1 1 0 0 1 1 0 0 1 0 1 0 1 1 1 1 1 0 1 1 1 0 1 1 1 0 0 1 0 0 0 1 1 1 1 0 1 0 1 0 0 0 1 0 1 1 0 0 0 1 1 1 1 0 0 0 1 0 0 0 0 1 0 0 1 1 0 1 1 1 1 1 1 0 0 0 1 1 1 1 0 1 1 0 0 1 0 0 0 1 0 1 1 0 1 0 1 0 1 1 0 0 0 0 0 1 0 1 1 0 0 0 0 0 1 1 1 0 0 1 0 0 1 1 1 1 0 0 1 0 1 0 0 0 0 1 1 1 0 0 1 0 1 0 1 0 1 1 1 1 0 1 1 1 1 1 0 0 1 1 0 0 0 0 0 1 1 1 0 0 0 1 0 0 0 0 0 0 0 0 1 0 1 0 0 0 1 1 0 0 0 0 0 1 1 0 0 0 0 0 0 0 0 0 0 1 0 1 0 0 0 0 1 0 0 1 1 1 1 0 1 0 1 0 0 0 0 0 1 0 1 1 0 0 1 1 0 0 1 0 0 1 0 1 1 1 1 0 0 0 0 0 0 1 0 0 0 0 0 0 0 0 0 1 0 0 0 1 1 1 1 0 1 0 0 0 0 0 1 0 0 0 1 0 0 0 0 0 1 1 0 0 0 0 0 1 1 0 1 0 1 0 1 0 1 0 0 1 0 1 1 0 1 0 0 1 0 1 0 0 1 0 1 1 1 1 1 0 0 0 0 1 1 1 1 1 1 0 1 1 1 1 1 0 0 0 0 0 0 0 0 1 1 0 0 1 1 0 1 0 0 1 0 0 0 1 1 1 0 1 0 1 0 0 1 1 1 0 0 0 0 0 0 0 0 1 1 0 1 1 0 0 0 0 1 1 1 1 1 0 0 1 1 1 1 0 0 0 1 0 1 1 1 1 1 0 0 1 1 1 0 1 1 1 1 1 1 1 0 1 1 0 0 1 1 0 1 0 0 0 1 0 0 0 0 0 0 0 0 0 0 0 0 1 1 1 0 1 0 0 0 0 1 1 0 0 1 1 0 0 1 1 0 1 1 1 0 1 1 1 0 0 1 1 0 0 0 0 1 1 1 1 0 1 1 1 0 1 0 0 1 0 1 0 0 0 0 0 0 1 0 0 0 0 0 0 1 1 1 0 0 1 0 0 1 1 1 1 0 1 1 1 0 1 1 1 0 0 1 1 0 0 0 0 0 1 1 0 1 1 1 0 0 1 1 0 1 1 0 0 1 0 0 0 1 1 1 0 1 1 1 1 1 0 1 0 0 1 0 1 1 1 1 1 0 0 1 0 0 1 0 1 1 0 1 0 0 1 1 1 0 1 0 1 1 0 1 1 1 0 0 1 0 0 1 0 0 0 0 1 0 1 0 0 1 0 0 1 0 0 1 0 1 0 1 0 0 0 0 1 1 0 0 1 0 0 0 1 1 1 1 0 1 0 0 1 1 1 1 0 0 0 1 1 1 0 0 0 0 0 1 1 0 1 1 0 1 1 0 1 1 0 1 0 1 0 1 0 1 0 0 1 1 1 0 1 1 0 1 0 1 0 0 1 1 1 0 1 1 1 0 1 1 1 1 1 0 0 1 1 0 1 0 0 0 1 0 0 1 0 1 0 1 1 0 1 1 1 1 1 1 1 0 0 0 1 0 1 1 0 0 1 1 1 1 1 0 1 0 0 1 0 1 1 1 1 0 1 1 1 0 1 1 1 1 0 1 0 1 0 1 0 1 0 1 0 0 0 0 1 1 1 1 1 1 0 1 0 0 0 0 0 1 0 1 1 0 1 1 1 0 0 0 0 1 0 1 0 1 1 1 1 1 1 0 0 1 1 1 1 0 0 0 0 1 0 1 1 1 1 0 0 0 1 1 0 1 1 0 1 1 0 1 0 0 0 1 1 1 1 1 0 0 0 1 0 1 1 1 1 1 1 0 0 0 0 1 1 0 0 0 1 0 1 1 0 1 0 1 0 1 1 1 1 0 1 1 1 0 0 0 1 0 1 0 1 1 0 0 0 1 0 0 0 0 1 1 1 0 1 0 1 1 1 0 1 1 0 0 1 0 0 1 0 1 1 1 1 0 1 0 0 0 1 1 0 1 0 1 0 0 1 0 0 0 1 0 0 0 1 0 1 1 1 1 0 0 1 1 1 1 0 1 1 0 1
1743
783
1632
1999
806
1346
1852
1024
671
93
722
578
972
1265
1635
865
1596
862
1014
28
1524
1132
1190
504
92
578
1013
1322
665
205
1765
640
394
967
1420
120
97
112
995
1890
823
219
344
1731
1545
287
332
1682
56
965
421
1191
1992
1724
432
1698
175
1745
671
1555
1320
29
1845
451
505
1379
1800
1817
560
620
675
1724
199
1000
1754
459
1673
469
1419
1769
362
315
1772
871
988
1603
162
310
692
1348
926
563
291
1056
1775
1940
728
369
1900
1673
1654
1681
1501
1993
1754
119
911
1521
605
458
745
1293
949
571
791
1610
1667
946
384
781
205
1148
378
480
1960
23
1206
73
326
176
1375
944
864
388
1572
682
799
361
1173
549
1863
1658
1170
1781
825
1930
1818
1843
856
1478
769
328
917
872
101
680
1487
841
1152
685
74
1446
1826
1688
1453
1581
1905
703
132
1715
1526
1743
798
1168
82
777
512
1934
1007
792
211
1716
1850
1959
1265
1042
1680
406
1630
971
1413
513
1698
245
330
1613
1578
412
417
135
1590
1975
1450
1681
1963
147
1293
830
713
1643
1400
461
618
529
1236
1947
1789
967
574
366
1580
378
772
1242
1695
1679
1334
773
143
70
1020
1400
1645
538
1094
971
746
44
1672
575
298
1916
1742
750
745
1694
1881
605
1183
1436
644
148
992
1422
1764
1832
1443
1177
1605
397
642
621
53
1720
995
560
1002
1873
1577
236
1752
1503
720
1093
937
1763
1477
834
1355
779
893
1577
1815
938
246
1676
1729
1833
1868
1786
210
1832
596
1349
528
683
613
1495
10
1651
491
1701
179
65
707
1018
1518
1882
958
1949
1037
918
1268
1846
901
389
1262
469
825
780
1490
1399
739
256
1306
1391
935
1143
1231
1074
790
918
1038
692
592
144
1131
598
91
1700
498
384
317
1138
118
1961
331
182
334
1551
659
769
835
238
1319
424
1795
1658
904
1204
410
1438
696
1441
555
54
1703
258
350
311
780
866
338
1968
1738
1871
1092
1676
514
1502
1347
1914
50
1507
1524
945
460
1039
147
60
836
160
751
275
17
592
962
919
83
851
775
364
1802
798
313
758
1943
498
288
1956
754
1366
75
261
1972
761
1930
1549
824
164
22
690
1358
1940
374
853
1328
1921
474
1217
470
1708
626
1491
322
626
434
1761
1218
938
863
85
1779
1621
307
500
1292
1850
1244
1703
1656
1953
135
1710
1426
291
643
1589
1032
1592
1239
44
856
198
1010
1154
1737
895
1068
575
1806
1146
1956
1346
669
1499
1395
1796
1716
1395
631
1717
1379
1559
1094
752
1979
100
1195
1479
68
1934
1694
269
35
1211
407
720
1159
23
1364
957
1817
137
1776
1732
66
547
495
1442
1588
1336
711
1840
941
1737
1736
1160
1786
410
1871
1970
1893
1344
284
215
1347
250
494
75
390
1605
1833
1029
506
698
335
815
297
1057
278
287
834
397
1498
290
695
333
1356
444
308
895
1000
272
1997
1393
507
1152
53
244
434
369
633
728
449
1003
1100
43
1739
687
656
84
1845
145
80
847
1947
1828
417
994
186
1663
1664
1339
299
1915
1621
383
876
1592
866
740
246
1170
1043
495
893
536
627
853
65
700
1986
1727
713
887
214
706
546
947
1477
1578
1715
596
276
1756
1631
331
612
1320
1154
59
1497
1138
1595
1562
1901
839
1941
977
457
1771
1120
441
259
454
791
1517
1553
52
568
1893
606
1735
1044
1034
73
527
420
1015
364
1231
446
1092
1464
706
1409
1204
1334
1096
1324
1798
1742
1277
612
685
85
1024
219
1287
1085
665
1103
1572
1173
505
1139
1055
531
341
841
932
1171
779
1022
1206
684
719
715
311
1722
367
1176
458
1218
1122
272
1987
192
1695
1671
1160
481
1291
1945
824
797
1292
863
1958
446
1236
1478
1919
754
992
1229
1449
538
544
80
786
1434
1514
1438
658
459
1796
1028
1892
686
1802
935
1820
442
12
1788
1512
1548
1784
808
836
1060
442
945
535
944
1008
1719
20
1892
182
887
144
563
661
839
46
83
1389
1241
461
1992
512
174
1858
1540
1076
1189
1701
835
1364
12
735
682
902
1606
1563
1106
1908
1499
1175
1380
1638
1553
102
1672
1680
852
1912
1861
1687
371
1011
871
13
1036
414
823
15
91
238
1182
1449
1972
919
1986
1860
808
1486
1183
1961
690
35
47
1764
10
1023
733
1916
1435
1533
986
1739
854
1883
1421
1873
413
658
392
868
1410
680
1434
133
82
1983
1999
1555
1985
783
98
5
1959
1963
437
1762
932
1573
100
759
764
211
173
1868
138
1787
639
1717
345
1115
1398
1164
922
1847
1258
1514
950
909
1359
1993
684
931
647
773
1826
1853
1437
1287
1917
432
1270
616
1985
1331
1831
764
115
1326
1939
1738
1178
1569
216
620
513
775
145
137
1550
582
60
1432
750
1521
1116
1501
862
781
1787
1706
329
693
1686
1791
1829
256
299
574
506
448
931
163
1607
11
557
584
47
1815
1382
1328
428
829
908
173
1426
686
1047
1376
298
1557
1517
345
362
463
353
66
641
1704
480
1118
708
45
936
494
179
504
55
1324
770
1919
1847
1769
670
810
132
55
52
1551
220
1808
801
1010
1888
1920
19
1446
1066
1382
580
975
1419
663
1880
1686
1542
172
807
975
1901
101
43
453
1779
1910
1302
1704
716
1891
625
1540
1161
1259
1784
1632
1853
1428
1967
460
112
1656
1389
933
828
1894
1550
1043
787
1018
1068
14
983
373
584
1570
1625
1994
263
1895
681
198
1380
1109
968
673
551
1211
1863
1549
1425
59
1047
1862
525
557
770
621
597
1270
1148
88
1554
1851
787
751
1697
514
1757
124
242
545
1103
220
631
1594
663
958
113
1089
1006
1164
1457
148
1182
1062
1775
1269
250
451
668
354
1365
1267
1023
1679
1366
1667
950
1814
1917
1996
1362
383
283
1413
1410
772
1498
1727
436
31
1421
1436
1294
1089
1808
1037
92
1057
1559
800
580
606
394
1563
762
1095
11
1479
1623
1991
1375
1032
1147
1874
68
164
174
1598
1355
1598
29
194
95
739
178
276
609
708
1921
258
293
208
1350
1350
1664
591
1800
1385
1058
1623
1518
746
333
633
453
1759
868
813
424
1418
1763
218
830
1451
641
833
159
108
1946
1229
555
1688
732
1363
923
278
1448
414
457
1671
952
50
1580
310
1391
1048
1020
1113
943
201
508
162
1814
1638
1908
1569
698
552
847
489
1760
525
799
1313
1507
350
593
1390
470
1004
1399
1239
290
1359
752
1129
107
323
1590
1988
1870
1123
1860
1454
1519
804
1255
1867
1858
1014
1950
1390
548
1101
1088
1339
1789
549
829
1497
673
1573
1927
484
226
1813
346
366
983
883
1036
368
45
1627
1341
1326
876
133
391
1777
78
1447
800
353
1210
407
1788
377
510
529
413
1242
1994
304
201
1513
535
1122
1120
1861
1635
1710
1604
540
259
600
218
1654
1925
357
1975
1793
759
1627
1262
1362
1840
797
1996
1618
352
972
1593
317
1797
749
332
1584
1506
375
106
338
544
1075
711
790
249
1557
254
865
1818
531
1884
1302
1777
95
1106
1731
1842
598
1558
467
1252
1905
1428
1708
266
344
1166
984
1166
1838
1491
329
389
99
1630
1069
1622
1458
1628
437
143
1778
602
163
307
2
1255
326
1060
539
1131
78
269
1697
697
1594
1876
465
1042
1778
1319
1526
628
1069
371
1541
28
1757
224
1149
1601
806
1486
1412
1895
1159
1066
297
1890
1268
224
93
656
668
1267
1604
124
172
222
19
732
1336
1733
1589
194
121
943
1146
1447
263
1179
1732
1912
138
1797
304
1939
474
1190
511
1519
39
571
552
1073
1997
14
1048
1804
37
1820
175
1798
70
1596
308
1631
1792
1712
805
1622
611
221
354
1761
1749
1376
618
208
1029
1618
521
1034
1914
121
1425
833
90
573
1015
946
266
401
1562
1765
1007
1601
119
87
1968
264
854
1002
62
178
1445
872
1171
368
216
412
792
1080
1259
334
1876
845
1616
99
733
1625
1541
625
349
1487
1720
491
1920
1445
1312
923
1100
716
1991
1422
1503
1595
330
1874
804
74
986
941
1075
1341
1132
1506
1648
436
508
134
352
1946
449
199
1448
244
1729
489
428
1313
261
1615
390
777
5
968
1950
828
106
192
611
1025
288
1722
917
226
102
1365
186
852
1161
1881
1013
13
341
962
1682
1533
210
1882
275
1080
62
1880
627
816
851
314
1409
1039
1178
1217
1929
1441
1358
1046
758
1451
444
37
613
1606
1945
1088
1771
602
1844
1443
248
1277
176
463
548
926
160
187
1051
957
735
1240
335
1651
385
187
159
1348
700
1481
965
521
115
448
1584
813
1118
88
1254
693
864
1102
484
134
1360
1728
1435
573
511
375
551
1056
284
1244
56
1749
1663
357
293
110
952
328
1772
113
1418
1143
1795
687
283
1828
1645
39
107
1588
1512
223
1987
1457
696
644
120
1241
97
1427
108
727
1719
1008
784
1093
902
1240
1149
373
314
346
322
1804
1728
367
467
1949
406
593
1910
1862
1831
20
388
1095
1628
1884
1140
1412
727
221
1813
1349
1398
527
1105
377
1179
642
1967
815
1570
1574
1147
46
1091
1927
936
1867
1545
1615
421
1674
984
1515
1736
1929
507
454
1983
1760
1246
616
1040
1025
922
1607
628
323
1852
1454
1022
1756
707
1450
315
1706
908
142
1102
1312
1294
1712
576
1735
313
545
1004
1344
1687
213
441
1044
1791
0
1246
374
994
1176
722
380
1115
1252
1593
485
1494
1870
715
647
1648
1172
361
242
901
481
1894
860
236
485
661
1058
1925
1883
264
392
1105
223
1306
816
681
1357
683
1363
565
1460
669
1038
1515
1172
909
695
15
1062
349
1073
1296
465
953
1460
1960
245
1055
363
1776
1558
1322
1427
1076
380
540
1851
988
805
222
640
990
2
1844
643
749
911
1003
651
1733
697
1915
977
1603
98
591
31
1258
1958
1806
810
937
1829
110
1643
1357
248
659
651
762
1513
1943
1888
1101
385
1139
1891
1458
1613
1074
1333
1051
1548
1291
1189
1907
1085
702
675
947
1941
1011
1781
845
702
1752
740
363
990
1581
1907
703
1970
1129
784
894
568
1453
1762
1900
1040
1333
1700
500
894
639
949
1331
1842
84
1420
1610
1175
1759
761
1210
1393
1464
1091
1296
1442
1432
214
1838
1123
539
801
1494
213
1792
1495
87
565
1177
546
1360
1269
17
420
1195
904
1843
142
809
1745
22
600
719
1846
786
254
1356
547
1674
1046
597
401
1554
1953
576
1616
609
670
1109
1574
1437
1793
90
118
528
249
1254
1006
1502
54
933
1116
1168
1481
883
1028
1113
860
510
1096
1979
536
1191
215
1988
807
1542
809
391
1490
582
1385
