2000 2
0 1 1 1 1 1 1 1 1 1 1 1 1 1 1 1 1 1 0 1 1 1 1 1 1 1 1 1 0 1 1 0 1 1 1 0 1 1 1 1 1 1 1 1 1 1 1 1 1 1 1 1 1 1 1 1 0 1 1 0 1 1 1 1 1 1 1 1 1 1 1 1 0 1 1 1 1 1 1 1 0 1 0 1 1 1 1 1 1 1 1 1 1 0 1 1 1 1 1 1 1 1 0 0 1 1 1 0 1 1 1 1 0 1 1 0 1 1 1 1 1 1 1 1 1 1 1 1 0 1 1 1 1 1 1 1 1 1 1 1 1 1 1 1 1 1 1 1 1 1 1 0 0 0 1 1 1 1 1 1 1 1 1 1 1 1 1 0 1 1 1 1 1 1 1 0 1 1 0 1 1 1 1 1 1 1 1 1 1 1 1 0 1 0 1 1 1 1 1 1 1 1 1 1 0 1 1 0 1 1 1 0 1 1 1 1 1 1 1 1 1 1 1 1 1 0 1 1 1 1 1 1 1 1 1 1 1 1 1 1 0 1 1 1 1 1 1 1 1 1 1 1 1 1 1 1 0 0 1 1 0 1 1 1 0 1 1 1 1 1 1 1 1 1 0 1 1 1 1 1 1 0 1 0 1 1 1 1 1 1 1 1 1 1 1 1 1 1 1 1 1 0 1 1 1 0 1 1 1 1 1 1 1 1 1 0 1 1 0 1 1 1 1 1 0 1 1 1 1 1 1 1 0 1 1 0 1 1 1 1 0 1 0 1 0 0 1 1 1 1 1 0 1 1 1 1 1 1 0 1 1 1 1 1 1 1 1 1 1 1 1 1 1 1 0 1 0 1 1 1 1 1 1 1 1 1 0 0 1 1 1 1 1 1 0 1 1 1 1 1 1 1 1 0 1 0 1 1 1 1 1 1 1 1 1 1 1 1 1 1 1 0 1 1 1 1 0 1 1 1 0 1 1 1 1 0 1 1 1 0 1 1 1 1 1 1 0 1 1 1 1 0 1 1 1 1 1 1 1 1 1 1 1 0 1 1 1 1 0 1 1 1 1 1 1 1 1 1 1 1 1 0 0 1 1 1 1 1 1 1 1 1 1 0 1 1 1 0 1 1 0 1 0 1 1 1 1 1 1 1 1 1 1 1 1 1 1 1 0 1 1 1 1 1 1 1 1 1 1 0 1 1 1 0 1 1 1 1 1 1 1 1 0 0 1 0 1 1 1 1 0 1 1 1 1 0 0 1 1 1 1 1 0 1 1 1 1 1 1 1 1 1 1 1 1 0 0 1 1 0 0 1 1 0 1 1 1 1 1 1 1 0 1 1 1 1 1 1 1 1 1 1 1 1 1 1 0 1 0 1 0 1 1 0 1 1 1 1 1 1 1 0 1 0 1 1 1 1 0 1 1 1 1 1 1 1 1 0 1 1 0 1 1 1 1 1 1 1 1 1 0 1 1 1 1 1 1 1 1 1 1 1 1 0 1 1 0 1 1 1 1 0 1 1 1 1 1 1 1 1 1 1 1 1 0 0 1 1 0 1 0 1 1 1 1 1 1 1 1 0 1 1 1 1 1 1 1 1 1 0 1 1 1 1 1 1 1 1 1 1 1 1 1 1 1 1 1 1 1 1 1 1 1 1 1 1 1 1 1 1 0 1 1 1 0 0 1 1 1 0 1 1 1 1 1 1 0 1 1 1 1 0 0 1 1 0 1 1 1 1 1 1 1 0 1 0 0 1 0 1 1 1 0 1 1 1 0 1 1 1 0 1 1 1 1 1 1 1 1 0 1 1 1 1 0 1 1 1 1 1 1 0 1 1 1 1 1 1 1 0 1 0 1 1 1 1 1 1 1 1 1 1 1 0 1 1 1 0 0 1 1 1 1 1 1 1 1 1 1 1 1 1 1 1 1 1 1 1 1 1 1 1 1 1 1 1 1 1 1 1 0 1 1 1 1 1 0 1 1 1 1 0 1 1 1 1 1 1 1 1 1 0 1 1 1 0 1 1 1 1 1 1 0 0 1 1 1 1 1 1 1 1 1 1 1 1 0 1 0 1 1 1 0 1 1 1 1 1 1 1 0 1 1 1 1 1 1 1 1 1 1 1 1 1 1 1 1 1 1 0 1 1 1 1 1 1 1 1 1 1 0 1 1 1 0 1 1 1 1 1 0 1 1 1 1 1 0 1 1 1 1 1 1 1 1 0 1 0 1 1 0 1 1 0 0 1 1 1 1 0 1 1 1 1 1 1 0 0 1 0 1 0 1 1 1 1 1 1 1 1 1 1 1 1 1 1 1 1 1 1 1 1 1 1 1 1 1 1 1 1 1 1 1 1 1 1 1 1 1 1 1 0 1 1 1 0 1 1 1 1 1 1 1 1 1 1 1 1 1 1 1 1 1 1 1 1 1 1 0 1 1 1 1 1 1 1 1 1 1 1 1 1 1 1 1 1 1 1 1 0 1 1 1 0 1 1 1 0 1 0 1 1 1 0 1 1 1 0 1 1 1 1 1 1 1 1 1 1 1 1 1 1 1 1 1 1 1 1 1 0 1 1 1 1 0 1 1 1 1 1 1 1 1 1 1 0 0 0 1 1 1 1 1 1 1 0 0 1 0 1 0 1 1 1 0 1 1 1 1 1 0 1 1 1 1 1 0 1 1 1 1 1 1 1 1 1 1 1 1 1 1 1 1 1 1 1 1 0 1 0 1 1 0 1 1 0 1 0 1 1 1 1 1 1 1 1 1 1 1 0 1 1 1 1 1 1 1 1 1 1 1 1 1 1 1 1 1 1 1 1 1 1 1 1 1 1 1 0 1 1 1 1 1 1 1 1 1 1 1 1 1 0 1 1 1 1 1 0 0 1 0 1 1 1 1 1 1 1 1 0 1 0 1 0 1 1 1 1 0 1 1 1 1 1 0 1 1 1 1 1 0 1 1 1 1 1 1 1 1 1 1 1 1 0 0 1 1 1 1 1 0 1 1 1 1 0 1 1 1 1 1 0 1 0 1 1 1 1 1 1 1 1 0 1 1 1 1 1 1 1 1 0 1 1 1 1 1 1 1 0 1 1 1 1 1 1 1 0 1 1 1 1 1 1 1 1 1 1 1 1 1 0 1 1 1 1 1 1 1 1 0 1 1 1 1 0 1 1 0 1 1 1 1 1 0 1 1 1 1 1 1 1 1 1 1 1 1 1 1 0 1 1 1 1 1 1 1 1 1 1 1 1 1 1 1 1 1 1 0 0 1 1 1 1 1 1 1 1 1 1 1 1 1 0 0 1 0 1 1 1 0 1 0 1 1 1 0 1 1 1 1 1 1 1 1 1 1 1 0 1 1 0 1 1 1 1 1 1 1 1 1 1 1 1 1 1 1 1 1 1 1 1 1 1 1 1 1 1 1 1 0 1 1 1 1 1 1 1 1 1 1 1 1 1 1 1 1 1 1 1 1 1 0 1 1 1 0 1 1 1 0 1 0 1 1 1 1 1 1 1 1 1 1 1 1 1 1 1 1 1 0 1 1 0 1 0 1 1 1 1 0 1 1 1 1 1 1 1 1 1 1 1 1 1 1 1 1 1 1 0 1 1 1 0 0 0 1 1 1 1 1 1 1 1 1 1 1 0 1 0 1 1 1 1 1 1 1 1 0 1 1 1 1 0 1 0 0 1 1 0 1 1 0 1 0 1 1 1 1 1 0 1 1 1 1 1 1 1 1 0 1 1 1 1 1 1 0 1 1 0 1 1 1 1 1 1 0 0 1 0 1 0 1 1 1 0 1 1 1 1 1 1 1 0 1 0 1 1 0 0 0 1 0 1 1 1 1 1 1 1 0 1 1 0 1 1 1 1 1 1 1 0 1 1 1 1 1 1 1 1 1 1 1 1 0 1 1 1 1 1 1 0 1 1 1 1 1 0 0 1 1 1 1 1 1 1 0 1 1 1 1 0 1 1 1 1 1 1 1 1 1 0 1 1 1 0 1 1 1 1 1 1 1 1 1 0 1 0 1 0 1 1 1 1 1 1 1 0 1 1 1 1 1 0 1 1 0 1 1 1 1 1 0 1 1 1 1 1 1 1 1 1 1 1 1 1 1 1 1 0 1 0 1 1 1 1 1 1 1 1 1 1 1 1 1 1 1 1 1 1 1 1 0 1 1 1 1 1 0 1 1 1 0 1 1 1 0 1 0 1 1 1 1 1 0 1 0 1 1 0 0 1 0 1 1 1 1 0 1 1 1 1 1 0 1 1 0 1 1 1 0 0 1 1 0 0 1 1 1 1 1 1 0 1 1 1 0 1 1 1 1 1 1 1 1 1 1 1 1 1 1 1 1 1 1 1 1 1 0 1 1 1 1 0 0 1 1 1 1 1 1 1 1 0 0 1 1 0 1 0 1 1 0 1 1 1 1 1 1 1 1 1 0 1 0 1 1 1 1 0 1 1 0 1 0 1 1 1 1 1 1 1 1 1 1 1 0 1 1 1
224
198
240
1096
202
1409
602
1436
154
815
1990
1404
813
1666
1155
1146
1948
1152
1193
1252
1847
510
1842
776
723
430
11
1202
593
1573
1690
1422
274
1593
1192
865
777
1037
1890
1084
659
304
1873
87
427
374
1834
1183
1518
508
1327
1345
1009
1848
989
628
1664
836
73
1709
1229
1708
1026
1926
253
718
910
1187
1423
1698
1801
70
950
423
691
1404
154
1853
290
1405
910
6
1749
1193
931
161
1237
26
1940
335
979
212
1411
1263
1714
1446
1635
1839
421
1586
1615
429
1193
370
1512
377
1854
1822
1299
248
118
1896
696
1421
220
1516
1107
558
1732
126
510
1484
344
530
419
918
1186
1055
261
1259
1469
1591
220
1869
295
821
1897
1108
394
1297
1410
1242
718
1505
767
509
226
1259
1532
976
1491
811
893
1283
1080
1447
1475
1795
1946
1621
1749
405
154
1898
1724
1354
700
1069
1839
1767
1457
1395
1339
1589
907
320
544
33
98
1193
1007
646
406
394
666
948
1782
373
1345
1039
371
198
161
1332
147
144
886
1643
325
1813
1691
1313
1865
944
194
393
1353
358
240
449
951
409
255
20
1743
860
102
911
484
1409
773
599
840
1369
1030
111
767
1229
1596
125
37
0
494
1280
1422
558
1274
1116
422
0
1922
258
425
56
265
169
301
114
651
1673
458
1475
1372
1432
1525
1150
114
1627
1308
425
1202
985
691
1023
1796
946
1540
1256
1283
449
552
913
836
115
804
1148
1752
1834
1373
1068
1122
652
0
1187
343
1100
1658
207
268
1475
1380
796
1797
225
1691
1094
36
1902
898
856
552
818
612
1890
1172
1308
1620
718
1256
1935
1207
471
1308
672
750
1294
504
997
1295
1039
1444
1706
529
1736
1368
933
581
1274
237
1467
1421
2
1621
163
779
1904
86
370
621
1942
662
1036
118
1461
989
933
154
1871
225
1151
1044
1242
165
362
1708
1065
639
758
201
1602
1664
388
54
201
1297
1402
644
366
735
458
104
1217
1549
960
117
1259
1593
662
1690
328
652
377
1155
1274
1096
253
1246
910
1613
0
1037
1757
1268
1268
1069
385
1142
388
1551
946
1442
1757
339
1247
651
304
225
175
1391
1155
1131
1421
1374
1410
165
637
1859
696
1202
86
510
1283
1963
1600
698
1088
1379
1020
62
692
1825
1285
580
68
1051
1739
1163
324
507
1820
424
1822
1678
1297
864
1416
1345
83
1301
1267
220
1016
1080
1374
469
1890
240
1246
734
1500
964
995
26
1062
1824
960
56
1194
283
988
349
1597
111
509
1297
1617
1477
644
498
777
418
1796
1987
1351
602
761
1764
581
548
125
394
614
1421
1345
1158
1192
513
443
1753
1814
1673
996
794
1570
355
1740
602
1946
1869
261
1939
1530
1351
1362
649
1912
1372
1610
1351
169
1296
179
1038
1845
1395
1264
127
104
788
1071
949
1924
848
198
1696
509
1214
9
247
174
451
392
261
973
538
111
406
1190
677
796
1575
1940
840
85
836
896
1528
651
1631
985
1643
1797
1467
1259
1869
31
664
508
1172
1519
1014
112
1086
828
872
825
727
23
269
1594
328
1315
1464
1175
1084
1485
1319
1400
484
668
1057
1758
255
1163
1841
1402
1196
244
1419
90
756
1402
1239
374
1491
181
1518
419
1071
813
33
169
654
1739
28
760
628
1154
209
1463
946
1496
1805
1107
1545
1740
36
261
593
965
392
1442
173
581
1457
979
1947
1397
651
232
741
1664
1939
1539
1330
1300
931
1036
395
558
0
1985
1141
246
509
406
1059
210
1835
1283
578
1477
87
1591
964
304
653
946
1566
1969
394
1670
501
1932
788
890
1401
992
1738
1567
1215
898
1714
1680
1762
1538
1230
1313
541
1407
1978
1838
621
1252
423
419
948
420
1714
283
1650
1435
1552
1796
815
513
748
1696
1531
1322
882
512
601
225
751
1181
37
298
1995
1000
915
1762
1965
589
1259
1212
430
1998
132
1795
173
722
1673
1230
274
60
858
703
1514
68
1848
1365
1002
1757
1558
451
1795
1462
628
1481
253
0
218
1707
786
240
1661
1532
1001
543
1748
240
1630
48
799
1004
1690
1437
1887
384
1861
351
1869
119
1631
865
325
294
852
185
1336
827
967
1921
1961
1703
173
1007
118
174
700
326
1759
1300
240
1726
1466
1940
784
787
153
1615
1913
696
1561
1358
44
1450
1297
1646
1229
648
261
1468
1805
132
1421
0
355
1098
1592
1343
1910
395
1690
1387
1167
1207
1943
726
402
76
489
383
1450
1268
324
354
1319
325
207
1161
1481
1347
622
153
530
1083
1819
549
1411
1421
850
70
1939
1326
1233
261
910
1828
1009
687
657
422
946
1069
887
1758
547
714
1027
843
132
313
495
700
474
193
1001
554
486
1323
132
244
1490
170
102
551
628
1756
1295
1219
1225
1741
1716
232
438
1251
83
1504
271
370
1747
1332
1798
1192
1295
1423
890
1782
1347
1649
169
209
1235
1593
1757
821
1956
437
1912
530
1891
1290
535
333
1963
1525
773
256
668
1036
646
1828
1698
71
1848
1204
1128
1076
813
911
609
817
1475
226
1354
1351
813
789
1072
1476
325
1207
440
186
683
551
1763
479
1969
1028
1001
1712
646
833
1242
799
1189
284
324
808
70
1477
1670
1030
1137
1512
1592
1145
576
710
868
424
1925
465
814
1112
910
1388
645
1621
931
967
1488
240
0
1564
823
207
714
1393
808
1573
373
1767
581
1969
485
927
1549
834
255
370
149
530
1673
1248
1074
1215
742
1071
1610
784
313
343
995
261
1324
651
773
1823
918
1858
179
760
674
26
1204
1352
1570
446
808
9
768
1056
283
1216
1435
904
1457
1909
1205
211
843
779
274
1738
98
1377
1460
283
1925
1002
1965
249
1959
843
761
1343
0
543
226
817
1180
666
1875
1490
918
1204
87
331
1767
1274
1106
609
110
274
831
835
1393
868
1603
843
1869
31
828
1427
1252
1776
246
1160
479
484
230
611
283
714
86
865
1547
1477
1791
1366
824
1144
1522
268
1867
291
718
1048
391
672
158
1285
238
376
1904
410
1232
1671
1331
1571
1586
1892
1380
336
1447
1460
722
1380
1472
1782
118
1464
188
978
1400
1094
635
87
1948
58
1863
1275
1517
392
516
475
1605
365
508
1713
489
400
501
1009
1861
261
6
996
1004
68
1073
1162
750
1824
1069
1965
509
1437
1641
1789
1239
469
761
1788
1854
1232
1368
1778
185
1488
282
294
294
647
772
1344
52
0
1924
1072
261
992
1708
475
1790
1946
985
1216
124
1612
334
1643
409
121
1409
509
342
1475
1304
1956
1796
326
1590
1778
1762
1436
992
111
632
1673
315
1098
1210
683
1071
132
194
1409
1978
1740
909
1283
1890
1411
1202
677
1446
28
1865
400
1703
865
544
1088
261
429
1624
1512
1833
1072
925
1765
169
1421
1052
284
1790
1748
908
283
828
1373
1242
1510
1163
1799
1532
774
910
1753
475
1452
976
996
6
948
81
1475
246
1670
1255
714
1838
1549
16
1384
655
808
722
1932
381
425
392
1736
1079
821
958
1444
858
1285
1839
1398
1798
1014
1926
111
1421
209
1016
913
1664
183
838
725
185
760
1264
168
817
1131
70
1462
70
1433
154
1186
1496
315
1643
1695
1782
748
1965
1696
146
898
1268
1380
67
714
699
1028
590
290
1395
677
422
1481
1850
1774
129
1497
510
258
1585
407
70
997
1264
309
306
1292
789
313
1423
1030
140
756
429
1409
1926
1835
1259
1476
1332
1627
1863
1020
458
975
767
558
1848
1395
426
187
331
1703
1359
1028
1757
1066
777
1529
1673
1741
129
1849
172
1926
1531
1398
342
1546
692
1703
1708
163
220
1255
778
1774
283
1415
1667
713
1456
314
1402
149
1217
1247
1039
1440
964
1725
966
67
1043
1235
1497
1849
1625
1125
1805
40
1749
496
851
1492
274
910
283
643
815
98
1476
1016
837
111
989
1595
825
1552
543
326
593
1145
1705
1684
343
868
6
1752
1262
1504
1673
331
912
188
759
843
14
1512
1412
1336
1481
1270
1696
1115
657
1300
787
342
1475
1144
1345
1308
682
1753
931
1435
1112
127
624
1322
1294
1726
168
714
161
530
163
1360
1423
817
741
1420
1936
255
1459
1422
1399
1436
621
1594
1283
530
192
1285
864
1022
1111
1030
304
565
1079
1298
1201
744
1118
1390
539
1002
225
1397
756
723
1704
1180
1178
1615
1302
1144
1366
387
1051
243
661
1754
1385
125
28
698
291
1256
1712
723
1696
1615
284
823
1477
796
453
870
1626
1022
1708
571
240
1232
1008
1379
1283
1297
1673
240
582
418
634
1308
1295
1355
745
355
978
687
1626
168
257
1079
922
1239
995
341
345
1585
517
1857
1007
1000
443
1882
1089
1979
1748
96
1563
1268
226
1672
1698
1019
31
1243
1140
799
997
1016
1028
365
86
1344
1142
1776
311
1059
1501
1801
776
1790
1381
604
182
558
1833
388
685
498
1142
1072
1759
677
440
1684
739
1863
1591
1202
507
1748
1869
536
258
1202
1816
96
910
1251
692
693
1594
543
1731
836
200
481
105
1274
1754
1659
616
1497
1137
1726
692
1526
403
1812
365
1838
1083
651
1295
1779
639
1871
1592
1464
552
167
1553
651
517
371
893
154
1051
444
1735
283
595
1624
1736
1477
940
1617
1022
1838
458
1345
1439
1778
1459
1512
1887
220
1293
351
1709
1849
877
1231
907
996
225
1255
511
1504
997
1573
1902
1592
67
1754
456
1220
877
334
1496
365
304
1215
291
1548
1765
913
493
1589
876
949
9
407
1401
1176
1061
1252
801
292
138
1297
570
979
294
337
1910
1698
1839
1069
1342
1361
652
269
789
9
634
1816
841
240
132
232
1506
889
160
1586
111
1467
1731
1353
1456
1686
1347
1665
1546
1552
1630
828
1030
1460
1877
651
132
574
86
910
1845
1496
1028
1678
1534
957
294
571
185
902
1037
1210
1566
273
1546
252
1215
1592
821
836
366
1402
1504
1314
998
1753
220
372
1030
815
1322
454
1308
1805
458
1014
409
0
228
767
946
1742
1456
1202
499
1861
240
1415
1071
1879
1189
405
1762
372
292
1452
1756
1507
613
1792
1329
1603
1069
339
1830
505
1216
225
1824
6
845
1162
1107
391
343
28
677
753
178
252
1946
1144
639
1930
1847
500
1274
748
145
96
1333
1985
98
231
552
1516
1847
1550
632
1001
1308
1617
240
249
979
1382
1880
27
169
1592
1574
1255
1755
1064
132
817
964
421
1403
1274
1076
996
868
1500
989
422
1401
355
1785
65
1210
1509
1038
1845
1827
933
1952
1065
315
1888
1375
218
1753
1270
530
1887
1250
1520
451
190
1920
860
1073
585
692
691
1564
1300
70
1627
1552
934
1016
1049
1801
1415
294
249
1717
1446
1002
1531
796
157
1112
272
1363
140
444
