27
1 1 3 4 5 1 1 8 9 10
1 2 2 4 5 1 7 7 9 10
1 1 3 4 5 1 1 8 9 10
1 2 3 2 5 6 1 8 9 6
1 1 3 4 5 1 1 8 9 10
1 2 3 4 2 1 7 8 9 10
1 1 3 4 5 1 7 8 9 10
1 2 3 4 5 1 7 8 2 10
1 1 3 4 5 1 7 8 9 10
1 1 3 4 5 6 7 8 9 10
1 2 3 4 5 6 7 8 2 10
1 2 3 4 5 6 7 8 2 10
1 2 2 4 5 6 7 8 9 10
1 2 2 4 5 6 7 8 9 10
1 2 3 2 5 6 7 8 9 10
1 2 3 2 5 6 7 8 9 10
1 2 3 4 2 6 7 8 9 10
1 2 3 4 2 6 7 8 9 10
1 1 3 4 5 6 7 8 9 10
1 2 3 4 5 1 7 8 9 10
1 2 3 4 5 6 7 8 9 6
1 2 3 4 5 6 7 8 9 6
1 2 3 4 5 1 7 8 9 10
1 2 3 4 5 6 1 8 9 10
1 2 3 4 5 6 7 7 9 10
1 2 3 4 5 6 7 7 9 10
1 2 3 4 5 6 1 8 9 10
