33
2 2 3 4 2 6 7 8 9 10
2 2 3 4 5 5 7 8 9 10
2 2 3 4 2 6 7 8 9 10
2 2 3 4 5 6 5 8 9 10
2 2 3 4 2 6 7 8 9 10
1 2 1 4 2 6 7 8 9 10
2 2 3 4 2 6 7 8 9 10
2 2 3 4 5 6 7 5 9 10
2 2 3 4 2 6 7 8 8 10
2 2 3 4 5 6 7 5 9 10
2 2 3 4 2 6 7 8 9 8
2 2 3 4 5 6 7 5 9 10
2 2 3 4 2 6 7 8 9 10
1 2 3 1 2 6 7 8 9 10
2 2 3 4 2 6 7 8 9 10
2 2 3 4 5 6 7 8 9 10
1 2 3 1 5 6 7 8 9 10
1 2 3 1 5 6 7 8 9 10
1 2 1 4 5 6 7 8 9 10
1 2 1 4 5 6 7 8 9 10
2 2 3 4 5 6 7 8 9 10
1 2 3 4 2 6 7 8 9 10
1 2 3 4 5 6 7 5 9 10
1 2 3 4 5 6 7 8 8 10
1 2 3 4 5 6 7 8 8 10
1 2 3 4 5 6 7 8 9 8
1 2 3 4 5 6 7 8 9 8
1 2 3 4 5 6 7 5 9 10
1 2 3 4 5 5 7 8 9 10
1 2 3 4 5 5 7 8 9 10
1 2 3 4 5 6 5 8 9 10
1 2 3 4 5 6 5 8 9 10
1 2 3 4 2 6 7 8 9 10
