35
1 1 3 4 5 6 7 1 1 10 11
1 2 2 4 5 6 7 1 9 10 11
1 1 3 4 5 3 7 1 9 10 11
1 2 2 4 5 6 7 1 9 10 11
1 1 3 4 5 6 7 1 9 10 11
1 2 3 2 5 6 7 1 9 10 11
1 1 3 4 5 6 7 1 9 10 11
1 2 3 4 2 6 7 1 9 10 11
1 1 3 4 5 6 7 1 9 10 11
1 2 3 4 5 6 2 1 9 10 11
1 1 3 4 5 6 7 1 9 10 11
1 2 3 4 5 6 7 1 9 2 11
1 1 3 4 5 6 7 1 9 10 11
1 2 3 4 5 6 7 1 9 10 2
1 1 3 4 5 6 7 1 9 10 11
1 1 3 4 5 6 7 8 9 10 11
1 2 3 4 5 6 2 8 9 10 11
1 2 3 4 5 6 2 8 9 10 11
1 2 3 2 5 6 7 8 9 10 11
1 2 3 2 5 6 7 8 9 10 11
1 2 3 4 2 6 7 8 9 10 11
1 2 3 4 2 6 7 8 9 10 11
1 2 3 4 5 6 7 8 9 10 2
1 2 3 4 5 6 7 8 9 10 2
1 2 2 4 5 6 7 8 9 10 11
1 2 3 4 5 3 7 8 9 10 11
1 2 3 4 5 3 7 8 9 10 11
1 2 2 4 5 6 7 8 9 10 11
1 2 3 4 5 6 7 8 9 2 11
1 2 3 4 5 6 7 8 9 2 11
1 1 3 4 5 6 7 8 9 10 11
1 2 3 4 5 6 7 1 9 10 11
1 2 3 4 5 6 7 1 9 10 11
1 2 3 4 5 6 7 8 1 10 11
1 2 3 4 5 6 7 8 1 10 11
