37
1 1 1 4 5 6 7 8 9 10 11
1 1 3 4 3 6 7 8 9 10 11
1 1 1 4 5 6 7 8 5 10 11
1 1 3 4 3 6 7 8 9 10 11
1 1 1 4 5 6 7 8 9 10 11
1 1 3 4 5 3 7 8 9 10 11
1 1 1 4 5 6 7 8 9 6 11
1 1 3 4 5 3 7 8 9 10 11
1 1 1 4 5 6 7 8 9 10 11
1 1 3 4 5 6 3 8 9 10 11
1 1 1 4 5 6 7 8 9 10 11
1 1 3 4 5 6 7 3 9 10 11
1 1 1 4 5 6 7 8 9 10 11
1 2 1 2 5 6 7 8 9 10 11
1 1 1 4 5 6 7 8 9 10 4
1 2 1 2 5 6 7 8 9 10 11
1 1 1 4 5 6 7 8 9 10 11
1 1 3 4 5 6 7 8 9 10 11
1 2 3 2 5 6 7 8 9 10 11
1 2 3 4 5 6 7 8 9 10 4
1 2 3 4 5 6 7 8 9 10 4
1 2 3 2 5 6 7 8 9 10 11
1 1 3 4 5 6 7 8 9 10 11
1 2 1 4 5 6 7 8 9 10 11
1 2 3 4 5 3 7 8 9 10 11
1 2 3 4 5 6 7 8 9 6 11
1 2 3 4 5 6 7 8 9 6 11
1 2 3 4 5 3 7 8 9 10 11
1 2 3 4 5 6 3 8 9 10 11
1 2 3 4 5 6 3 8 9 10 11
1 2 3 4 5 6 7 3 9 10 11
1 2 3 4 5 6 7 3 9 10 11
1 2 3 4 3 6 7 8 9 10 11
1 2 3 4 5 6 7 8 5 10 11
1 2 3 4 5 6 7 8 5 10 11
1 2 3 4 3 6 7 8 9 10 11
1 2 1 4 5 6 7 8 9 10 11
