100 122
47 45
60 55
58 57
51 48
3 1
99 96
14 9
79 74
15 13
18 15
4 3
19 15
9 11
25 24
30 29
72 68
2 0
97 96
37 36
77 76
5 10
80 75
7 3
44 41
13 11
85 84
90 88
10 8
20 21
98 99
14 17
46 41
52 50
81 80
75 73
31 27
88 84
26 24
89 91
91 90
84 83
22 20
8 3
78 73
36 40
59 58
74 69
32 29
61 57
11 6
1 0
89 88
5 9
55 53
82 80
96 95
54 50
23 18
12 9
87 83
94 93
40 38
50 47
38 43
16 14
64 61
98 96
35 39
41 40
20 16
38 37
36 31
66 61
56 52
83 78
93 88
80 85
5 3
17 15
1 2
21 25
69 64
63 60
31 32
24 29
42 47
43 41
49 44
39 43
67 65
81 84
39 38
97 99
65 64
54 55
68 66
62 66
53 49
27 22
48 47
9 8
35 30
45 40
70 65
33 29
57 56
95 91
44 48
76 72
92 90
29 26
62 57
34 32
6 2
58 62
24 19
86 85
28 26
21 17
71 70
73 68
42 40
