100 4949
8 0
56 54
84 36
67 55
53 25
43 8
52 4
73 12
24 19
93 91
71 24
73 6
90 9
78 36
78 34
94 70
93 25
64 37
69 8
67 61
78 47
16 15
79 44
68 52
83 38
97 19
72 9
78 10
51 13
47 40
50 47
75 12
80 40
65 35
86 58
82 39
93 51
91 17
52 34
14 12
56 49
80 19
34 22
37 28
89 36
41 9
94 85
95 3
46 11
49 34
48 33
33 5
75 13
77 46
96 2
68 3
99 61
34 28
64 29
89 48
92 56
87 4
41 11
58 40
76 59
70 27
49 46
65 31
33 24
93 29
98 53
35 10
72 31
86 37
78 61
44 29
94 52
92 76
85 38
48 14
76 18
37 9
97 66
92 45
62 48
68 55
92 9
55 10
75 0
67 58
84 48
72 32
56 41
18 1
80 10
73 50
88 59
97 22
49 19
87 70
34 26
44 10
80 46
37 31
97 31
92 4
85 70
13 5
42 33
47 30
20 13
79 42
84 22
63 25
82 5
91 59
52 23
91 53
56 15
88 73
66 31
93 69
57 28
76 40
40 9
22 16
55 47
63 17
81 45
49 44
50 45
72 48
84 1
84 83
91 43
74 67
61 18
89 41
84 27
17 0
61 32
39 29
97 79
91 89
93 37
60 28
59 44
92 24
80 48
70 60
92 15
46 19
46 43
95 70
92 73
24 11
99 62
71 47
69 17
77 37
26 2
82 21
75 53
12 6
66 2
86 13
70 65
70 16
89 61
98 17
31 4
84 50
79 24
55 40
99 74
41 21
86 59
89 24
89 22
79 31
30 1
85 65
80 18
93 16
39 4
68 49
72 3
79 49
44 38
39 28
52 3
98 87
78 59
70 38
86 18
40 11
25 22
69 56
62 15
48 45
35 30
95 11
93 43
79 40
89 49
57 44
56 9
63 40
57 41
45 34
36 6
72 7
79 37
80 1
97 39
48 40
64 38
87 11
54 25
83 33
30 17
71 51
70 15
67 9
72 18
58 29
83 80
86 22
25 15
3 1
62 55
97 43
24 9
51 3
34 30
49 6
31 0
19 11
39 2
52 6
38 0
58 26
26 21
68 63
88 30
74 13
35 28
68 35
29 15
50 33
43 24
45 3
81 1
95 38
26 15
88 70
65 50
66 25
98 19
61 24
29 0
92 89
81 51
43 25
99 68
44 33
18 10
98 41
54 46
91 32
15 2
83 22
73 2
75 20
60 12
87 79
81 39
26 23
77 7
37 14
79 78
95 15
47 45
79 7
37 27
44 1
81 23
89 0
88 51
62 30
84 18
77 35
88 32
93 7
28 20
97 87
47 3
99 78
35 15
40 18
86 26
69 48
65 41
98 4
92 18
80 71
67 62
73 67
84 70
97 50
93 48
56 53
92 19
46 25
57 19
64 10
77 42
93 65
76 68
25 8
33 26
51 42
99 64
77 61
77 11
78 30
88 57
42 38
48 8
79 51
55 9
82 1
69 44
27 7
57 4
83 35
25 14
97 15
81 59
48 47
99 18
75 25
72 20
86 25
74 50
47 4
33 28
34 10
51 10
87 74
95 27
94 35
51 15
37 1
92 30
40 20
87 3
95 63
97 26
54 47
49 26
74 42
88 36
83 19
68 37
85 39
69 25
53 39
88 13
59 20
85 36
47 13
90 65
51 34
73 10
63 8
99 86
88 40
98 77
98 2
58 51
32 16
29 27
68 4
72 43
70 52
84 14
28 10
76 24
22 9
88 77
88 2
80 63
86 32
20 10
42 25
42 32
90 86
87 31
66 58
44 22
82 61
75 66
58 16
19 2
66 62
59 14
90 17
71 35
83 70
69 60
53 29
59 24
74 37
34 25
79 77
91 78
47 25
84 29
99 94
91 65
59 3
58 53
69 57
10 4
86 84
21 1
45 17
39 24
58 55
75 65
92 51
73 35
98 74
43 4
75 8
56 18
98 10
71 52
42 36
46 0
89 43
67 22
77 8
70 3
97 23
98 50
94 93
89 11
86 78
99 24
16 10
82 73
18 13
51 23
40 17
81 8
39 26
64 27
44 12
47 34
69 19
84 30
71 13
39 37
51 48
23 7
52 38
81 69
74 47
44 27
86 45
90 41
85 34
82 63
55 36
53 52
77 30
76 23
90 33
89 88
74 28
42 12
88 75
49 37
78 16
97 4
72 14
13 0
33 31
91 79
82 75
42 16
84 46
83 31
47 46
50 26
69 12
79 2
16 1
57 6
86 9
95 43
34 18
68 31
59 50
20 15
97 60
31 7
38 28
81 34
14 2
85 52
76 73
40 28
52 36
42 22
81 68
53 12
58 45
90 18
72 44
86 69
54 0
91 9
27 6
32 25
82 46
94 54
27 23
81 79
92 84
79 13
8 5
86 20
77 9
71 46
64 19
67 40
96 67
63 0
72 36
84 45
83 59
40 4
15 3
47 14
90 32
38 15
32 22
95 72
87 29
64 7
45 16
98 22
88 82
62 2
75 19
69 4
77 49
69 18
46 1
98 32
48 22
19 6
63 27
47 17
34 23
76 74
19 8
34 15
96 4
35 5
74 30
28 18
37 32
67 1
94 23
91 62
99 15
85 75
35 1
78 42
88 23
56 29
48 26
84 78
48 17
77 38
68 50
53 11
84 24
40 14
38 11
38 31
72 17
50 2
56 48
53 21
82 53
57 8
70 51
57 48
75 29
89 38
78 18
81 55
94 81
46 41
89 13
70 46
75 18
44 11
83 20
81 32
39 27
53 38
52 5
67 52
86 65
69 42
94 79
98 29
21 17
82 0
96 39
66 61
40 37
20 6
54 24
42 14
99 20
47 0
54 42
94 50
99 85
65 56
76 30
89 75
64 22
30 13
55 2
46 15
92 46
63 58
95 48
91 46
74 38
97 81
97 5
72 35
69 58
46 5
24 15
95 57
46 23
13 4
96 55
59 53
87 27
23 16
32 18
95 30
52 11
44 3
65 53
75 49
85 7
61 11
86 14
60 5
23 15
44 20
72 27
95 59
45 9
55 8
85 56
90 53
75 45
93 86
89 83
42 10
88 15
35 24
97 83
53 49
76 66
30 0
48 20
49 33
81 16
66 10
86 23
22 20
98 76
86 53
44 37
94 57
65 21
33 19
38 37
65 15
65 20
67 23
42 23
68 11
68 60
82 45
86 77
44 17
87 39
81 62
85 35
60 51
81 63
79 73
80 28
55 50
30 11
60 40
94 87
14 7
87 71
49 32
63 18
59 48
48 23
78 38
97 93
89 68
19 0
67 5
87 63
63 39
46 42
88 65
23 9
88 64
38 8
94 33
27 20
65 24
45 5
78 69
61 57
58 38
76 35
83 14
70 33
99 52
50 35
75 6
78 48
49 39
75 9
66 4
41 13
16 11
59 21
51 7
62 6
77 43
60 35
44 5
12 7
25 16
74 62
71 33
73 34
96 61
91 8
96 77
60 2
97 17
27 21
96 71
75 56
65 10
81 66
45 12
95 94
94 60
98 31
93 8
9 7
85 63
96 86
89 82
90 48
76 48
41 22
41 24
91 63
77 69
42 27
51 9
48 28
66 46
46 12
83 34
51 19
83 11
48 13
61 43
99 22
88 85
13 10
91 88
38 14
71 60
83 12
48 21
70 12
79 4
77 72
61 34
81 28
91 75
48 27
61 39
50 32
63 33
20 2
72 12
45 18
78 15
68 48
77 54
86 17
86 30
90 42
31 12
94 56
46 16
72 51
94 9
83 51
90 63
79 29
72 39
92 90
94 78
41 36
92 11
17 7
59 19
85 43
17 4
99 1
93 90
61 28
29 5
60 13
82 22
99 6
93 77
65 60
90 29
66 64
91 41
80 17
91 86
58 14
40 26
93 68
87 16
57 14
92 80
79 66
86 61
9 2
53 1
70 39
84 47
97 29
98 51
80 69
88 4
66 51
16 2
87 10
20 0
34 5
82 41
53 3
48 38
76 41
88 69
68 23
86 11
77 76
78 46
16 6
90 35
69 22
37 7
99 67
97 92
59 23
83 28
94 90
24 13
46 17
47 23
87 23
61 50
32 21
90 67
28 0
63 37
77 57
71 38
16 14
58 33
73 1
94 59
96 5
93 9
46 8
56 51
54 3
55 42
62 35
29 17
33 16
85 12
85 13
48 16
61 33
62 45
36 17
75 73
62 49
38 36
93 74
39 6
68 45
44 15
77 18
76 29
73 49
49 15
71 17
38 2
78 54
98 81
89 2
71 65
42 6
11 2
90 34
18 8
64 45
52 42
97 13
49 22
36 4
98 12
66 50
64 1
59 47
17 1
78 7
65 26
72 64
92 85
93 31
81 24
89 17
50 11
59 39
96 51
76 22
95 93
76 0
53 19
71 25
84 72
86 6
77 47
60 36
49 1
89 64
43 17
79 17
74 5
66 12
4 3
66 17
66 28
49 9
71 50
98 88
66 22
92 6
36 0
86 34
74 9
17 2
76 13
92 20
85 73
80 58
34 7
75 70
55 46
59 11
65 36
82 56
81 56
60 14
83 13
60 59
73 60
40 30
94 16
49 31
96 73
98 25
90 50
79 39
41 28
64 59
89 63
91 19
95 85
77 45
14 10
63 38
57 33
87 84
25 24
14 8
3 0
55 44
61 5
37 23
66 20
91 74
73 17
99 69
99 84
81 3
52 18
13 11
45 36
47 20
29 3
51 31
81 0
82 76
54 40
36 20
64 39
94 91
78 21
84 63
99 21
76 34
39 36
92 68
85 26
16 9
56 33
58 31
86 43
78 2
69 62
99 29
63 50
71 34
37 26
40 24
25 17
93 53
36 32
94 14
95 69
28 2
81 27
85 76
92 12
38 32
43 10
92 67
75 5
68 6
72 33
68 56
80 49
74 16
22 19
84 54
82 33
92 63
63 5
99 40
93 79
72 59
82 54
74 24
31 10
39 32
88 50
60 23
93 44
59 9
80 79
57 49
64 55
89 55
63 13
80 78
45 44
77 63
81 33
56 6
80 47
28 3
51 27
98 35
84 16
36 7
33 3
67 0
87 68
99 17
55 1
80 75
53 43
43 31
97 37
96 49
29 20
69 66
96 15
51 22
98 34
57 46
44 4
75 22
73 21
46 36
88 25
60 7
99 75
24 0
10 0
88 52
36 15
93 15
69 13
15 13
39 34
70 19
88 72
45 7
84 20
66 53
68 39
99 7
94 72
62 24
87 47
43 16
42 18
18 6
36 31
23 19
99 12
72 38
92 31
47 29
89 26
89 19
30 25
85 45
80 38
56 43
18 5
85 19
71 2
74 20
96 66
30 19
77 0
77 50
37 3
68 34
65 45
41 0
26 20
6 2
74 46
50 29
35 7
82 26
88 34
97 63
90 66
22 12
87 14
30 9
93 70
44 41
60 42
73 27
63 3
56 4
36 16
96 32
50 48
35 3
99 42
89 10
40 27
94 21
65 5
71 39
75 10
58 37
58 48
85 53
89 18
83 29
36 10
40 0
58 52
38 25
43 3
97 40
75 46
22 8
88 38
98 94
58 8
70 17
82 27
89 79
87 72
89 57
51 28
65 19
29 1
88 43
40 7
83 46
30 20
73 46
60 33
25 3
67 39
49 42
68 53
74 27
94 80
75 55
30 16
65 64
94 32
79 20
89 21
96 85
98 40
23 5
82 50
83 44
88 6
25 12
37 22
79 67
89 33
71 0
63 6
57 3
82 10
96 81
98 58
39 31
66 30
28 4
90 77
49 5
93 50
82 4
68 29
78 44
28 24
54 6
53 33
9 0
30 22
61 36
81 60
46 29
36 23
79 27
99 60
64 13
92 40
17 12
74 8
25 2
84 75
96 29
65 27
89 40
83 48
91 5
64 24
91 30
81 77
73 9
95 33
64 3
91 4
80 25
70 2
70 23
93 19
99 63
71 30
36 25
72 13
50 42
46 18
14 4
31 25
4 2
48 30
72 58
37 10
98 52
36 30
72 21
71 44
72 5
77 17
24 5
85 74
52 17
41 18
15 8
89 78
77 51
96 3
70 11
66 8
91 14
96 9
18 11
68 17
54 12
22 4
90 54
60 31
91 70
93 18
82 18
68 15
54 2
84 62
75 2
83 71
50 41
85 6
36 12
90 5
65 54
37 17
74 40
24 7
97 85
9 6
89 50
38 20
69 65
59 1
97 8
97 0
44 23
95 76
16 8
88 3
69 36
40 23
91 13
56 52
97 21
28 26
79 65
50 24
61 40
95 2
98 47
36 24
62 58
21 5
97 28
77 39
30 3
68 44
56 44
93 24
98 46
58 47
6 4
81 22
80 13
65 32
42 7
58 41
32 4
54 37
79 8
92 28
63 55
89 58
32 8
74 23
61 44
44 18
36 19
76 60
89 87
55 13
15 12
73 37
59 40
13 1
80 23
50 36
40 12
46 27
97 9
57 45
25 23
80 27
36 5
99 10
96 65
79 32
66 39
52 12
28 27
69 31
87 5
65 28
93 49
66 45
68 51
90 21
27 0
91 82
84 69
56 26
22 7
96 95
60 19
86 47
90 51
84 4
19 7
59 17
63 23
61 21
99 46
97 48
68 13
87 34
98 48
54 38
71 68
54 8
79 71
87 33
73 54
48 42
92 43
54 52
26 6
99 82
97 90
76 15
90 78
38 16
52 19
43 29
51 38
96 83
9 3
50 44
63 30
84 39
88 62
15 1
15 4
74 7
10 6
86 70
97 71
65 55
37 6
73 5
88 55
46 31
63 54
69 2
72 0
58 18
64 53
85 28
25 21
29 22
34 3
95 82
88 71
38 24
45 40
79 34
30 14
82 68
56 17
96 44
63 48
97 34
68 40
76 50
73 26
83 43
89 51
36 11
90 39
67 13
87 86
77 5
50 20
11 10
81 52
69 0
21 2
31 20
66 3
77 36
39 17
46 10
43 9
49 28
67 41
97 74
88 27
47 36
72 65
84 73
42 30
61 15
89 5
88 48
34 1
70 21
58 42
28 25
86 62
66 32
17 6
93 55
92 17
23 3
89 46
79 9
31 17
71 20
77 22
91 76
87 17
49 30
85 42
78 71
31 26
53 51
93 21
29 28
93 40
23 1
45 33
36 8
92 88
41 6
68 47
24 8
95 44
40 2
91 90
77 65
77 34
87 24
76 42
65 51
66 1
63 29
73 11
75 21
83 18
68 28
47 18
80 51
34 11
80 4
59 7
95 26
52 49
70 54
90 75
62 23
50 5
42 0
97 89
95 9
82 72
59 42
96 60
7 3
24 23
41 12
35 32
73 59
89 74
79 16
75 38
71 27
33 15
94 49
97 35
89 45
52 9
74 64
96 8
93 14
93 12
64 61
89 60
27 10
55 28
90 58
94 44
66 21
13 8
89 27
58 39
97 3
88 0
99 31
64 47
53 32
86 83
29 2
66 19
56 39
88 53
51 41
77 75
81 10
61 52
50 40
64 23
92 38
58 12
50 25
89 14
35 34
40 35
47 44
89 16
23 21
17 5
55 14
29 13
93 52
85 72
51 21
71 3
83 40
97 52
50 15
97 20
77 21
71 64
71 36
44 40
20 8
64 20
64 33
63 45
83 63
54 31
76 33
61 6
82 14
74 2
42 26
98 95
93 4
58 20
90 49
86 12
85 80
88 60
97 64
74 12
58 56
84 10
48 18
91 18
95 51
68 25
55 49
53 22
94 68
81 9
61 42
75 60
73 43
87 21
96 36
73 38
63 11
84 6
67 29
36 21
90 10
83 60
72 23
85 46
60 21
86 16
40 39
46 3
62 56
49 21
31 28
65 13
44 25
69 32
90 15
90 27
68 33
48 43
99 16
41 3
92 29
61 9
92 2
85 4
68 27
71 6
98 55
91 49
94 88
53 30
81 18
83 32
56 30
78 27
73 57
84 21
39 0
23 14
41 19
96 64
67 56
66 42
11 8
25 0
79 1
77 60
79 72
12 2
36 3
27 24
79 28
90 88
69 5
85 3
43 15
78 60
40 3
61 13
40 32
58 9
71 70
63 21
52 46
83 2
99 23
38 30
65 52
96 17
83 61
74 22
84 13
87 46
66 13
22 2
26 17
37 4
27 4
97 6
95 28
89 32
89 70
52 48
63 60
83 62
87 50
32 1
54 1
47 19
44 16
98 27
70 7
91 81
69 15
83 30
47 31
24 2
98 37
61 38
81 76
83 45
24 20
98 23
56 21
58 57
76 31
10 7
64 28
41 25
64 57
66 7
95 19
64 34
75 36
62 36
62 22
77 27
77 73
45 22
59 16
67 2
54 16
32 19
85 20
38 12
96 41
49 16
93 63
31 24
43 0
52 29
74 57
10 2
41 37
74 55
12 9
58 6
78 8
30 2
60 29
82 32
97 91
43 1
80 59
19 5
55 38
94 36
95 45
95 47
26 24
88 21
78 56
82 62
47 37
77 64
98 39
88 16
66 38
59 43
73 62
22 15
78 65
44 28
31 22
87 9
93 66
30 29
43 39
35 19
41 40
37 34
51 25
80 24
89 53
97 10
58 27
55 0
49 47
95 18
73 19
31 5
58 35
30 5
63 47
85 37
64 35
96 22
38 34
85 9
19 10
60 41
55 19
99 38
70 50
52 31
91 84
52 21
57 13
81 26
78 6
98 69
96 76
82 42
69 35
34 4
98 62
79 6
59 52
12 4
68 14
77 26
37 5
90 81
84 81
74 17
97 78
96 0
73 32
94 17
47 21
93 26
82 74
92 16
82 29
37 25
49 45
71 55
54 9
99 44
93 87
53 40
71 42
58 24
90 56
62 7
45 30
95 87
90 84
64 60
99 19
87 36
55 29
86 46
87 30
82 38
51 30
38 5
57 39
72 19
49 17
68 64
54 50
76 46
39 14
55 18
57 43
7 0
81 13
18 16
44 8
38 6
81 47
26 5
54 11
54 23
51 33
88 76
76 1
48 1
92 41
64 48
98 59
77 13
53 10
78 74
50 14
95 71
73 72
92 60
87 51
45 8
46 4
56 12
42 4
77 67
40 15
67 51
83 78
92 69
99 14
24 17
70 8
41 2
51 37
61 58
73 28
77 66
63 51
59 37
67 54
51 4
90 11
74 52
21 3
56 40
63 56
92 54
80 50
72 53
93 88
95 73
79 52
85 40
14 13
33 7
60 25
45 42
92 82
88 68
80 5
92 52
18 0
73 39
89 69
43 38
61 1
91 44
94 67
80 64
28 11
46 13
99 97
63 35
47 6
62 38
84 65
93 23
53 34
32 12
80 34
36 13
44 43
32 9
83 47
50 34
68 54
90 14
82 81
75 59
79 56
42 8
19 16
28 12
35 8
43 20
43 32
60 6
87 15
53 45
95 79
87 25
32 5
35 12
33 23
65 42
43 40
67 4
47 8
33 13
78 41
43 27
82 25
89 8
93 82
31 18
48 39
5 3
75 23
67 24
82 44
75 24
59 41
83 54
69 47
92 48
88 22
41 8
42 34
52 51
7 6
21 9
57 51
86 66
73 58
35 27
85 64
20 1
35 14
42 5
54 32
64 4
89 3
77 62
83 58
66 6
38 18
21 16
99 26
53 23
75 44
58 1
53 31
17 16
88 26
87 41
48 36
35 21
53 5
85 69
52 45
13 6
73 55
79 25
53 0
78 0
43 5
99 41
81 12
67 32
80 31
56 47
86 52
76 72
95 10
96 37
26 9
70 63
26 7
87 82
83 56
84 57
39 1
67 45
49 2
69 40
67 48
70 36
94 42
56 24
98 90
44 39
95 61
69 41
88 31
96 78
19 17
39 18
30 27
96 24
63 59
6 0
65 18
71 31
97 94
60 44
22 18
83 74
34 33
57 2
42 20
70 1
42 13
70 13
28 21
51 35
90 1
67 49
93 6
96 30
20 11
83 5
88 20
67 42
76 27
82 36
93 67
99 77
19 12
63 16
79 57
55 37
32 28
99 9
48 35
68 30
99 96
88 5
76 65
98 14
59 49
98 67
97 2
96 68
71 45
69 49
79 48
91 52
62 40
86 38
96 87
97 59
82 69
27 9
54 39
65 47
54 48
54 33
36 9
76 52
94 82
86 85
68 22
85 44
76 69
74 48
77 55
67 27
57 9
96 23
92 47
57 35
29 11
97 51
79 33
97 49
14 3
65 29
26 14
95 53
46 21
42 9
22 14
88 58
98 21
93 17
98 75
87 45
14 9
61 19
49 43
12 5
70 61
67 8
42 3
64 42
96 40
86 76
58 13
95 32
88 63
88 87
92 81
47 11
69 50
86 27
48 31
85 29
44 30
55 26
92 62
65 48
54 15
97 58
69 67
75 1
69 54
60 16
62 5
63 62
94 47
26 3
44 31
92 55
66 48
81 42
80 7
27 1
52 20
76 53
74 60
52 0
91 28
34 27
93 1
90 46
43 34
76 21
85 21
92 27
62 27
5 1
45 38
71 53
87 80
84 34
95 62
87 69
65 57
88 67
84 7
53 17
75 3
62 46
73 63
57 23
61 29
88 80
75 74
41 15
62 51
66 33
16 0
26 13
95 91
49 35
90 7
73 48
20 3
28 15
36 33
67 34
39 33
85 47
53 37
58 54
72 60
78 68
78 32
89 6
61 16
79 11
70 49
74 43
59 38
52 44
69 10
49 3
71 8
90 3
41 4
94 24
63 28
3 2
91 36
66 0
56 42
79 3
57 52
87 43
26 12
79 54
57 26
43 6
94 3
58 11
8 2
24 10
94 71
42 40
94 76
89 62
95 24
30 21
98 54
32 15
50 49
98 79
86 63
91 38
96 26
95 4
75 34
79 58
70 64
22 11
77 24
89 76
96 47
37 21
96 18
42 19
99 92
60 37
75 11
80 77
88 9
16 7
82 30
59 57
47 1
83 53
70 24
96 75
61 45
45 43
27 25
64 2
76 36
73 68
16 3
13 9
92 5
54 51
96 7
80 53
6 3
52 10
72 69
47 33
75 47
37 0
25 7
80 70
70 57
84 9
70 10
84 42
71 49
20 16
12 11
92 79
65 33
30 18
19 18
93 64
79 74
18 4
45 39
21 0
96 57
54 53
77 6
57 36
44 7
50 13
66 47
80 52
54 43
88 39
51 50
87 28
99 2
74 6
96 34
77 41
93 92
71 4
84 37
98 92
59 45
91 35
78 40
91 0
73 40
89 85
82 60
71 10
65 4
66 59
91 57
46 24
78 53
14 11
70 68
70 9
63 1
67 21
50 9
51 16
51 32
60 48
35 16
55 41
80 68
57 31
79 14
48 25
95 31
60 32
83 55
56 38
20 12
49 27
93 2
99 72
60 39
48 4
71 29
94 15
30 7
55 3
85 68
96 42
92 26
62 60
89 80
96 19
69 14
99 4
93 58
61 53
56 23
32 10
95 66
78 24
97 88
88 24
69 68
57 53
52 25
42 1
89 30
6 1
87 42
9 8
48 3
23 0
52 43
97 27
10 5
85 25
89 34
22 1
79 30
24 16
88 35
59 13
46 35
95 22
33 25
87 19
88 33
78 66
77 32
97 25
75 31
64 63
65 12
17 11
57 40
15 11
73 29
46 45
51 46
69 64
87 26
59 10
57 55
90 47
63 57
32 26
72 61
29 19
85 27
63 24
31 15
80 9
95 88
80 0
72 49
2 0
75 14
85 84
96 25
96 92
86 60
18 17
86 42
87 53
98 56
22 17
97 57
71 19
53 8
81 65
32 31
42 41
77 56
75 72
67 64
80 67
86 44
96 50
77 10
69 11
96 43
79 55
78 11
26 11
67 43
76 55
89 9
98 60
85 22
58 46
68 24
63 4
99 53
62 34
47 5
56 2
34 0
86 5
29 7
39 3
87 58
92 50
26 16
99 25
75 50
95 5
61 60
61 41
49 18
52 35
70 0
41 10
98 38
96 90
27 3
39 13
94 22
94 55
99 35
78 20
40 34
15 7
68 43
98 93
55 4
84 66
23 22
84 31
77 70
61 8
62 8
49 40
64 25
64 31
77 68
48 41
76 6
63 22
83 27
70 29
82 20
62 20
99 73
48 32
88 8
86 31
51 45
82 79
90 40
97 69
95 60
53 26
95 78
66 60
52 27
29 12
77 52
96 48
11 7
43 14
89 72
90 80
90 4
21 7
74 71
91 77
68 58
43 11
79 12
9 4
8 3
73 22
33 1
36 34
96 31
56 7
86 0
4 0
55 16
53 6
82 23
85 16
85 32
86 64
80 39
59 51
78 4
89 29
92 42
63 31
77 3
66 11
48 6
55 30
38 19
70 35
71 16
78 77
37 20
74 56
78 45
75 58
32 3
99 27
74 70
59 2
30 15
80 62
98 85
16 5
53 15
78 75
88 79
25 1
57 17
79 5
58 15
71 5
74 45
62 31
83 39
21 8
35 9
63 52
92 74
37 33
74 59
11 4
77 53
74 11
47 2
93 13
89 67
85 50
69 37
88 10
13 7
42 15
52 7
61 10
91 29
82 71
10 9
87 37
87 32
67 63
94 6
12 1
22 21
75 43
65 7
53 20
47 43
38 17
34 17
96 82
74 29
93 41
90 57
55 20
66 27
67 15
39 20
87 60
81 71
29 26
64 49
91 42
52 22
41 31
65 59
92 59
94 53
82 28
99 34
60 49
93 32
90 85
66 44
74 49
87 20
27 2
49 29
78 17
93 35
29 24
86 81
93 75
70 34
62 0
84 12
74 51
80 32
82 3
64 30
39 10
90 22
71 67
62 53
55 17
92 21
41 26
75 63
57 29
60 20
53 46
46 20
54 5
73 56
61 23
22 5
74 21
90 62
97 96
38 1
76 63
90 16
93 30
80 57
64 0
73 65
25 6
76 43
27 5
57 0
28 5
13 2
54 14
7 5
32 2
74 65
39 12
21 18
95 89
71 22
63 26
85 81
61 47
84 76
98 89
80 36
57 7
79 75
31 3
75 48
65 9
90 13
65 37
63 41
93 62
89 66
65 61
91 27
86 21
99 65
79 68
49 36
93 73
38 7
72 52
79 59
27 15
81 14
82 13
78 57
54 30
99 58
74 15
31 23
40 25
64 52
34 31
92 35
20 18
73 69
51 14
58 49
63 61
18 2
54 13
93 60
53 28
65 22
85 55
60 38
80 8
67 25
61 30
83 0
74 26
85 62
65 0
24 1
84 43
20 17
91 58
55 33
42 24
42 28
60 26
77 25
70 26
67 11
87 67
80 16
46 33
63 49
93 38
61 2
60 10
80 3
79 45
74 63
42 37
12 3
59 6
91 20
92 49
23 4
41 23
85 10
85 18
43 23
70 47
61 3
72 54
35 4
80 37
85 79
64 26
38 3
72 57
64 40
75 7
73 30
47 28
78 52
64 18
60 9
81 64
62 59
33 11
74 58
49 10
61 22
68 19
44 13
59 32
58 50
55 6
70 66
47 38
79 60
70 22
72 11
46 7
45 41
67 20
54 28
69 53
73 18
79 35
63 42
19 14
11 1
96 38
86 57
81 37
98 0
87 59
98 68
94 65
64 12
31 14
59 56
61 49
56 31
68 20
63 9
49 0
19 4
78 55
51 2
39 5
36 28
1 0
78 26
78 9
83 81
54 36
96 13
73 14
69 24
22 13
21 20
65 8
44 0
96 89
55 31
78 72
22 6
86 19
18 9
53 4
94 26
45 1
85 60
84 32
72 10
61 59
72 56
83 73
91 39
39 38
26 8
99 32
99 71
27 8
66 49
99 76
56 46
15 10
62 19
92 61
96 35
92 36
81 49
85 30
62 32
58 4
71 41
62 37
71 23
72 2
76 71
69 29
93 0
49 48
85 15
51 49
95 80
85 57
75 42
55 23
53 24
76 3
61 17
9 1
88 47
79 41
70 45
64 51
87 81
81 78
60 45
76 38
93 61
72 41
93 3
72 67
37 15
94 66
89 31
88 83
96 79
84 56
37 24
75 62
49 20
44 36
94 61
98 65
76 49
79 38
43 26
80 6
95 7
73 8
75 71
83 7
43 28
97 45
97 18
70 53
64 8
74 54
85 49
81 19
45 13
90 8
74 73
81 35
68 66
95 55
83 25
73 24
28 19
97 72
77 31
11 9
46 30
82 24
32 23
86 10
96 56
62 33
11 6
40 22
43 41
96 74
75 39
60 0
91 60
56 14
61 35
85 1
78 23
56 36
89 37
59 18
70 32
48 9
91 12
66 54
38 27
25 20
36 1
74 53
62 26
14 1
86 40
81 6
27 13
87 56
51 18
92 53
70 14
28 14
47 12
90 71
47 39
56 10
74 66
49 8
86 82
45 31
77 1
98 61
57 1
98 20
98 36
82 47
52 37
56 28
47 15
66 23
18 15
49 13
76 5
49 41
90 12
57 5
56 16
40 10
57 32
93 78
60 27
80 26
66 65
96 33
94 45
78 43
79 23
40 38
80 60
39 16
86 36
64 58
43 2
47 9
87 78
82 78
94 77
60 47
45 0
97 82
20 9
98 33
44 42
95 49
51 40
98 18
45 25
80 66
55 15
88 7
37 19
72 16
70 58
83 6
30 6
21 12
32 11
72 15
89 12
50 37
43 36
97 7
36 35
95 25
52 33
35 33
74 0
82 9
88 74
72 30
97 46
73 0
66 15
94 1
82 65
99 5
31 19
66 37
50 31
87 40
74 69
80 15
65 25
50 46
41 39
69 51
90 89
91 22
79 19
96 16
75 64
13 12
54 19
85 66
87 2
56 5
95 54
26 1
63 34
57 16
40 29
78 33
77 33
70 41
59 4
35 2
32 13
88 81
45 11
76 11
97 47
36 29
82 59
85 11
29 14
99 51
54 7
96 58
93 42
16 12
81 80
54 29
94 2
41 27
71 63
44 32
48 46
67 7
68 12
71 48
74 25
50 17
90 2
68 26
8 1
92 65
97 12
91 54
92 37
54 35
12 10
73 45
18 14
88 37
48 12
56 27
70 62
51 8
89 59
71 15
94 10
59 22
82 52
95 67
65 46
92 13
94 38
44 9
71 28
73 23
83 21
65 44
95 37
45 6
49 14
68 9
82 17
53 48
90 60
68 1
43 22
52 15
82 35
94 20
46 44
84 55
24 4
61 51
69 9
91 26
87 12
98 64
99 50
79 22
82 19
41 32
54 34
89 65
20 19
95 39
67 65
67 17
71 12
63 20
93 34
55 52
75 68
93 27
57 37
33 17
85 78
73 4
80 56
33 20
79 36
49 7
85 51
86 2
24 3
66 24
41 14
31 6
99 48
43 33
68 5
63 14
41 29
98 7
77 74
64 50
90 28
51 24
91 3
33 9
42 17
77 23
81 70
21 19
69 3
87 13
88 41
95 1
65 6
64 43
99 0
81 29
95 36
50 39
66 36
96 88
19 1
67 33
51 5
92 39
86 75
80 76
71 37
51 43
87 65
28 1
43 13
78 63
83 68
81 54
70 48
28 9
2 1
27 19
68 16
46 40
51 39
91 21
43 21
52 47
34 13
96 45
40 6
83 10
50 10
64 16
84 44
94 89
69 38
32 0
82 58
59 27
76 20
66 16
21 15
36 2
70 20
59 36
72 50
89 81
64 44
82 6
94 64
97 53
84 23
98 44
88 42
94 34
41 30
87 38
19 3
75 67
99 59
98 1
93 84
40 31
45 37
81 72
23 18
87 83
94 8
38 29
97 14
77 29
56 19
87 35
90 19
62 17
83 72
98 15
54 20
84 82
91 34
62 50
76 32
85 31
30 24
77 20
78 37
60 18
35 31
27 17
69 52
64 41
98 57
63 12
99 49
96 1
30 8
99 95
66 5
49 23
82 8
27 16
71 54
12 0
94 74
97 54
58 32
22 0
69 1
62 47
67 38
67 30
76 47
82 77
98 84
89 15
82 55
79 0
74 61
30 26
62 21
65 34
81 58
98 42
76 2
66 43
28 17
97 65
95 8
62 3
62 61
99 89
74 4
11 5
33 6
90 26
71 57
76 57
89 71
70 25
37 35
43 12
56 45
50 0
21 11
73 70
16 13
80 42
27 22
52 26
93 71
58 34
66 57
29 16
81 2
58 22
50 1
19 9
80 29
81 36
95 83
91 1
67 57
71 43
72 70
81 25
79 21
60 56
70 18
80 2
49 38
60 3
56 8
79 70
78 22
34 14
46 32
80 22
65 11
96 62
27 26
91 50
72 45
84 40
84 15
77 14
91 2
32 6
39 7
77 19
74 3
92 10
76 45
43 42
47 10
23 20
45 29
92 1
74 68
85 82
91 85
55 51
99 91
41 38
97 44
53 47
86 71
93 5
55 32
86 72
96 12
33 14
65 49
45 2
69 55
54 49
76 14
59 5
98 9
82 51
64 21
48 34
87 64
84 33
33 10
76 4
95 74
82 57
95 12
67 28
38 33
86 49
84 77
82 43
76 12
76 67
34 16
63 2
90 23
72 22
48 5
81 44
53 16
8 6
94 4
70 44
46 9
33 22
81 75
97 11
94 62
79 15
57 56
99 8
50 12
91 11
26 10
72 24
35 6
80 65
52 14
79 63
74 35
97 24
80 45
53 27
56 20
89 52
31 9
84 41
61 7
91 72
81 17
86 79
35 25
56 3
50 23
76 44
80 35
85 83
79 10
90 44
18 7
71 32
61 26
98 8
59 54
83 76
41 7
68 65
84 61
54 18
69 28
83 75
71 58
51 20
57 34
65 63
38 10
28 22
65 43
71 9
37 16
57 11
91 55
74 41
80 33
56 34
34 9
98 13
37 8
34 29
63 43
82 12
61 46
40 8
78 13
95 29
92 8
87 6
48 24
23 8
75 4
62 13
74 1
92 0
97 61
81 53
73 33
47 7
87 76
42 31
91 33
88 19
78 28
92 25
85 14
77 28
85 17
75 26
90 6
9 5
48 11
54 44
64 62
78 29
38 22
4 1
99 37
39 11
86 35
78 19
32 27
76 17
93 22
38 35
26 18
54 27
22 3
92 22
64 56
64 9
90 70
47 24
46 26
57 38
67 47
83 9
60 55
56 13
60 50
78 25
42 35
66 41
57 15
72 26
45 14
98 3
96 6
48 19
62 29
66 52
60 15
96 14
69 26
68 0
65 40
62 11
85 61
85 54
47 35
56 0
84 71
58 30
67 26
95 58
81 15
79 61
98 86
99 90
30 12
71 40
14 0
76 61
94 0
77 48
93 47
96 53
92 14
94 73
63 36
60 57
99 93
35 23
91 61
59 34
70 43
81 7
93 33
55 21
54 22
39 8
57 54
94 63
83 79
50 22
67 19
91 69
52 16
83 65
87 73
31 2
94 43
98 45
95 16
68 41
55 11
74 19
55 34
67 46
73 47
12 8
88 78
87 52
98 30
62 9
88 61
84 74
72 28
88 12
91 51
96 84
86 24
50 28
83 57
35 22
69 23
99 30
72 63
41 17
20 5
86 50
91 80
61 37
92 44
73 52
62 52
91 73
33 2
42 2
88 14
51 11
43 30
56 22
39 35
39 15
74 36
90 79
86 48
36 18
45 4
65 2
49 25
61 20
80 73
82 15
45 32
75 27
17 10
76 25
61 27
91 37
94 84
28 8
78 51
70 40
65 58
27 12
55 7
69 20
51 0
44 34
67 12
75 41
65 23
57 30
53 42
83 4
18 3
87 62
90 72
29 8
94 46
84 68
67 60
50 43
82 31
91 24
74 34
83 3
93 45
73 7
82 34
61 56
92 57
96 93
82 48
95 75
69 6
13 3
85 8
64 6
84 25
47 41
55 25
84 3
79 64
99 81
63 19
69 43
68 57
89 84
70 67
98 16
21 14
97 42
95 81
32 17
43 19
56 32
72 47
76 58
73 64
46 37
33 8
19 13
29 10
73 71
61 12
15 9
85 0
89 39
79 69
67 35
21 4
95 35
80 72
93 36
96 21
99 80
81 41
83 15
94 83
76 8
67 36
83 66
79 46
62 44
26 19
47 22
87 8
99 66
52 30
90 30
83 1
24 14
91 87
94 28
34 24
81 46
86 4
78 67
97 32
59 30
26 0
79 53
33 4
62 54
80 41
82 66
75 61
24 6
61 55
99 70
63 44
80 74
82 70
77 12
73 3
92 32
90 61
98 63
96 46
90 73
98 91
99 11
78 3
62 57
80 14
61 4
33 12
92 3
70 59
72 1
95 21
97 55
79 18
17 3
25 13
62 25
56 35
57 18
56 50
64 11
79 50
29 25
50 27
55 54
53 35
70 56
89 47
70 30
73 13
99 43
95 92
88 86
45 26
87 0
84 11
80 20
93 83
95 13
76 39
66 35
33 30
24 18
18 12
84 60
95 77
38 26
30 23
30 10
39 23
51 12
23 17
20 14
94 19
38 23
66 56
54 17
48 2
74 18
40 1
46 22
76 28
98 71
70 69
76 62
89 73
40 19
99 39
60 53
58 21
97 56
87 55
69 33
62 16
74 32
66 18
74 10
59 31
22 10
85 67
60 17
96 20
52 41
44 6
94 30
94 58
88 66
90 82
69 21
99 57
81 30
66 29
94 48
80 12
87 57
83 49
76 7
64 54
47 42
44 35
92 71
64 15
46 14
88 56
28 6
35 18
25 5
97 80
37 18
83 37
30 4
61 0
90 45
66 14
92 87
65 1
41 33
74 33
52 39
82 40
47 16
84 26
72 34
99 45
65 62
99 79
58 7
87 54
45 23
56 1
72 66
32 20
66 40
15 6
57 10
81 74
86 51
48 0
34 8
65 3
94 39
71 62
24 21
76 51
41 35
90 76
84 53
51 6
91 7
67 37
91 66
92 66
81 67
90 20
72 6
41 34
65 14
47 32
75 30
36 22
20 4
97 62
23 13
98 78
51 44
77 2
61 54
5 4
73 16
68 36
37 11
57 12
35 17
24 12
80 44
83 42
98 5
68 59
31 11
90 43
54 45
48 37
46 38
59 15
73 15
93 54
55 39
39 30
91 71
77 44
96 54
86 3
87 7
58 5
55 48
85 48
88 46
62 10
7 2
31 8
71 59
64 5
88 29
90 55
60 24
95 41
69 61
50 6
52 32
75 17
24 22
92 23
60 30
45 27
44 21
77 59
84 5
29 6
62 18
86 8
35 11
69 45
60 52
59 58
80 21
92 72
94 31
28 16
30 28
82 67
53 44
74 14
98 83
78 31
92 70
97 41
80 43
96 52
88 17
29 4
68 62
92 64
62 41
79 43
76 75
67 66
50 16
91 48
62 28
95 52
61 31
81 21
99 88
89 42
99 33
97 84
85 77
58 17
82 2
89 86
86 54
63 15
29 23
58 3
85 2
92 58
65 39
78 14
63 7
90 74
55 5
75 28
38 21
78 49
58 44
89 44
98 43
60 8
50 38
26 4
93 72
92 83
68 2
34 12
43 7
90 0
78 70
86 41
73 66
98 11
35 29
34 20
92 77
25 11
67 50
90 69
91 15
19 15
41 1
21 10
55 35
71 14
59 25
84 79
86 73
81 5
73 20
94 11
95 42
72 4
65 17
95 50
48 29
42 29
42 39
66 26
81 38
48 7
52 8
58 2
85 33
61 48
21 6
98 28
81 48
8 7
72 40
27 11
68 67
36 26
33 27
57 50
7 4
40 36
88 49
68 10
53 36
99 3
60 1
79 26
91 64
93 80
89 20
17 9
68 8
63 46
79 76
91 10
50 19
98 82
55 24
78 5
81 50
95 84
56 11
84 59
58 10
91 6
98 72
94 29
76 9
60 34
83 36
60 4
95 56
78 62
25 19
5 0
71 21
48 44
88 84
67 53
33 29
26 22
84 2
62 42
32 29
85 24
50 21
89 56
50 30
51 17
99 83
69 39
93 89
76 26
82 16
88 54
97 68
59 55
72 29
69 46
78 58
31 1
92 7
98 6
75 35
67 14
98 96
59 12
85 41
83 8
95 90
57 42
86 67
70 5
37 13
94 92
84 8
77 16
72 42
93 59
83 64
75 52
25 18
29 18
60 22
32 24
91 47
97 86
25 4
75 32
41 16
40 5
64 17
97 95
32 14
90 36
43 35
59 33
67 10
84 58
95 64
39 21
57 21
75 37
72 25
91 56
39 25
98 70
71 1
87 22
27 18
20 7
91 45
89 25
59 29
53 7
83 67
70 6
46 28
84 17
52 50
28 7
96 69
88 45
17 15
89 54
88 28
23 2
6 5
91 40
96 59
72 71
81 61
81 57
56 37
45 19
44 26
65 38
96 11
80 61
81 11
84 0
68 42
76 56
81 43
37 29
63 32
15 5
50 4
62 12
47 27
87 66
95 40
87 85
33 21
14 5
45 20
84 67
61 25
23 10
36 27
96 80
94 69
92 33
82 37
95 6
78 39
40 16
77 58
45 28
81 4
67 16
83 23
72 62
92 78
83 77
53 14
84 51
95 0
94 40
50 18
98 66
83 26
46 39
44 2
83 52
94 7
77 4
31 13
21 13
99 13
54 4
94 5
45 24
35 26
75 57
76 19
90 59
7 1
86 68
71 18
28 13
17 8
71 66
92 86
87 49
93 76
86 33
62 14
90 31
77 40
97 76
73 41
86 55
34 2
97 38
10 3
76 64
68 32
68 46
74 44
46 34
55 53
80 54
86 28
58 28
15 0
86 80
69 59
98 49
97 73
72 37
83 24
93 20
82 11
80 30
73 44
88 1
73 31
71 61
50 8
87 61
57 25
57 22
96 10
39 22
53 18
94 51
90 38
95 34
38 4
46 2
72 8
48 15
95 23
84 64
51 1
62 4
52 13
76 37
93 10
66 34
67 44
58 36
68 61
97 16
91 16
31 21
97 1
43 37
86 74
57 20
69 16
27 14
99 55
98 73
37 30
60 11
62 39
68 21
25 10
51 29
41 5
84 52
89 7
40 21
76 54
86 15
81 20
23 11
95 65
67 31
93 46
91 67
87 77
95 20
83 41
91 31
97 75
32 30
76 70
92 34
34 19
55 43
85 23
61 14
67 3
70 31
72 68
90 83
10 1
87 44
73 36
66 63
87 18
51 26
44 19
89 23
81 40
78 50
89 77
51 36
16 4
98 24
52 40
90 52
79 62
49 4
96 28
80 55
99 28
5 2
84 80
75 15
60 54
37 12
55 27
84 49
52 28
64 36
95 86
11 3
85 5
92 91
96 72
91 68
34 32
33 18
89 35
74 72
65 30
84 35
88 18
86 39
42 21
43 18
53 2
95 68
75 33
33 32
82 49
55 12
67 6
87 48
77 15
63 53
65 16
75 51
76 10
91 23
41 20
89 4
73 51
99 87
33 0
93 81
8 4
59 28
99 36
87 75
71 7
97 36
69 63
90 24
68 7
59 26
94 86
71 11
69 7
49 24
31 27
58 25
28 23
49 11
68 38
58 43
90 68
38 13
40 33
86 7
90 37
97 33
25 9
70 28
70 37
54 41
75 54
63 10
84 38
38 9
73 42
74 31
78 35
98 80
68 18
78 73
50 7
86 29
91 25
36 14
98 26
96 27
94 41
93 11
23 12
93 85
99 98
67 59
57 27
52 2
58 19
94 25
79 47
62 1
69 34
80 11
99 54
75 40
99 56
93 56
96 70
88 11
93 39
60 46
53 50
83 82
97 30
83 17
51 47
89 1
86 56
62 43
45 10
64 46
81 73
95 14
85 71
11 0
83 16
96 63
31 16
70 42
85 58
37 2
32 7
78 64
82 80
90 25
77 71
45 15
53 41
74 39
75 69
71 26
71 56
76 16
95 46
45 35
94 27
59 8
69 30
84 28
31 29
90 87
52 1
94 37
34 6
96 94
35 20
78 12
56 25
10 8
14 6
44 24
69 27
71 69
73 61
92 75
99 47
94 18
55 22
15 14
23 6
54 21
93 57
67 18
53 9
58 23
52 24
85 59
83 69
39 19
95 17
86 1
87 1
17 13
40 13
78 76
48 10
54 26
46 6
88 44
72 46
57 24
59 0
97 67
47 26
64 14
75 16
35 13
66 55
94 13
97 70
96 91
97 77
90 64
31 30
84 19
29 21
70 4
50 3
60 43
34 21
35 0
59 46
64 32
53 13
57 47
58 0
93 28
94 12
60 58
26 25
81 31
91 83
82 64
49 12
94 75
56 55
73 53
73 25
72 55
59 35
66 9
29 9
89 28
37 36
17 14
78 1
83 50
54 10
42 11
45 21
98 97
82 7
44 14
55 45
70 55
