100 4948
80 52
76 10
90 1
36 32
72 10
81 71
99 24
83 77
83 82
52 24
53 31
63 48
72 16
37 16
36 12
88 37
87 5
96 68
69 25
41 22
98 32
56 4
51 34
48 35
90 21
64 37
20 2
88 75
64 5
54 15
79 5
98 77
65 17
20 3
41 21
86 49
42 5
1 0
90 42
66 29
76 66
98 35
46 3
95 90
79 15
62 23
49 44
66 3
35 3
68 21
89 25
79 50
49 41
66 34
51 18
74 59
11 7
59 44
90 85
75 47
42 8
94 71
53 52
92 45
62 53
71 22
99 56
9 1
34 32
44 23
77 69
40 11
28 14
73 21
45 0
19 0
84 71
68 51
43 8
38 17
92 51
39 32
93 73
51 37
96 2
43 5
81 57
58 12
85 52
26 14
87 31
83 73
74 66
77 38
85 41
97 10
42 9
48 28
80 72
52 30
67 27
97 35
10 1
62 51
84 31
75 38
50 48
34 19
83 7
53 18
85 30
27 16
60 34
97 14
95 31
67 29
50 45
37 36
46 16
31 23
92 35
53 19
40 14
97 92
71 44
86 19
81 23
85 12
72 27
21 0
85 28
41 6
90 80
97 65
90 27
79 55
73 26
49 0
62 15
37 15
57 13
74 64
76 44
87 84
66 30
77 52
95 66
89 63
56 46
88 10
94 81
40 35
76 41
54 24
49 40
86 17
75 16
90 89
63 24
70 46
80 17
80 29
86 58
50 26
97 71
91 68
13 0
37 31
84 69
76 74
89 26
71 16
66 10
57 31
71 20
78 43
43 28
67 12
63 19
75 55
36 4
48 45
73 59
68 36
31 20
99 2
74 10
99 30
82 40
85 33
88 72
68 4
90 45
91 55
26 18
97 12
72 8
41 14
39 3
77 32
74 22
38 3
63 31
96 39
36 5
72 34
53 34
64 60
48 17
47 8
63 56
80 27
9 8
69 22
80 7
33 16
75 4
68 29
74 6
99 35
91 86
55 21
87 72
34 0
73 43
75 29
95 78
39 5
69 55
78 11
19 16
89 11
29 7
78 16
80 31
72 69
72 12
48 47
74 19
26 9
48 11
81 31
97 64
30 28
52 26
89 62
74 39
78 4
56 5
41 33
81 72
58 23
20 17
70 63
73 62
39 36
82 56
82 2
81 5
78 27
54 4
41 23
57 19
87 30
70 3
28 23
69 33
79 63
45 33
85 13
52 48
91 57
77 68
83 62
94 41
45 14
61 47
64 33
67 54
32 8
72 1
94 91
72 40
39 34
49 12
48 36
86 3
98 52
89 4
10 4
96 9
18 7
84 20
87 3
45 30
39 6
71 54
52 6
23 5
52 19
87 6
98 55
87 68
97 72
69 63
47 31
75 15
44 15
42 23
79 48
39 10
84 27
84 22
2 1
86 5
59 4
43 30
36 13
98 24
72 50
63 52
80 22
68 2
59 32
27 26
64 2
40 12
23 13
99 84
52 47
68 55
50 40
76 6
58 47
84 68
80 57
82 9
51 26
68 12
54 42
92 55
81 32
79 32
80 45
95 76
21 10
83 80
80 24
56 19
62 16
69 42
72 7
69 41
51 16
11 3
40 25
25 13
73 12
25 5
14 1
93 71
60 42
76 51
64 54
66 61
32 12
99 26
46 29
50 21
36 14
53 4
92 87
75 3
28 15
95 75
63 12
98 63
72 64
96 19
82 28
69 48
83 36
71 15
40 30
36 21
67 5
87 80
89 12
84 52
27 21
95 16
96 4
76 16
53 38
94 66
16 3
61 41
88 5
96 64
65 44
34 25
69 21
43 13
42 22
62 18
81 48
83 67
84 1
82 78
58 25
95 37
75 26
63 58
70 19
95 85
30 0
32 10
64 3
50 7
80 20
94 40
99 36
98 42
71 35
29 15
99 55
97 7
96 33
54 19
51 11
77 62
78 49
91 40
40 36
94 23
86 57
44 17
48 7
58 17
93 81
65 7
82 38
67 33
62 2
91 65
38 9
86 30
81 11
69 44
90 66
92 73
52 32
57 28
93 27
71 24
30 29
75 64
75 6
84 79
97 87
26 2
99 69
94 63
93 82
96 87
80 0
28 4
79 7
58 0
81 77
40 19
94 15
60 27
64 50
63 61
13 1
58 26
57 26
38 31
74 4
55 24
76 56
45 44
57 53
75 10
58 31
49 30
52 41
41 37
54 38
91 15
95 79
82 43
99 78
46 39
63 1
77 58
94 30
18 17
81 60
91 82
56 42
78 17
79 44
54 21
59 7
39 11
64 24
88 51
78 33
83 10
38 20
47 17
65 58
89 87
31 5
87 49
94 36
97 6
49 27
99 44
68 6
96 32
85 61
55 11
89 69
85 20
49 36
88 19
90 57
53 48
91 4
43 1
56 14
80 30
98 54
55 33
82 54
80 28
90 25
52 15
3 2
65 26
90 86
44 19
73 29
53 0
79 3
71 43
74 3
85 78
87 71
84 26
89 15
77 26
76 23
83 41
40 16
97 20
95 22
98 48
65 63
61 46
84 44
67 41
91 78
95 91
86 51
92 56
87 9
49 25
62 9
84 61
47 3
13 6
53 50
85 57
63 32
61 59
88 55
52 4
41 20
79 68
55 16
78 65
90 81
25 1
57 18
68 23
50 11
56 13
91 89
24 12
82 45
39 26
70 49
23 10
13 10
76 43
61 24
44 29
84 18
54 13
63 13
45 43
89 57
80 14
36 34
62 0
87 32
76 13
87 86
84 49
62 27
67 56
52 3
82 74
65 20
29 5
87 81
81 68
10 6
87 17
41 3
90 37
62 10
82 79
49 42
64 23
80 44
67 51
83 51
90 72
18 10
30 27
89 40
43 42
15 1
86 29
27 24
52 43
32 21
69 58
78 60
30 5
64 38
90 23
69 43
71 39
82 37
21 12
61 44
77 76
69 20
80 61
94 43
19 6
96 23
90 32
95 10
86 42
86 83
64 46
88 25
43 16
87 37
48 10
65 57
54 23
58 34
84 2
88 58
96 34
51 1
59 49
94 67
42 7
15 9
73 3
13 7
43 2
49 4
75 69
92 70
86 55
24 7
97 57
11 4
50 49
95 72
43 12
46 25
33 17
27 14
85 64
60 47
91 71
83 74
83 5
50 4
50 37
78 76
69 12
65 13
66 36
37 2
79 42
84 48
44 35
37 23
66 11
82 17
79 53
41 32
69 31
85 27
69 3
91 77
71 57
61 2
80 76
65 41
97 86
22 8
76 50
79 51
47 9
66 12
96 84
86 65
51 3
33 12
83 53
70 29
59 25
74 37
77 1
65 22
83 12
75 57
37 0
44 4
67 64
83 59
70 30
88 43
94 45
70 36
36 22
51 15
69 18
80 78
53 51
69 0
52 12
91 9
79 41
95 4
55 1
96 35
70 59
76 14
99 77
66 40
81 10
48 0
52 37
83 16
88 70
59 2
30 14
61 10
74 50
58 53
68 10
34 27
51 40
42 33
93 21
72 52
84 13
96 42
65 35
91 48
68 50
45 39
74 45
56 17
45 23
24 2
63 55
92 57
55 0
96 89
87 24
84 70
58 10
69 26
87 7
69 27
97 13
28 6
73 16
53 43
98 21
88 17
29 18
66 48
91 42
81 41
24 15
93 37
30 25
89 60
76 32
33 24
15 8
87 60
34 28
76 30
17 0
98 78
66 51
54 10
33 14
93 16
35 20
39 19
68 13
91 80
60 50
77 3
92 9
90 83
47 39
28 19
54 18
73 60
86 45
47 27
57 47
18 5
84 50
64 34
39 27
82 10
65 4
97 8
99 89
96 70
96 56
25 20
95 38
83 26
79 75
43 22
20 5
83 3
75 30
89 58
77 75
49 10
88 31
21 11
85 48
87 52
24 21
94 59
97 2
62 38
90 10
75 32
75 54
30 1
60 3
95 46
73 15
62 60
53 5
39 37
64 1
95 5
71 68
66 28
77 37
83 34
95 27
85 50
36 26
75 28
46 43
50 38
36 27
72 63
93 20
22 1
83 28
64 22
72 60
89 77
24 16
78 26
68 7
46 19
74 13
37 3
12 5
80 2
28 13
42 35
91 81
38 5
97 21
93 12
96 30
73 44
88 32
83 75
74 48
58 45
31 21
95 67
93 14
58 44
88 7
38 22
96 51
42 32
99 43
97 61
40 6
87 61
88 12
79 2
95 43
50 28
71 62
69 2
87 15
72 21
97 63
93 28
97 17
99 59
40 32
72 66
30 16
62 24
93 33
83 68
20 18
77 61
6 5
20 13
72 45
80 12
73 71
86 78
59 42
85 81
88 29
46 22
59 15
92 82
37 26
96 54
76 21
52 22
93 2
98 22
8 4
96 74
85 58
65 24
59 45
10 9
58 54
49 47
73 53
82 13
65 37
59 35
73 17
95 34
91 16
47 20
84 60
93 46
47 6
89 44
32 18
91 7
65 53
46 40
45 42
70 37
79 17
51 36
60 39
97 34
89 86
24 10
32 2
62 49
67 0
96 3
66 45
68 18
17 14
16 5
87 67
18 11
43 0
28 16
20 8
31 10
85 39
75 41
19 5
66 20
60 21
33 23
79 20
89 70
63 38
76 28
83 54
26 23
15 10
70 6
36 29
32 29
63 35
78 62
79 70
51 20
26 15
65 36
86 37
98 23
92 60
40 27
80 50
92 90
84 81
57 45
86 8
78 3
55 43
15 0
27 19
50 20
81 80
90 24
91 34
79 38
95 84
97 25
86 61
55 41
51 32
92 85
87 43
52 31
85 19
77 15
97 3
28 18
85 59
93 5
57 44
91 3
73 72
45 10
64 20
45 21
93 32
92 75
13 12
80 16
97 11
75 56
72 41
47 46
35 6
41 1
98 6
43 18
74 73
87 21
88 78
98 29
19 9
25 22
54 52
67 19
77 2
98 89
47 14
90 3
44 13
87 50
99 9
17 4
81 70
77 43
38 19
70 23
34 24
95 56
55 27
95 36
72 26
56 9
90 7
60 53
90 53
38 33
85 32
72 3
87 48
77 19
84 7
77 16
83 35
70 57
27 8
81 61
7 0
80 19
84 64
59 38
7 3
53 17
82 35
86 28
80 3
81 22
12 4
59 6
75 58
93 10
89 13
88 68
77 27
84 25
45 7
62 44
87 62
16 9
89 81
97 59
93 59
73 67
59 39
91 87
49 45
35 22
46 24
85 37
74 12
63 29
61 37
92 65
54 16
70 64
23 3
88 48
8 2
69 67
60 56
75 36
92 72
9 2
66 64
56 7
62 56
87 44
96 53
41 13
48 18
89 37
92 83
99 10
65 38
70 13
99 71
60 37
68 37
66 2
25 15
94 0
38 34
60 46
19 17
78 24
98 90
96 14
46 28
28 7
75 23
81 66
66 55
23 4
52 16
87 10
87 55
89 82
67 14
40 20
79 23
76 36
64 43
97 22
75 67
4 3
79 16
59 41
31 11
72 5
83 13
86 59
47 7
90 79
53 36
68 43
61 20
82 65
59 18
98 62
41 35
97 89
73 18
57 36
56 11
74 43
81 52
93 87
96 25
85 72
47 30
93 64
96 29
50 3
29 11
83 71
88 26
47 24
56 54
77 30
67 18
92 8
45 3
46 23
30 20
54 8
94 7
36 9
80 77
78 50
96 86
81 49
31 19
69 6
52 10
46 31
93 29
49 17
38 23
44 32
63 14
37 7
43 4
88 84
81 59
55 14
65 51
28 0
71 9
74 72
61 3
68 44
84 58
80 9
88 47
90 49
95 49
86 20
28 21
66 5
42 13
76 19
26 20
61 58
31 2
7 5
49 34
54 51
82 18
40 26
78 7
53 12
71 25
60 32
73 56
97 78
88 22
19 15
79 26
61 29
86 25
94 77
98 51
67 53
95 24
98 36
70 60
43 39
64 59
89 67
80 69
64 13
91 14
93 26
68 49
77 11
54 35
61 32
49 9
56 43
88 39
77 22
75 68
55 48
56 15
53 49
53 44
61 11
89 47
78 67
57 2
95 14
79 77
89 56
97 49
95 94
78 68
79 8
84 45
92 31
10 0
71 60
30 17
24 14
84 80
87 12
50 36
78 74
92 86
98 95
81 46
59 56
72 18
90 41
65 60
65 18
70 14
66 15
75 13
49 24
79 22
78 19
87 75
96 43
99 3
98 43
97 0
85 16
32 4
47 25
38 10
63 43
28 24
90 11
75 1
84 24
29 21
44 33
94 11
48 41
52 39
99 32
82 0
94 87
18 14
72 70
79 9
84 41
83 23
84 10
25 11
60 51
60 11
54 5
75 0
97 15
74 51
34 12
84 47
46 18
74 57
96 8
95 92
70 1
46 42
53 40
81 35
82 66
67 17
35 24
88 80
92 84
35 26
74 11
65 9
62 52
89 14
2 0
96 61
95 53
80 71
78 42
56 37
99 12
50 8
95 28
93 30
61 21
11 1
33 26
98 49
59 22
83 20
81 50
39 9
82 8
39 12
50 34
96 28
85 7
94 21
88 11
98 53
62 8
77 28
55 2
80 43
60 38
45 5
32 28
55 51
73 42
31 12
89 31
90 46
91 90
92 61
32 31
75 7
43 37
80 74
76 11
42 25
73 30
56 27
55 18
46 7
57 3
95 13
95 9
57 1
63 21
77 5
83 40
94 10
22 9
98 87
98 74
78 22
72 62
57 16
66 32
45 6
66 57
73 38
85 23
98 12
73 49
93 83
98 93
32 22
88 62
73 19
11 5
81 53
68 62
66 41
57 54
22 5
97 28
67 43
44 6
76 3
52 36
50 47
90 48
92 91
98 28
36 25
66 21
91 39
83 17
49 35
56 31
33 7
80 73
78 10
88 85
62 14
75 44
70 52
66 1
56 53
83 6
18 9
67 61
56 48
41 40
53 29
41 30
76 24
88 15
71 2
54 11
95 69
75 2
48 12
29 6
56 29
70 8
52 34
53 33
91 21
81 20
82 4
64 40
99 19
21 20
54 34
70 0
39 16
26 17
74 56
67 8
84 59
79 25
75 25
65 11
99 17
29 1
23 20
63 0
93 17
81 7
51 41
80 11
45 20
83 66
83 42
37 9
39 23
70 11
86 70
93 25
58 37
70 47
57 21
73 28
64 58
78 58
89 78
51 13
16 15
96 63
11 9
83 19
75 35
52 38
56 8
91 0
99 86
39 31
29 24
82 81
95 47
60 26
15 2
79 24
44 9
77 66
48 32
96 94
53 1
58 56
93 68
49 14
92 47
77 4
18 4
93 79
77 63
57 15
93 3
63 46
37 19
68 54
71 34
29 3
65 52
86 38
23 9
74 26
67 52
92 14
28 22
71 5
67 24
97 45
65 34
86 46
57 8
90 18
45 41
36 19
93 52
90 12
67 37
82 53
77 9
49 19
82 26
77 60
58 46
75 65
59 19
43 40
92 53
68 42
23 2
67 63
68 39
76 38
68 26
99 31
37 22
34 16
65 45
24 23
51 33
94 3
52 35
81 47
70 25
61 7
59 11
65 30
67 23
95 54
93 31
84 65
26 10
97 83
87 54
40 21
89 74
80 58
94 56
70 26
80 37
91 25
97 69
76 70
75 17
86 2
16 6
11 2
63 57
49 38
42 26
22 11
34 18
89 73
85 60
71 26
86 18
74 63
64 62
80 18
89 19
96 58
66 63
80 32
94 75
92 79
71 13
66 14
34 1
78 30
42 14
79 58
92 17
56 49
93 4
72 37
35 18
77 6
87 35
24 6
56 36
74 34
60 15
69 46
87 34
31 4
93 86
91 1
42 3
99 15
78 73
72 46
58 50
88 9
91 38
67 4
99 18
32 9
80 36
79 56
41 24
94 35
67 65
93 40
20 7
72 33
86 63
87 65
91 27
79 47
35 5
40 1
87 45
88 41
46 21
24 11
29 23
99 65
94 18
84 6
70 40
80 68
47 36
70 38
72 58
84 43
94 54
83 46
44 34
79 11
73 5
54 26
84 36
69 28
12 9
73 41
58 18
41 8
95 74
37 24
96 15
85 31
19 7
64 12
99 64
86 76
36 8
26 19
80 66
68 31
42 39
89 18
47 41
57 48
85 0
99 37
98 4
97 48
66 46
84 38
25 16
86 44
52 17
33 21
51 14
86 80
48 3
33 0
22 6
39 38
98 81
74 29
86 71
98 71
36 28
78 6
87 38
71 40
83 56
44 26
93 13
93 61
57 42
97 82
90 56
71 59
44 0
33 25
43 9
90 4
40 8
96 79
64 14
45 28
75 63
63 11
41 17
29 4
23 15
62 33
93 54
78 63
38 21
47 21
69 56
71 3
40 33
43 38
85 29
19 8
64 55
69 60
32 14
31 7
51 12
92 33
55 35
99 23
41 36
46 1
46 13
38 7
38 8
48 33
67 62
26 11
3 1
13 9
92 59
32 30
82 39
51 23
88 56
48 9
51 19
96 49
31 29
17 1
44 21
65 29
17 5
92 3
74 41
57 35
47 29
54 44
36 17
57 11
91 54
61 0
74 40
97 43
72 25
73 48
86 22
69 4
96 66
33 1
37 32
58 22
66 31
50 44
79 69
69 16
68 59
35 19
99 92
79 28
91 43
91 46
91 61
84 8
90 16
60 2
95 51
53 35
88 21
65 43
68 40
87 83
91 53
51 38
78 9
26 24
66 52
70 27
99 85
33 3
95 11
97 73
35 11
62 57
83 29
92 41
83 52
89 3
99 95
95 55
20 19
91 62
90 74
27 3
87 77
39 4
80 26
77 46
46 15
72 11
78 25
41 39
55 38
48 29
61 34
59 9
89 32
45 22
82 3
80 1
90 30
57 12
80 63
67 20
81 67
56 40
87 4
99 57
54 41
66 7
76 8
63 15
50 9
62 21
35 4
94 74
63 17
41 11
16 1
80 10
28 20
82 34
82 73
95 70
92 40
41 28
67 50
91 88
74 36
94 34
98 82
37 20
99 98
69 39
98 5
98 44
96 21
16 2
59 0
35 34
96 16
10 5
80 60
51 48
87 42
91 44
59 52
12 11
81 6
60 45
81 54
56 47
69 62
96 55
92 52
78 13
57 32
71 23
61 35
38 26
12 7
65 21
99 20
57 9
42 17
21 5
74 7
44 31
53 46
87 41
67 30
63 41
76 27
99 38
42 4
67 1
49 11
92 67
32 24
64 29
89 0
94 2
45 13
85 66
40 22
61 50
26 13
60 8
98 26
86 21
87 26
97 79
80 56
92 46
10 7
63 40
87 47
73 68
95 60
46 35
65 12
80 15
33 13
27 0
29 19
15 13
49 6
34 23
54 45
92 29
58 33
87 36
97 4
30 11
94 85
96 62
25 3
26 6
52 23
80 47
93 18
13 5
73 46
45 24
30 26
84 16
94 89
86 13
37 5
43 31
40 31
79 18
47 33
49 32
17 13
92 16
86 77
82 57
89 48
31 13
99 93
85 34
94 60
39 2
63 45
68 22
68 25
81 73
89 38
87 28
99 8
97 5
79 10
51 6
66 18
62 48
54 9
57 41
46 38
76 5
48 31
86 66
44 40
69 15
48 39
42 27
74 15
71 65
29 22
75 48
55 30
17 2
52 20
40 9
47 45
82 23
96 77
69 36
45 34
49 26
94 92
91 69
94 28
68 27
54 31
48 44
90 43
89 42
82 1
97 23
79 45
78 53
70 66
94 33
61 12
43 32
46 32
42 15
95 3
30 10
94 58
81 75
93 84
83 49
54 29
95 20
86 52
56 1
95 50
28 2
77 74
72 55
54 1
75 73
77 35
98 7
66 38
90 15
97 88
93 7
95 65
62 4
65 59
60 17
60 20
49 3
66 53
72 49
49 48
57 6
22 3
79 40
98 1
97 37
93 35
35 2
14 11
29 13
98 91
69 17
34 15
92 50
94 14
46 36
49 31
72 61
83 22
90 58
74 31
47 11
99 6
71 4
73 64
79 39
34 11
64 30
90 20
81 65
98 19
85 36
24 13
23 8
93 50
66 16
68 65
41 38
88 54
46 9
82 33
61 33
73 63
39 14
65 28
94 13
95 1
38 18
82 15
77 24
66 24
27 25
32 7
44 22
51 47
86 23
78 21
71 8
76 18
99 87
80 6
89 5
96 44
96 10
99 62
79 43
27 4
66 42
82 19
78 35
96 73
74 67
86 60
76 45
81 1
16 13
83 1
80 75
68 34
34 30
65 33
91 37
55 12
87 58
72 67
97 56
97 39
14 13
20 15
80 64
96 48
87 76
48 26
63 47
62 11
45 37
39 25
86 82
25 6
29 25
79 35
82 21
83 25
94 93
89 8
20 16
33 6
92 74
71 51
55 36
70 7
88 64
55 29
45 12
42 34
87 33
41 26
6 4
65 49
72 2
33 28
89 36
33 8
85 49
85 79
85 67
81 12
97 52
59 5
83 39
86 33
40 37
86 67
84 40
70 48
39 29
35 1
80 42
97 30
69 30
59 58
32 17
42 6
63 26
92 7
68 56
74 55
86 68
65 48
88 73
90 54
33 4
58 14
58 16
43 34
94 49
18 3
75 45
73 39
56 12
60 41
95 44
79 37
92 78
57 5
76 46
77 50
39 20
18 1
79 61
86 85
73 13
65 54
85 25
78 72
40 0
52 44
66 23
78 69
77 29
75 46
84 73
41 4
94 38
66 47
77 40
32 15
86 84
34 7
76 63
55 46
86 36
17 8
56 24
77 71
27 17
96 92
45 32
89 24
97 31
83 61
30 18
73 8
41 19
72 30
17 6
96 17
78 54
27 1
60 1
81 28
72 32
92 43
86 32
53 27
73 33
50 13
98 15
34 6
29 2
94 4
93 60
84 53
18 8
79 66
81 42
84 83
18 2
84 35
44 16
81 19
55 10
30 7
79 62
72 4
88 87
96 45
87 74
79 19
68 32
70 53
83 18
78 29
75 61
89 65
46 12
51 2
59 33
74 9
83 14
69 29
93 38
43 11
96 47
34 14
73 58
54 14
45 36
82 44
35 32
50 22
86 31
91 28
88 79
55 37
86 26
47 12
88 1
50 17
72 39
17 15
82 27
73 9
12 3
89 79
99 54
69 14
54 39
90 22
59 24
86 73
44 28
60 35
68 14
85 1
22 18
54 25
92 69
99 13
88 76
61 30
82 47
67 2
75 31
45 17
42 12
42 28
96 78
65 50
79 57
57 22
90 50
90 19
71 46
58 39
99 4
82 72
50 31
97 32
68 19
76 64
12 10
89 83
89 28
35 7
89 29
61 13
28 8
58 52
66 6
31 22
29 0
14 0
71 50
85 42
71 36
47 38
96 95
32 0
92 4
33 2
98 0
63 25
72 28
98 33
22 0
56 45
85 53
72 38
94 53
93 69
99 79
65 25
60 31
37 28
40 15
49 18
91 76
32 19
37 27
14 9
31 16
25 8
71 64
54 0
57 4
86 0
48 6
45 4
95 88
79 72
63 34
77 65
27 7
76 12
55 34
19 3
87 85
96 83
31 14
76 71
95 71
33 9
88 57
42 0
58 13
88 0
98 9
86 11
81 40
7 1
41 2
97 36
77 70
43 35
91 29
94 24
92 42
89 27
79 76
40 28
59 37
60 24
62 35
83 24
83 15
86 47
86 74
74 61
97 47
94 86
19 1
90 64
96 46
25 12
62 42
56 34
98 59
55 25
18 12
85 55
92 28
70 55
50 5
47 19
70 43
82 80
83 45
83 79
21 14
92 76
70 17
59 13
36 11
93 75
40 18
95 0
79 4
60 48
79 73
66 19
76 39
70 5
62 28
81 8
77 13
48 5
83 78
62 13
41 18
87 2
55 9
89 20
20 4
95 7
92 25
77 17
95 89
94 19
52 14
49 29
43 14
62 45
53 22
88 81
21 6
66 37
36 2
85 69
81 39
67 32
97 9
61 55
71 11
23 18
60 44
84 14
78 75
87 59
45 26
94 17
81 45
55 23
94 88
77 67
73 50
96 69
23 16
52 46
74 30
38 16
70 20
87 23
64 17
98 10
44 1
75 43
27 10
94 9
94 26
15 7
81 2
77 42
69 38
99 66
81 17
76 75
94 51
89 30
98 75
44 20
95 6
86 43
60 57
33 18
73 45
74 18
74 71
92 36
99 61
81 38
30 13
92 5
98 38
70 69
91 75
5 2
86 9
35 31
60 43
73 10
69 50
66 9
91 18
44 39
87 18
99 68
50 2
72 71
29 12
90 63
94 52
32 26
39 28
65 40
9 5
46 4
38 36
88 67
38 30
96 71
61 14
87 29
97 41
59 36
55 52
76 42
47 10
17 11
67 15
69 66
75 18
91 74
90 35
17 12
56 6
79 46
81 26
99 33
84 66
7 4
9 6
56 28
38 6
85 38
35 25
99 0
74 46
92 71
77 21
49 2
89 22
45 27
70 18
49 43
64 6
66 49
51 24
90 62
97 91
64 7
96 72
84 76
22 15
99 51
73 70
44 8
83 65
44 42
82 11
87 78
99 82
54 17
52 5
87 70
82 46
94 84
91 56
44 5
77 39
46 45
37 21
63 50
68 30
65 15
82 22
95 45
93 55
35 27
97 67
63 9
32 5
94 39
54 3
37 12
58 4
72 9
92 26
24 5
77 54
49 20
23 21
79 71
94 90
94 37
56 41
30 4
41 12
86 24
61 57
51 4
74 5
61 53
67 31
37 25
46 14
75 33
78 46
97 16
93 58
57 39
34 29
33 29
55 47
74 35
60 18
36 15
98 88
39 13
25 2
55 42
98 3
65 19
94 22
65 32
63 3
42 10
67 48
68 41
36 20
24 17
75 21
51 8
77 10
48 4
90 52
95 8
35 33
73 47
67 36
62 17
68 17
77 20
44 14
90 6
22 16
57 49
80 62
35 29
27 23
89 64
61 28
80 70
92 88
90 78
63 49
4 1
66 17
76 53
31 26
35 8
84 72
75 59
89 84
50 32
99 7
71 6
83 55
48 37
41 7
38 13
82 59
45 31
74 25
65 3
77 45
43 24
97 33
15 5
24 3
63 36
73 34
93 41
60 14
63 53
53 24
62 58
34 9
99 29
88 20
78 28
62 3
75 52
45 19
33 32
96 80
69 57
84 29
79 1
59 28
58 49
91 23
98 13
84 0
80 53
85 18
67 6
72 51
81 13
79 27
20 11
47 1
94 16
83 37
97 58
69 52
21 17
52 42
71 31
87 1
70 67
11 0
94 57
75 39
43 10
64 18
73 0
38 32
81 27
59 21
60 4
32 3
82 42
57 7
96 20
95 19
90 55
77 31
73 23
68 45
94 78
79 59
71 55
58 2
67 46
88 42
40 24
82 5
88 53
47 32
95 80
6 0
78 57
98 30
85 11
54 50
86 27
80 65
64 35
74 27
63 54
74 58
8 1
76 55
50 25
59 50
80 38
50 41
64 26
26 25
86 48
66 26
36 18
82 61
59 40
68 8
91 12
85 9
92 44
61 31
76 31
94 20
91 66
44 18
55 5
90 73
76 49
40 23
56 39
84 17
90 67
72 29
50 16
58 43
56 10
6 2
92 27
91 79
85 5
57 56
13 4
58 42
88 59
41 15
93 34
88 63
38 14
52 7
79 12
52 21
96 93
90 38
49 16
95 33
40 13
40 10
5 0
71 21
19 18
61 27
78 47
93 85
75 49
81 64
76 33
67 10
86 69
68 35
59 30
59 46
92 49
41 5
83 81
56 22
37 14
97 60
46 8
64 31
18 15
70 34
81 0
94 47
21 3
79 13
93 76
79 14
81 15
99 58
78 44
69 59
45 1
24 18
89 16
89 21
80 51
21 15
48 19
63 20
65 42
97 75
53 30
3 0
37 6
72 48
21 2
92 58
42 1
47 2
98 64
60 54
85 62
31 0
57 46
72 17
98 72
59 20
88 82
84 56
80 4
43 36
34 10
58 48
56 38
30 12
92 54
68 53
85 77
98 96
98 11
32 13
81 79
95 57
34 22
52 40
90 14
51 45
64 21
90 29
56 26
84 15
84 34
69 8
72 22
78 64
89 2
67 57
58 30
43 29
91 35
17 7
65 39
54 12
70 58
55 17
75 8
47 28
50 0
92 1
98 58
37 4
61 6
45 16
21 19
94 6
81 44
87 8
82 32
94 76
15 11
92 66
86 34
83 72
96 27
77 49
42 38
48 34
54 37
80 55
55 40
66 22
61 56
91 22
89 17
87 19
69 64
96 65
85 70
97 76
79 52
86 75
54 28
99 22
62 46
62 6
58 20
97 66
62 30
15 3
93 6
87 53
92 37
55 19
71 53
47 15
83 27
47 42
80 49
60 12
45 35
92 48
42 30
79 54
54 40
74 52
79 60
95 23
93 65
69 40
67 25
14 12
78 5
91 31
90 82
53 28
62 40
55 20
91 20
77 18
58 7
41 16
66 8
98 94
27 13
25 23
75 74
98 37
99 75
76 20
89 52
29 10
92 64
69 13
67 3
96 11
67 40
42 37
67 49
87 46
73 54
89 34
26 5
94 27
78 70
54 46
93 11
38 27
99 42
75 11
94 83
68 58
64 0
99 63
97 68
43 20
37 33
61 39
83 70
25 14
90 33
78 12
12 1
94 31
36 0
82 77
95 40
50 30
91 73
86 6
78 55
90 39
61 54
76 47
92 13
76 35
62 47
43 15
83 64
29 14
98 73
20 0
50 19
86 14
75 34
33 31
10 8
93 23
99 73
37 17
82 36
90 13
33 27
63 5
64 11
32 25
80 13
83 63
52 25
92 18
77 48
43 27
94 64
79 34
78 8
38 28
73 37
67 45
22 21
61 5
47 35
21 9
57 55
92 81
16 11
42 18
90 2
89 23
68 67
93 24
65 23
26 8
50 12
88 6
71 61
29 20
93 8
97 85
76 48
23 0
85 10
89 33
71 48
88 34
58 19
83 60
29 8
85 73
34 20
61 51
85 40
69 53
83 43
97 90
73 66
42 36
48 25
85 47
40 17
87 16
69 1
37 29
72 43
90 40
64 28
76 34
93 89
81 9
85 3
72 47
90 9
59 34
96 1
60 33
66 56
38 25
33 11
48 20
76 57
66 50
88 50
52 1
88 44
42 29
93 77
99 45
91 50
71 63
67 58
85 71
78 2
84 3
62 1
92 30
38 15
48 27
4 2
67 66
29 16
61 36
52 8
50 18
58 32
91 59
83 76
75 40
43 26
95 30
49 33
86 79
62 25
75 70
85 65
74 69
63 4
30 22
23 22
34 13
77 23
54 27
99 14
25 19
80 40
47 43
51 27
34 5
52 0
76 15
32 20
56 32
70 12
91 67
86 35
74 53
64 61
91 60
55 32
99 81
46 34
61 49
22 17
51 50
94 29
74 49
93 63
81 51
57 40
97 29
92 20
81 21
88 65
16 0
92 11
55 26
73 22
75 66
22 12
67 60
67 47
61 48
67 26
57 50
9 4
6 1
48 14
75 5
58 3
26 12
93 45
62 22
67 22
51 43
69 34
27 18
29 27
24 0
42 2
98 60
70 45
82 16
99 16
52 27
76 72
97 77
31 9
29 9
36 23
40 39
93 9
95 58
56 51
78 14
56 35
74 14
48 23
92 39
96 41
62 39
15 4
62 34
82 69
68 15
88 74
44 38
77 59
64 53
49 5
97 44
64 27
93 92
81 55
91 6
67 21
63 23
97 74
46 20
93 15
67 11
98 41
94 12
71 41
77 33
64 47
71 70
73 11
78 56
82 76
26 21
89 85
87 79
84 4
23 14
86 56
65 27
91 72
89 88
71 49
96 26
98 40
60 40
21 7
84 77
68 24
66 43
73 40
86 50
93 1
75 20
84 30
68 57
71 14
91 24
77 55
68 48
90 76
75 60
43 33
70 54
72 35
42 20
68 60
39 0
24 1
93 39
51 28
84 23
62 37
96 37
46 0
39 21
70 39
67 7
88 46
84 67
67 39
82 64
56 44
65 56
69 65
50 27
89 72
86 12
16 10
71 1
42 41
44 2
63 30
16 4
44 10
19 11
72 59
99 49
37 18
73 36
23 1
93 43
21 1
38 12
95 48
54 32
85 2
30 8
94 72
39 33
35 30
98 86
57 52
34 31
88 52
39 17
71 10
84 42
86 64
61 1
54 7
39 22
96 52
89 66
53 21
63 37
68 1
17 3
80 48
82 12
36 30
32 23
99 25
74 60
59 3
75 62
44 7
62 59
95 86
32 16
63 28
35 9
83 47
71 66
63 2
53 10
5 4
93 62
37 30
91 26
11 6
84 78
63 22
56 0
25 18
74 38
64 63
14 10
84 54
65 16
26 0
64 25
51 17
77 8
36 7
92 12
57 27
91 8
75 42
87 63
89 46
99 97
91 51
61 17
40 4
8 5
14 3
58 6
79 36
77 51
87 64
76 17
84 37
91 5
54 43
71 69
25 7
31 24
68 52
85 56
83 33
96 88
63 7
58 21
60 9
47 44
56 23
69 37
95 73
88 61
36 6
54 6
74 42
46 10
63 8
44 12
48 22
77 12
50 6
70 33
16 12
98 97
57 43
70 2
98 66
65 6
75 72
92 62
60 29
67 38
68 47
89 41
90 88
46 5
86 62
51 31
27 5
82 62
42 40
56 16
73 35
30 6
81 29
63 39
57 0
63 42
47 5
71 58
44 30
74 2
96 85
73 4
55 31
59 23
99 60
61 23
51 46
52 11
37 1
24 20
77 44
59 12
75 9
91 13
71 42
27 20
93 22
97 50
26 4
95 29
82 55
68 3
14 5
84 74
62 61
98 25
46 44
37 13
89 75
63 27
82 58
9 0
45 25
71 33
41 31
66 44
87 14
97 84
21 18
91 2
96 36
5 1
76 58
72 36
85 45
64 41
86 10
59 1
76 0
76 22
36 3
84 46
85 63
60 10
74 44
61 40
93 74
61 9
66 33
87 27
61 15
77 47
47 18
85 6
31 1
99 52
72 31
95 59
76 67
46 6
34 26
83 9
86 40
91 45
88 49
97 53
45 40
85 80
49 13
80 33
84 28
99 40
48 2
59 54
70 15
59 17
89 59
74 32
40 7
96 18
66 4
87 73
56 25
52 28
98 61
90 17
19 10
94 70
25 0
67 34
73 24
59 47
92 2
63 60
35 0
99 80
60 19
69 7
57 30
57 14
40 3
74 21
69 24
95 64
47 0
54 22
26 7
56 2
80 59
96 82
81 37
7 6
88 14
88 40
92 68
70 68
63 59
87 22
54 20
99 21
58 5
61 42
33 15
37 34
93 56
58 41
59 29
70 28
76 26
55 54
57 33
33 10
15 14
96 22
74 33
85 8
69 49
95 32
54 30
74 0
87 57
76 52
70 65
78 51
28 3
57 34
22 4
85 82
75 50
71 45
84 12
94 62
71 37
85 54
56 52
43 6
39 18
42 19
35 17
82 52
49 7
90 0
72 56
86 1
74 68
77 57
68 63
33 5
98 84
31 3
77 34
96 75
90 34
96 91
53 25
57 25
81 3
97 96
49 37
76 40
51 49
96 24
96 12
88 66
73 55
62 26
46 30
99 94
36 24
69 11
58 51
97 1
67 42
77 56
96 6
90 70
84 9
48 40
44 3
30 21
82 68
50 29
62 50
84 62
45 11
99 67
50 24
66 35
96 57
74 65
73 32
74 17
82 14
65 8
95 68
78 61
52 33
87 13
37 10
87 82
63 51
31 17
83 0
79 74
35 23
89 80
30 23
64 32
78 48
33 19
81 62
75 19
72 0
51 39
95 81
52 50
97 55
98 67
41 27
23 7
45 8
59 8
69 19
88 18
55 7
64 36
64 10
92 23
89 68
64 45
96 0
84 5
34 8
62 36
99 53
91 32
78 15
91 84
41 10
78 0
46 27
88 28
12 0
63 18
67 13
49 8
27 6
78 45
71 29
87 66
76 69
68 61
73 31
83 30
55 45
44 11
78 34
37 8
88 71
45 29
23 6
38 1
42 16
13 2
93 49
73 1
54 47
22 19
65 46
90 60
46 26
19 14
76 1
38 2
83 32
59 43
32 11
31 6
25 4
82 50
42 11
76 25
82 63
60 49
87 69
81 25
88 45
5 3
80 35
24 22
80 67
65 14
65 0
30 3
59 51
50 39
75 12
93 88
88 83
40 34
91 41
65 62
55 3
91 83
14 2
96 50
44 27
20 14
84 33
59 27
89 7
46 37
72 20
46 2
99 91
71 12
58 15
89 45
43 7
93 91
31 30
72 53
74 1
23 11
98 34
51 25
56 50
50 15
91 63
78 77
64 48
53 39
96 40
47 37
76 60
72 13
99 41
88 8
84 75
60 28
43 25
67 44
62 12
88 3
58 24
58 40
74 47
78 38
92 80
59 10
79 64
74 16
93 90
22 14
98 31
99 5
95 42
81 33
97 51
8 6
27 2
62 29
92 38
79 31
79 30
71 27
98 27
66 39
91 30
86 72
99 47
41 25
55 15
94 79
75 71
99 34
84 21
30 15
76 54
95 41
45 2
64 56
9 7
76 59
78 71
79 6
33 22
16 7
88 33
75 51
53 37
78 37
33 20
92 89
98 17
67 55
65 31
98 14
89 10
73 65
17 10
86 41
84 11
55 22
93 57
70 41
78 18
96 90
68 38
14 7
56 21
66 25
32 27
91 17
89 61
30 2
98 70
85 68
98 2
81 56
51 29
75 24
58 8
98 65
68 9
50 43
61 25
99 39
61 18
98 92
61 4
77 72
79 33
36 1
74 20
90 8
80 25
91 47
83 21
31 28
64 4
59 31
24 9
31 15
77 25
91 85
19 13
69 54
82 30
73 2
88 23
81 24
89 50
56 3
77 7
82 71
35 21
10 2
69 61
98 79
65 1
83 57
35 14
90 71
97 94
94 44
28 10
89 55
70 32
16 8
65 10
86 39
78 41
42 24
62 20
23 19
82 67
99 50
89 76
74 23
96 81
51 30
80 46
22 2
13 8
99 72
44 37
62 41
47 34
97 93
69 5
58 1
68 46
66 27
63 10
41 34
61 26
68 5
52 49
92 22
38 29
48 16
99 1
81 63
19 2
97 26
55 8
96 76
99 74
35 16
24 19
78 20
55 44
78 59
72 14
60 30
48 13
59 16
65 2
40 2
48 30
85 43
85 22
78 31
71 67
90 26
82 25
82 70
93 72
85 83
27 9
80 79
99 48
94 46
28 17
93 70
54 36
64 42
50 23
49 46
55 4
83 38
61 16
47 4
69 45
52 29
90 65
78 32
70 31
39 1
11 10
12 2
53 6
17 9
39 24
69 35
23 12
99 88
70 62
91 58
32 1
57 23
73 6
93 67
52 45
22 13
51 42
81 74
25 10
8 7
75 27
98 50
90 47
83 48
81 36
64 16
14 4
82 49
86 53
97 80
77 64
80 8
92 0
53 45
9 3
65 61
70 51
70 50
50 1
97 38
58 29
89 39
91 36
59 57
55 28
85 35
95 52
75 14
44 41
35 10
60 13
89 35
95 26
89 53
8 3
79 0
50 33
71 52
48 21
27 15
68 0
43 17
90 59
56 30
84 82
93 0
87 56
6 3
85 14
44 43
75 22
65 55
89 51
63 16
93 66
71 17
69 9
73 69
48 43
53 16
80 23
54 53
47 40
68 28
85 84
24 4
87 51
29 17
79 65
64 19
78 66
71 28
81 4
61 43
31 25
51 9
65 64
72 24
33 30
91 70
84 63
21 4
99 27
94 5
82 31
72 42
49 15
72 57
50 14
57 29
40 38
94 50
66 59
40 5
98 45
78 23
69 10
29 26
76 7
82 24
84 51
48 1
64 9
91 10
76 37
85 75
59 14
82 7
62 55
51 7
56 20
63 44
48 38
85 26
60 22
94 68
53 23
77 0
61 22
88 77
47 22
51 5
56 55
52 51
91 49
72 6
93 51
87 25
60 59
68 66
59 48
18 0
98 56
64 49
28 25
93 53
26 22
96 60
73 57
70 44
66 54
97 19
60 7
67 9
49 23
31 27
18 13
96 38
49 22
98 39
59 55
90 75
55 39
48 15
53 9
74 54
16 14
58 28
89 1
50 42
97 62
38 4
63 62
92 15
72 15
53 42
45 15
95 63
82 51
71 7
77 53
66 58
75 53
35 28
76 61
61 52
77 14
18 6
95 18
95 82
70 61
38 11
76 29
85 4
64 51
92 10
83 69
80 39
58 35
60 16
94 61
93 48
93 47
94 80
94 8
56 33
99 83
85 24
49 21
53 20
60 25
95 87
53 47
42 21
67 35
60 6
66 65
85 76
86 81
73 7
89 49
24 8
90 44
58 11
95 77
59 53
57 38
66 0
52 13
90 87
97 46
53 7
98 20
32 6
82 20
68 11
28 1
62 43
89 71
46 41
91 64
73 20
84 57
97 81
81 34
70 10
83 31
74 8
44 24
85 51
93 42
74 28
54 33
76 62
83 44
27 22
70 22
62 54
72 23
66 60
81 58
54 48
82 41
7 2
47 16
91 19
36 10
55 6
50 10
78 36
70 9
69 68
99 11
20 12
73 25
22 7
30 9
46 33
58 57
87 20
79 78
64 8
55 49
38 35
99 46
61 60
14 8
90 5
64 52
70 21
62 19
61 8
86 54
81 30
53 32
99 90
36 31
38 24
41 9
68 16
58 38
61 19
76 9
92 24
99 70
82 60
57 37
41 0
88 13
98 68
37 11
97 24
8 0
98 46
60 52
94 65
53 2
97 40
60 5
82 48
40 29
35 13
35 12
71 47
54 49
73 51
90 61
20 1
89 54
46 11
88 38
76 65
60 55
93 80
43 3
71 30
39 8
81 78
75 37
10 3
31 18
72 19
87 0
60 58
57 24
65 47
47 23
34 3
25 17
57 17
88 4
88 69
70 4
60 23
51 44
94 1
95 17
26 3
68 33
38 37
55 50
98 47
88 36
83 4
90 31
43 21
95 61
79 29
53 11
48 46
25 24
78 40
88 60
87 40
94 82
95 25
90 77
85 15
76 68
22 20
90 68
53 8
50 35
64 57
34 21
80 54
72 54
84 19
61 45
72 68
60 0
81 18
86 16
62 32
86 4
73 14
30 24
98 80
34 4
98 18
53 15
69 23
58 27
36 16
66 62
98 76
69 47
21 13
91 11
21 8
85 21
77 41
83 11
71 56
97 54
76 2
98 69
39 15
69 32
93 19
47 26
46 17
68 20
28 11
70 16
25 9
36 35
94 25
71 0
90 51
95 39
57 51
51 35
81 16
95 93
39 35
80 41
72 44
52 9
60 36
82 75
31 8
65 5
51 10
89 6
26 1
99 76
28 26
34 2
43 41
51 22
22 10
64 44
93 78
34 17
96 67
76 4
38 0
95 62
88 35
94 42
97 70
39 30
95 15
92 21
91 33
13 11
98 57
49 28
49 1
68 64
88 2
35 15
45 18
62 5
73 61
13 3
12 6
54 2
80 34
94 32
73 52
97 18
53 41
28 12
57 10
45 9
49 39
85 44
17 16
97 95
73 27
50 46
71 19
25 21
90 28
45 38
53 14
89 9
44 25
59 26
91 52
78 39
74 24
41 29
84 55
85 74
51 21
30 19
72 65
87 39
92 32
77 36
27 12
79 67
96 31
71 32
89 43
90 69
79 49
48 8
14 6
84 39
97 27
29 28
58 36
99 96
80 5
95 35
95 2
18 16
93 44
81 14
26 16
12 8
52 2
63 33
77 73
57 20
70 35
88 30
94 55
19 4
82 6
83 8
98 83
92 63
64 15
56 18
70 24
62 31
70 56
20 6
66 13
53 13
19 12
78 1
62 7
97 42
21 16
87 11
28 5
37 35
55 13
4 0
81 76
85 46
36 33
58 55
84 32
94 73
71 18
44 36
83 50
67 28
28 9
94 69
15 6
81 69
39 7
93 36
58 9
92 34
86 15
23 17
88 27
95 83
96 59
90 84
76 73
79 21
88 16
98 16
52 18
95 21
85 17
15 12
43 23
86 7
74 62
28 27
53 26
53 3
74 70
81 43
98 85
63 6
94 48
55 53
47 13
27 11
48 24
92 19
61 38
48 42
34 33
78 52
98 8
96 13
20 9
51 0
43 19
71 38
80 21
67 59
96 7
99 28
83 58
67 16
69 51
70 42
42 31
11 8
82 29
92 6
88 86
88 24
92 77
90 36
96 5
95 12
64 39
