100 4910
79 73
93 26
13 4
81 13
71 20
46 39
55 33
63 62
83 63
70 37
96 58
94 25
99 97
29 9
34 28
78 62
45 44
99 19
30 17
67 65
89 49
83 59
82 76
68 22
98 29
79 54
96 6
72 23
15 2
69 6
98 43
67 49
98 7
92 32
49 24
43 20
95 31
80 66
92 91
86 55
89 71
43 30
75 9
90 31
61 4
96 31
50 23
83 31
80 11
99 49
31 3
91 65
13 8
46 6
73 14
83 7
40 6
85 14
87 76
33 5
58 13
59 55
36 18
82 32
70 41
98 71
52 47
14 1
66 23
74 12
86 77
87 36
76 1
78 74
57 23
78 24
34 20
23 20
19 8
78 37
57 26
40 36
25 17
60 36
69 66
86 33
77 24
94 77
75 41
58 50
93 3
28 24
37 4
93 90
41 5
17 10
65 21
28 22
94 76
95 60
94 84
85 17
90 59
60 5
82 27
3 0
74 1
37 26
46 20
84 25
78 12
85 81
64 61
40 33
86 0
86 5
88 31
27 0
56 44
98 91
12 8
61 19
74 26
13 9
61 20
85 37
48 14
40 19
82 7
82 73
79 74
60 58
46 15
89 28
98 19
71 15
85 32
21 8
66 5
96 90
75 52
95 20
40 2
47 22
59 14
90 39
52 16
70 21
47 15
87 24
24 18
88 84
82 58
55 26
63 39
85 7
84 19
79 68
23 17
58 32
70 25
25 20
50 4
67 47
27 3
91 50
47 6
23 9
87 80
82 8
65 23
34 31
38 32
81 77
86 69
78 30
79 16
87 48
84 52
45 1
52 8
36 5
72 28
45 16
6 1
74 13
57 47
16 5
97 19
68 28
76 11
75 69
93 9
97 39
84 38
43 3
42 30
49 16
54 49
67 7
76 34
22 3
75 34
31 26
81 70
83 15
71 62
69 42
99 71
54 32
52 22
34 26
53 24
67 32
21 15
47 23
85 29
88 32
92 72
27 7
63 28
88 57
78 45
91 59
62 23
58 48
58 4
55 42
56 41
73 56
69 13
83 29
77 74
82 11
60 57
93 73
45 0
52 19
17 1
25 5
65 57
25 11
54 47
91 4
94 9
55 52
66 25
53 4
20 8
92 80
46 14
27 24
39 20
39 13
60 17
30 5
57 27
55 37
63 46
35 27
73 44
77 34
94 79
32 0
87 6
53 3
64 4
61 51
51 2
94 31
72 15
87 5
79 71
84 39
77 55
78 26
66 4
50 11
89 46
48 1
78 17
3 1
57 44
89 56
48 28
78 2
67 41
30 7
75 25
62 8
58 57
62 9
76 54
74 18
36 23
15 13
92 55
55 48
46 24
33 18
88 40
33 17
71 65
72 35
92 3
99 48
92 2
9 3
25 6
67 35
39 12
94 28
7 4
79 0
66 42
54 28
90 64
82 52
71 13
41 24
73 2
85 45
50 31
40 35
79 64
41 1
87 43
75 30
96 16
68 5
95 52
51 38
86 3
75 24
90 65
22 20
96 5
73 59
68 45
22 5
65 54
17 11
30 18
80 48
61 47
93 47
91 41
47 42
41 19
97 65
66 22
73 67
51 16
75 33
79 76
84 18
64 17
61 14
96 14
84 64
83 28
59 44
55 51
15 4
61 11
87 50
64 50
97 3
9 4
67 51
48 34
51 20
97 90
53 19
92 58
17 0
82 53
31 14
39 14
68 20
75 20
76 5
94 65
31 2
95 22
87 57
90 15
93 38
74 63
75 26
79 41
18 15
60 47
70 38
71 54
86 1
73 26
23 7
63 8
52 18
72 27
59 24
71 41
57 1
29 23
66 21
66 40
94 70
77 10
44 18
84 9
30 11
58 25
55 41
11 3
8 2
19 2
63 57
51 50
92 89
37 10
81 53
58 2
60 59
60 27
94 43
95 17
93 59
42 34
55 35
73 25
56 34
40 16
67 45
66 32
63 55
55 34
67 43
64 23
84 8
73 63
95 75
50 22
98 47
94 21
86 27
47 46
24 20
79 15
41 40
99 7
43 5
89 81
78 9
44 32
84 11
75 48
42 38
71 34
85 27
27 14
93 85
90 24
64 44
65 16
58 46
71 23
54 25
34 6
60 21
65 62
74 20
77 5
89 32
74 51
82 30
52 38
97 24
93 8
27 12
31 5
82 67
98 54
75 4
99 89
87 81
87 66
43 0
68 19
89 60
98 74
32 25
44 26
69 23
68 67
62 43
57 50
73 35
83 70
69 5
54 14
20 5
13 10
46 38
42 11
63 2
32 27
76 55
56 14
74 46
44 3
48 16
91 48
62 44
83 53
51 23
99 53
58 21
82 33
80 75
93 37
92 15
77 21
35 20
93 4
59 35
94 16
35 24
62 27
73 22
56 46
43 17
66 51
98 52
51 10
95 49
64 37
27 8
45 25
72 65
67 15
34 27
41 0
91 32
58 11
70 27
66 45
98 56
70 56
79 43
83 36
83 69
10 6
41 31
72 18
54 2
81 7
70 9
69 17
50 33
63 12
68 7
98 39
35 0
17 13
69 54
52 6
51 27
38 37
63 25
47 11
53 8
47 34
67 26
88 85
93 31
66 18
53 45
76 46
54 41
77 65
90 17
91 82
26 8
25 22
30 16
88 50
58 27
64 35
8 0
7 5
81 14
84 72
36 20
97 87
37 28
61 48
48 36
95 11
97 50
28 10
51 46
57 35
78 8
71 27
94 47
77 40
24 22
45 15
71 2
14 2
86 68
18 17
61 49
53 26
91 18
55 27
24 19
41 21
90 71
24 23
40 27
80 35
74 45
44 6
73 16
38 31
39 29
71 18
78 72
62 41
38 11
67 11
84 42
50 12
50 36
73 27
98 2
76 42
87 67
87 82
50 38
67 54
59 22
78 59
32 30
29 22
55 5
41 6
86 49
79 77
46 2
73 3
24 11
96 51
88 58
61 28
97 89
48 33
59 5
98 50
73 47
80 21
28 2
98 31
29 13
95 69
95 79
77 26
94 83
11 8
74 72
45 28
46 19
31 21
30 29
87 45
70 42
91 5
70 4
69 3
95 27
30 25
51 11
85 68
88 9
79 24
43 39
84 10
67 52
36 29
61 15
27 26
93 71
53 17
8 3
39 0
28 8
94 73
73 18
73 68
24 3
59 47
99 78
25 19
41 2
32 6
58 23
56 29
73 50
67 38
15 7
92 19
89 52
40 18
67 31
48 42
74 30
83 10
64 2
93 2
85 47
95 86
41 18
39 7
63 0
93 10
70 36
99 35
54 29
46 43
85 82
81 32
75 40
76 7
81 67
56 24
65 9
26 2
82 14
57 17
22 17
57 51
95 47
30 15
97 43
82 26
52 40
96 60
97 35
19 16
42 24
72 64
53 42
72 22
69 18
78 35
36 32
81 62
85 63
69 0
42 5
94 35
89 19
73 33
24 13
98 28
92 9
81 80
45 27
40 31
78 41
95 88
65 34
26 24
72 7
31 16
93 67
82 65
92 67
80 68
53 9
82 69
37 21
79 70
51 47
81 41
63 6
37 8
62 47
94 71
52 37
89 72
12 5
83 8
54 22
97 26
27 21
61 44
46 23
13 7
85 62
98 11
88 75
96 25
81 3
90 54
62 24
88 38
90 43
70 32
45 26
35 33
94 3
87 75
54 26
79 60
90 21
76 37
92 71
81 23
79 45
43 23
82 43
88 35
50 32
73 28
73 46
45 31
70 69
90 68
98 20
30 8
77 6
74 8
46 34
87 53
76 47
54 48
88 14
85 59
40 8
44 10
91 60
85 31
91 80
27 25
68 33
96 28
78 4
79 55
91 21
68 12
65 42
86 82
43 4
36 12
90 3
85 20
50 45
56 51
14 11
51 5
83 11
65 30
89 5
68 17
79 44
85 49
61 35
76 24
46 4
20 16
98 78
69 62
89 41
93 72
68 15
66 12
83 5
57 43
87 64
95 38
90 26
97 68
29 8
78 36
87 72
52 4
98 57
91 58
92 7
58 51
82 12
76 17
95 23
86 41
10 0
56 38
57 3
33 31
95 21
77 76
60 40
74 43
82 16
83 38
62 59
51 44
59 30
99 85
70 51
66 9
74 69
63 26
85 1
5 1
83 47
92 45
75 14
81 63
31 19
85 61
29 27
63 34
90 36
82 60
96 7
91 67
75 23
18 5
70 45
82 62
66 48
36 10
77 73
39 28
98 90
57 5
96 3
63 16
33 14
83 48
97 80
82 70
28 0
70 39
35 1
20 9
82 9
94 12
97 10
40 24
74 14
29 4
84 58
91 76
84 82
12 6
37 22
91 84
46 11
38 34
39 21
64 30
65 63
98 27
39 31
41 20
9 1
98 49
98 9
56 0
58 22
75 46
72 69
89 12
30 13
58 18
91 61
71 21
72 32
76 18
62 10
93 30
59 8
57 29
80 62
90 50
22 16
47 38
67 18
70 12
92 75
59 10
81 10
79 8
35 11
90 23
50 29
43 26
52 0
49 40
49 6
84 80
70 13
81 73
13 6
76 21
95 72
57 22
38 17
86 79
55 30
64 24
40 1
82 54
79 14
84 40
72 9
86 11
80 29
81 29
90 34
62 1
91 71
49 32
53 35
80 64
17 6
67 1
61 24
36 30
46 40
85 65
75 67
72 43
58 36
76 58
70 29
10 2
99 82
38 16
96 41
64 63
29 19
81 18
81 58
63 15
89 63
76 23
80 38
48 41
87 1
75 58
93 6
71 37
53 50
46 30
76 36
89 64
62 53
43 35
46 7
99 98
68 49
24 10
71 61
94 66
26 19
63 11
96 91
94 64
86 4
99 65
59 34
32 18
53 7
39 34
79 29
10 7
96 15
78 6
70 16
93 63
93 43
58 5
91 35
80 24
51 17
87 61
71 70
61 21
95 64
41 9
98 76
84 56
30 19
64 5
92 39
71 60
76 40
35 13
68 56
92 79
93 91
83 61
69 12
65 20
60 3
68 42
83 30
31 27
80 26
70 49
95 10
64 34
12 10
94 72
69 9
42 35
77 59
93 19
82 40
87 78
52 45
52 9
78 5
76 30
92 34
84 33
88 80
80 42
58 10
92 30
65 31
73 20
93 17
57 38
91 40
64 14
87 83
54 35
98 79
87 21
90 73
96 56
45 14
36 11
74 36
33 19
72 33
60 25
18 0
57 39
76 70
79 18
85 34
56 18
81 42
75 63
75 44
19 14
66 2
22 15
87 18
57 0
83 60
94 60
60 10
80 46
84 31
76 0
72 1
75 39
64 9
88 15
91 25
84 35
92 31
33 20
67 16
24 17
46 18
99 64
76 50
95 76
64 26
88 37
57 33
48 37
29 15
92 81
76 68
94 1
75 27
72 71
49 47
99 44
62 11
73 13
55 38
59 28
89 33
86 81
80 52
95 35
37 25
61 36
86 76
53 37
74 25
53 30
54 15
57 18
92 8
56 19
84 63
86 19
83 17
34 2
94 37
92 83
23 15
89 77
87 0
63 3
24 12
69 46
99 84
64 60
69 60
49 41
26 7
78 53
94 15
61 25
23 22
28 25
55 45
80 51
51 22
86 13
84 62
96 76
46 5
69 57
46 36
96 22
50 27
42 6
29 11
99 74
94 48
54 8
29 1
75 42
37 36
57 24
35 30
97 62
98 34
95 61
83 18
76 62
91 57
79 10
99 96
98 51
68 57
76 51
26 1
73 23
51 45
69 20
87 44
61 58
49 34
92 35
41 25
78 39
54 6
56 42
77 7
55 23
78 27
62 13
96 95
89 27
31 18
62 21
37 18
65 22
19 0
73 45
93 32
37 34
77 28
66 3
81 30
34 25
91 86
26 9
89 42
72 5
46 13
33 4
43 34
18 1
91 46
93 11
74 65
40 11
44 43
66 44
79 38
73 55
56 55
92 12
66 8
53 51
95 54
59 7
39 1
48 44
59 2
58 43
62 5
32 28
76 73
43 40
49 31
39 16
41 4
98 53
82 42
66 39
88 86
74 16
95 55
95 25
83 23
68 46
38 2
34 8
99 66
90 61
49 4
53 25
50 47
54 39
32 7
18 3
43 22
32 8
23 12
82 61
29 3
97 48
34 15
64 38
85 60
55 17
95 2
69 1
40 22
87 35
83 64
56 20
76 22
77 12
87 59
89 47
80 32
99 50
66 64
80 17
7 2
22 13
84 29
82 68
83 43
91 74
88 7
35 21
94 93
76 32
70 62
98 26
64 0
86 71
91 3
90 70
53 46
84 60
85 58
91 17
46 12
61 52
88 70
44 16
74 67
49 27
97 67
95 83
26 11
94 23
71 69
91 26
44 21
98 96
40 0
32 17
89 13
68 8
62 51
53 2
71 4
75 13
97 72
45 2
86 24
27 9
76 44
98 77
89 39
46 16
83 2
65 52
69 22
40 14
77 29
75 36
37 19
57 2
68 37
34 29
45 42
28 4
28 16
12 1
75 18
63 36
42 16
91 43
90 53
80 5
97 36
93 44
57 32
88 77
84 3
45 8
81 37
52 32
97 47
16 12
48 29
64 20
70 58
68 43
78 77
75 68
20 12
61 34
55 50
10 1
70 26
51 25
94 89
45 23
51 48
99 37
36 26
78 22
82 4
88 45
13 2
98 36
35 17
38 1
79 53
61 53
37 32
61 6
50 19
52 43
59 13
97 91
66 56
92 54
86 29
73 65
41 30
88 46
51 31
43 42
74 66
90 55
68 41
58 31
70 3
98 24
93 7
15 12
54 37
94 90
91 70
49 14
26 6
53 29
93 70
79 69
41 8
96 44
15 11
89 10
81 20
60 11
38 8
83 0
68 55
73 6
80 16
65 50
44 19
83 51
80 77
7 0
90 82
38 10
93 79
56 48
86 61
95 94
33 9
99 45
37 24
97 34
83 34
73 64
39 10
97 31
39 18
53 39
80 25
99 68
87 13
61 30
93 5
91 19
93 23
80 63
78 19
69 32
20 14
94 5
75 10
83 32
81 57
95 15
87 27
60 42
98 40
80 45
21 7
44 27
89 45
77 8
91 16
20 13
36 0
73 17
93 48
60 8
97 92
95 93
44 15
56 54
71 35
32 23
82 28
52 39
97 13
55 14
91 1
47 29
75 6
13 12
59 42
74 52
85 10
46 33
82 20
93 54
90 51
90 37
51 39
8 4
92 48
33 28
64 10
86 39
42 40
93 22
32 3
31 12
37 3
81 17
94 38
87 30
58 7
98 17
96 59
95 33
89 76
63 9
7 3
5 0
96 55
32 13
23 21
84 67
91 42
31 1
83 65
99 4
16 7
28 14
94 67
94 80
94 62
82 78
73 11
93 65
88 74
87 68
24 15
78 33
17 16
88 27
73 61
68 0
51 13
55 46
54 53
99 29
49 30
90 16
91 72
23 10
83 72
74 10
81 50
82 64
33 24
89 79
93 84
84 75
52 25
90 35
47 43
25 1
82 15
13 1
29 25
78 15
70 53
30 24
71 17
86 57
95 16
76 57
47 19
67 24
60 45
86 43
40 10
82 72
66 41
84 71
94 26
96 37
49 21
83 39
46 37
81 1
78 76
96 47
66 6
74 21
41 15
98 81
92 23
83 19
76 13
68 29
77 68
96 2
93 40
74 57
77 48
59 43
99 34
92 20
85 80
89 26
60 43
51 37
84 44
90 58
93 21
51 32
77 50
81 22
38 3
95 65
70 59
73 72
32 31
58 49
44 40
8 5
25 7
76 28
27 1
20 19
66 33
98 61
62 54
88 73
92 90
88 4
65 17
99 24
65 29
19 5
84 6
30 23
56 53
57 34
90 14
75 57
56 47
60 24
71 30
63 49
85 79
35 7
47 2
81 28
4 3
89 25
86 12
44 42
97 86
70 6
82 51
33 8
59 4
39 6
85 42
75 12
51 4
42 14
65 46
76 75
30 26
68 53
80 23
45 20
56 52
88 26
34 21
72 60
96 35
83 82
77 22
58 15
72 25
15 6
23 14
39 11
26 22
69 45
30 14
97 45
87 52
94 58
36 8
53 21
57 46
43 9
56 9
82 19
81 45
88 49
89 1
54 20
98 10
60 31
78 60
79 37
63 31
91 24
98 73
79 23
91 55
70 7
88 1
95 87
58 35
22 11
39 38
59 57
58 54
85 8
46 3
91 12
69 35
83 76
67 2
45 7
91 2
91 73
49 28
95 32
17 12
65 51
75 28
75 55
66 19
89 62
76 49
92 13
87 84
23 3
88 60
85 78
79 2
47 36
24 4
73 8
81 12
81 48
66 29
32 10
74 29
81 35
88 71
68 30
90 76
26 23
89 61
99 94
94 92
99 55
72 34
75 65
89 74
14 9
89 48
91 11
57 13
64 16
96 0
73 31
71 7
45 10
35 4
74 4
97 23
99 77
56 49
41 37
80 9
52 23
59 17
43 37
49 26
60 38
25 23
86 70
50 46
51 26
74 59
80 10
50 37
64 42
72 68
81 0
19 6
93 66
52 34
91 29
67 63
48 11
98 48
54 5
80 1
24 0
77 71
64 33
58 47
93 34
54 3
31 30
84 7
86 20
95 53
67 55
99 3
42 23
24 9
66 14
22 9
97 7
86 67
86 10
81 66
72 50
87 16
56 43
76 38
74 7
89 83
94 27
87 73
95 82
91 87
79 52
90 4
74 32
91 54
99 83
68 1
42 17
58 16
69 27
36 3
57 42
67 42
32 15
95 34
68 38
21 19
93 77
52 27
37 30
80 15
59 3
87 23
99 27
99 69
43 32
41 38
40 17
87 74
96 89
71 24
79 56
71 68
85 48
99 63
51 36
68 48
42 1
62 40
81 68
73 12
99 16
66 62
69 11
57 12
86 58
99 36
22 0
39 9
44 25
64 28
82 56
41 39
31 28
60 30
76 2
22 21
56 21
14 4
64 15
92 82
96 46
79 32
94 17
26 18
70 54
89 14
84 51
52 20
92 47
55 32
68 39
96 83
30 2
12 9
72 58
49 3
25 16
97 18
80 61
87 60
11 0
74 62
44 12
86 44
80 13
67 62
69 58
75 60
77 13
81 36
87 32
67 34
68 44
32 16
50 13
43 27
46 41
12 11
53 28
39 32
94 39
59 11
60 34
72 36
64 53
84 83
46 17
56 2
77 31
96 69
52 11
80 44
89 30
80 19
9 8
64 21
51 40
84 27
68 59
98 69
97 32
89 8
89 17
20 3
82 25
11 9
49 18
99 47
87 10
95 29
86 53
39 27
50 14
26 0
70 22
47 5
87 55
91 47
90 88
82 38
75 5
19 10
54 43
70 55
96 11
48 10
43 28
34 23
51 24
86 74
76 48
33 21
70 19
67 23
44 34
74 23
37 17
68 61
96 45
90 18
86 25
97 77
79 62
63 60
31 0
78 18
59 54
71 1
28 12
89 87
94 42
61 26
92 66
75 2
16 2
61 54
24 8
90 30
28 5
61 37
56 36
53 49
92 60
74 73
71 3
30 28
72 31
74 50
59 9
14 6
53 34
76 25
96 61
79 67
60 41
94 36
47 7
36 35
85 41
51 18
64 6
54 52
65 36
75 61
74 41
19 9
21 0
92 38
87 20
86 7
97 83
46 1
94 11
63 45
36 21
47 3
27 18
25 24
88 10
58 6
53 36
54 4
90 80
68 6
83 4
73 66
71 16
92 50
73 4
40 28
57 37
57 36
82 13
71 32
59 26
74 56
61 27
92 64
98 88
90 22
91 34
99 6
99 12
47 40
46 8
80 40
66 30
24 1
79 6
57 49
71 5
85 19
83 78
79 21
77 11
74 5
53 14
17 7
48 19
43 15
76 71
41 35
73 10
89 53
62 60
90 5
36 1
86 23
37 1
41 3
43 8
79 75
97 88
67 6
76 20
74 27
48 40
83 80
89 85
66 36
65 49
98 70
51 42
28 1
44 11
52 31
92 87
53 32
70 31
59 51
98 68
93 87
77 62
80 79
78 44
76 8
90 66
89 2
73 57
21 12
25 4
95 14
34 3
67 10
23 0
61 40
15 0
34 9
71 48
50 1
79 20
96 39
84 79
89 6
75 62
38 36
35 29
28 7
98 95
77 51
90 56
85 12
47 45
96 67
91 6
99 81
79 13
34 13
91 88
67 37
54 44
27 22
72 59
77 36
54 34
37 31
77 3
83 46
71 6
96 64
45 41
57 6
18 2
88 18
64 27
94 45
98 18
32 9
81 52
49 35
79 26
76 53
37 14
44 1
46 0
89 75
46 42
91 0
86 28
52 12
75 15
39 19
85 33
56 25
96 93
57 20
30 12
60 35
91 27
45 22
84 46
87 86
45 21
49 36
35 15
92 27
21 18
62 15
50 26
72 3
65 0
73 21
77 61
86 85
36 14
75 51
62 32
35 6
54 12
48 8
75 74
68 25
92 52
64 13
94 78
69 10
90 49
36 19
67 19
78 58
94 14
77 46
18 12
85 9
32 11
94 40
90 38
94 87
86 22
87 34
96 24
67 30
95 74
83 45
81 19
57 9
57 28
37 13
88 68
92 28
62 0
91 44
99 28
82 49
80 43
41 13
72 52
33 15
40 13
93 0
15 3
85 13
66 46
71 28
54 13
69 4
63 48
31 10
98 46
76 10
88 65
84 48
62 25
52 36
97 85
63 40
92 70
92 63
23 4
60 23
37 23
47 33
54 18
98 65
95 84
60 6
76 52
79 3
95 59
82 44
27 19
64 29
99 22
49 7
60 32
86 51
28 26
74 0
51 28
71 22
48 46
49 45
49 43
96 23
78 14
82 17
69 31
92 51
86 73
46 29
71 66
48 39
20 6
70 60
19 18
75 8
97 49
98 25
52 5
47 9
42 2
55 18
90 77
95 12
66 0
61 42
91 53
47 1
76 74
89 15
89 31
89 65
97 71
73 54
58 12
75 64
56 33
99 61
78 52
73 69
93 78
65 38
88 43
84 59
52 50
47 13
66 38
44 23
99 60
40 7
40 5
85 54
74 22
92 17
42 0
74 28
75 53
69 15
79 66
98 62
97 33
57 4
93 58
38 14
47 18
59 31
88 19
95 45
70 15
97 37
89 58
92 78
98 6
70 28
55 47
87 40
99 93
85 2
72 40
76 33
55 29
35 22
90 83
80 58
21 13
31 29
99 42
54 42
82 39
65 8
98 30
75 43
87 7
65 48
64 11
66 16
25 12
72 12
30 4
53 22
99 2
94 88
81 33
93 89
61 41
86 50
81 54
29 16
94 22
86 42
97 60
92 74
42 39
60 56
72 63
72 2
93 51
91 37
72 24
47 12
64 32
76 15
46 9
79 58
51 29
89 36
93 57
93 33
77 9
99 31
29 20
88 64
78 21
58 34
18 13
72 6
79 5
83 25
89 86
27 17
96 84
72 61
99 72
77 54
67 46
11 2
53 31
43 38
76 4
37 35
99 10
35 34
70 46
61 39
91 22
85 0
74 60
98 12
61 56
68 35
93 45
17 9
21 17
32 4
85 57
79 22
78 68
50 44
60 26
5 2
93 75
39 3
96 49
65 55
33 2
22 7
67 4
60 19
93 55
14 8
64 52
27 6
88 11
24 21
57 25
95 41
58 33
50 7
82 6
78 0
99 9
94 19
59 16
70 65
90 13
19 4
79 34
81 38
77 18
49 42
98 14
53 33
89 3
96 88
73 70
62 38
87 65
84 61
25 21
49 1
94 68
62 2
27 15
76 27
67 66
56 32
81 64
46 27
70 20
18 16
83 26
7 1
79 42
98 41
87 17
54 17
70 24
91 28
78 10
82 57
67 5
49 39
51 9
78 66
55 36
98 86
61 46
64 47
38 35
76 45
28 21
87 3
84 17
41 17
68 50
61 45
85 11
83 79
63 23
87 14
18 11
38 18
77 67
97 0
62 48
96 86
78 23
80 33
81 60
39 2
50 28
42 31
74 54
53 13
76 26
55 10
71 29
78 63
93 20
90 6
47 10
85 38
63 42
77 23
45 5
83 68
45 33
57 30
62 3
96 79
98 16
49 17
81 40
71 55
52 2
85 28
84 50
45 38
34 4
82 66
87 19
59 1
42 4
63 22
84 65
72 17
21 10
57 53
82 21
41 14
95 51
49 48
77 0
34 11
85 64
14 7
99 80
75 0
89 66
84 14
63 19
91 69
92 0
77 33
15 1
26 12
81 55
67 8
29 10
69 50
76 66
80 39
83 50
59 40
96 17
51 12
92 5
46 35
40 29
78 3
89 21
85 30
98 21
78 20
70 1
88 72
90 79
29 6
68 66
50 34
85 23
88 55
51 8
59 32
34 30
91 78
67 28
91 13
93 29
67 36
60 1
95 43
50 15
62 28
75 16
60 29
96 54
82 3
92 14
16 9
53 41
17 14
97 63
87 26
76 63
98 22
95 42
44 22
65 13
86 59
51 1
21 6
80 30
68 40
84 2
96 71
90 10
98 44
96 62
64 51
49 46
81 31
79 61
88 6
97 61
60 9
51 33
89 43
43 24
74 53
52 41
54 16
62 55
92 56
31 22
98 33
98 72
65 44
42 37
99 70
49 33
70 43
60 14
96 20
85 72
78 49
35 28
17 15
74 42
44 5
51 49
83 24
81 78
95 71
31 17
75 11
90 41
76 61
49 25
80 49
85 21
27 11
18 14
42 10
95 77
41 22
88 67
82 22
89 82
92 22
32 24
46 44
23 2
11 6
71 10
48 9
63 43
32 5
98 32
88 56
66 63
96 66
43 31
25 18
43 16
85 50
88 39
88 82
66 58
50 35
91 52
80 7
97 8
48 32
95 30
84 15
86 31
18 6
90 32
22 8
46 32
90 67
62 22
29 21
36 17
59 27
68 23
88 41
57 56
73 30
79 19
88 25
67 9
80 60
52 51
90 25
63 38
72 44
95 5
70 33
52 13
38 28
97 57
68 47
88 8
67 53
49 37
68 64
88 54
20 1
54 9
67 58
97 81
66 55
73 24
76 29
77 72
33 1
99 41
71 57
81 25
42 22
92 76
94 6
96 12
80 20
81 8
53 15
14 10
65 15
64 22
77 47
95 48
65 18
99 38
99 39
83 22
62 49
44 29
42 32
86 83
65 33
88 47
56 26
46 22
70 18
39 25
81 2
88 23
57 8
11 7
84 36
53 18
85 74
31 23
97 27
92 37
52 29
84 73
37 9
73 48
69 21
95 24
99 15
60 53
84 76
75 3
34 18
97 28
82 74
86 6
76 41
65 40
58 0
82 5
14 13
76 31
83 54
96 72
67 0
84 49
79 48
65 7
88 13
28 15
72 66
93 14
21 2
55 44
93 18
59 20
70 63
92 68
77 43
75 54
49 44
57 48
97 21
78 70
78 67
10 8
40 37
74 9
72 48
43 29
32 1
84 74
50 48
55 0
80 53
39 24
81 46
77 63
52 21
97 73
98 80
99 56
92 46
85 44
98 60
32 26
49 2
97 22
87 62
88 63
94 86
56 16
67 13
82 29
72 70
93 92
83 58
42 20
79 46
95 1
72 14
30 21
42 3
27 10
44 30
77 17
94 91
65 10
75 17
51 43
81 26
77 45
69 16
93 12
82 59
25 15
61 33
87 85
89 78
44 37
74 64
72 30
67 44
99 90
60 52
49 15
49 11
60 20
47 27
24 7
78 25
89 88
69 41
60 4
90 7
50 0
35 2
48 21
9 5
63 37
20 2
94 24
54 19
62 19
63 44
77 53
46 28
82 37
66 34
95 3
87 12
42 19
54 46
49 23
78 65
68 34
43 36
70 52
93 13
91 85
85 3
56 13
29 14
55 39
54 30
33 16
79 31
37 0
82 2
60 18
26 17
73 43
95 73
11 4
48 12
90 60
89 57
90 62
47 37
52 33
65 58
45 35
83 41
46 31
85 67
64 39
86 38
25 2
72 8
65 39
67 48
75 21
81 76
63 51
43 14
91 51
83 3
65 2
93 69
57 15
47 28
54 23
87 4
74 35
58 42
75 7
94 56
16 11
74 34
73 5
80 14
94 30
88 69
42 13
68 60
70 34
86 9
86 63
11 5
96 4
59 21
58 44
55 9
39 30
94 4
82 71
53 0
65 3
61 17
52 1
78 31
26 13
98 3
60 49
62 61
44 31
60 44
62 37
83 52
84 1
85 53
53 47
47 32
65 45
55 11
23 8
53 5
91 56
12 4
56 37
94 49
88 22
20 18
21 4
94 85
59 39
51 0
80 0
39 35
43 33
86 37
19 11
94 46
84 70
85 46
85 24
47 35
54 27
99 23
90 81
73 60
89 20
79 17
29 24
99 21
26 25
72 55
67 59
33 32
93 52
71 53
84 45
81 43
47 30
42 7
53 23
95 26
92 61
44 33
40 25
86 16
63 52
95 7
61 31
34 10
85 69
84 13
95 44
27 23
89 7
81 75
74 58
32 22
47 26
90 86
61 55
42 12
74 19
36 22
29 12
74 11
45 37
29 5
94 29
80 55
65 37
96 52
63 58
94 13
61 18
81 74
26 16
74 44
85 84
3 2
93 15
94 69
83 67
31 9
90 0
48 47
73 58
81 51
98 85
97 15
48 43
62 26
76 19
60 51
64 31
92 42
28 3
38 20
38 23
42 28
77 27
96 68
52 7
15 10
59 29
48 45
66 15
52 10
47 24
69 68
62 31
14 3
38 13
86 66
71 50
96 57
68 62
73 19
74 17
26 21
90 57
74 6
48 30
4 0
41 23
47 4
95 78
82 48
64 46
81 59
71 51
41 7
38 22
85 35
83 33
36 25
78 54
74 71
76 14
40 12
31 25
35 9
76 43
44 41
52 14
65 47
51 30
90 78
48 15
29 0
54 11
99 46
43 12
28 11
24 6
99 91
62 17
40 34
66 60
64 40
57 16
84 41
41 33
28 17
87 46
84 26
72 54
80 3
51 3
99 11
38 6
54 45
78 55
19 17
68 10
6 0
91 23
88 20
99 75
19 15
27 16
22 6
45 40
71 42
10 9
66 49
71 64
72 37
27 13
72 4
78 7
78 46
97 55
51 19
79 63
55 19
65 19
70 2
83 77
64 56
67 61
36 34
70 44
94 82
61 9
43 18
56 28
75 72
8 1
86 2
44 2
82 75
90 72
89 44
5 4
86 18
82 81
72 56
99 13
61 8
93 82
93 86
99 51
2 0
79 7
87 39
62 33
35 18
97 82
40 30
74 40
92 62
95 91
96 65
58 29
20 10
31 15
84 4
99 62
58 17
32 21
69 38
66 17
92 16
53 20
31 6
82 47
71 26
45 24
85 25
64 3
72 62
85 70
92 88
69 25
59 38
43 25
90 19
83 16
52 42
92 10
62 30
67 14
44 0
94 0
63 27
76 35
67 40
78 73
48 22
20 15
70 48
93 25
90 33
88 83
79 40
38 25
48 3
63 54
87 63
80 47
85 39
86 34
85 51
95 89
55 28
80 65
56 6
25 0
41 27
94 81
42 25
69 44
86 17
96 70
40 3
47 39
19 7
41 26
66 54
81 27
55 4
93 46
66 65
45 6
66 50
67 21
61 3
70 5
31 24
60 12
63 47
49 5
59 52
49 29
97 14
59 48
69 26
71 11
29 28
93 28
26 20
98 83
58 45
63 53
75 70
71 14
89 4
61 43
99 54
95 80
75 19
32 19
39 5
35 3
50 42
88 21
91 39
94 18
88 44
55 3
49 10
85 5
73 1
78 13
80 54
98 66
96 27
77 64
75 35
78 61
18 10
32 29
32 14
75 73
91 83
88 59
58 37
75 45
77 20
76 39
30 3
71 43
87 11
48 38
92 57
55 20
63 10
86 64
94 32
84 16
91 30
77 16
48 27
60 28
93 61
91 45
97 56
76 56
42 36
54 0
86 32
93 83
56 35
56 1
92 43
69 33
84 81
97 54
97 44
61 60
96 19
79 59
75 22
97 52
98 89
86 56
86 35
21 3
60 37
85 75
64 41
22 2
98 4
82 10
83 13
79 27
47 21
39 37
40 15
87 71
80 56
89 22
44 28
81 6
64 7
87 41
73 71
65 64
86 40
84 28
85 22
95 68
30 20
80 4
81 11
60 33
90 28
24 5
68 65
71 52
64 57
22 19
93 42
70 23
77 52
74 39
94 55
20 11
89 0
29 17
72 53
33 7
62 34
61 57
50 10
94 41
58 40
42 29
58 19
89 35
49 19
63 29
97 40
64 43
78 34
13 5
82 77
18 4
95 0
85 56
33 6
34 0
96 80
62 50
39 4
77 32
77 56
81 47
6 3
93 60
88 12
55 49
96 1
95 40
97 12
63 5
12 2
91 49
22 10
99 67
90 2
72 67
60 0
86 15
79 51
72 19
60 7
69 52
91 75
84 78
33 29
40 20
90 87
51 41
68 13
28 9
70 68
65 61
80 41
66 28
15 8
95 63
83 42
65 43
85 71
23 6
80 27
98 82
80 2
93 50
71 46
83 44
36 31
82 1
85 73
87 42
58 41
50 16
54 31
99 14
43 1
95 18
96 43
26 5
43 13
29 26
65 32
16 1
38 12
13 0
58 52
88 33
63 32
45 13
61 29
50 40
31 7
28 19
85 83
58 24
63 13
98 15
81 72
55 21
95 92
94 34
67 39
37 27
64 48
93 24
91 62
44 36
83 81
82 79
66 61
69 59
53 44
91 79
54 7
16 0
37 33
98 58
93 76
61 32
90 9
22 4
83 9
49 9
65 60
39 8
59 41
99 33
99 5
81 21
67 64
80 76
75 38
81 79
33 27
60 54
80 67
48 4
92 73
52 3
87 8
55 24
40 26
69 43
73 36
89 68
61 5
98 64
37 12
76 69
73 7
79 9
58 26
55 40
33 25
42 8
73 29
60 48
95 39
86 75
65 14
90 74
86 60
71 44
69 29
30 22
40 21
85 15
86 36
72 26
94 20
80 71
79 36
76 12
25 9
64 25
97 75
74 48
48 2
48 6
37 7
77 42
54 33
44 9
85 40
56 30
62 42
72 38
94 59
84 20
77 38
83 49
84 22
80 70
59 6
46 10
60 55
81 16
76 16
37 5
50 17
53 6
82 24
80 72
90 52
96 74
41 10
15 5
54 51
84 0
79 57
89 50
99 58
61 7
6 5
91 33
7 6
92 25
94 53
59 19
96 73
65 6
99 18
85 77
84 66
92 86
65 5
61 12
62 57
49 8
20 17
99 43
55 22
33 3
63 7
87 79
25 10
38 24
82 80
96 42
72 0
62 4
59 23
39 26
72 45
80 73
45 19
43 7
97 59
92 18
38 0
62 6
73 15
87 49
81 69
9 7
65 25
99 30
64 19
74 68
71 33
73 32
88 2
66 57
91 9
71 8
69 37
84 30
96 50
53 43
90 69
50 20
54 24
98 42
67 29
85 55
93 88
34 19
70 17
79 39
68 36
88 81
92 84
89 16
38 4
42 26
78 47
14 0
27 2
97 78
73 9
37 11
97 95
61 23
96 10
58 56
31 11
43 41
76 60
65 56
82 63
94 10
47 31
49 13
88 48
98 0
94 2
93 27
92 36
56 31
83 66
69 48
61 0
20 0
99 88
92 1
78 50
37 29
91 89
77 41
77 44
45 4
53 38
74 70
78 1
91 81
56 45
9 6
91 7
17 4
40 39
84 21
71 39
30 27
97 16
55 6
56 8
26 10
60 22
78 38
92 44
75 1
72 13
40 38
67 33
62 58
90 47
83 40
27 5
94 54
25 14
61 16
50 6
68 9
79 47
75 59
38 5
58 1
16 15
24 14
74 49
59 18
88 53
84 23
96 63
32 2
66 37
31 20
88 17
65 35
96 53
79 25
20 7
53 52
78 69
97 29
41 12
87 51
2 1
46 21
48 13
63 30
49 22
97 38
47 16
80 69
83 6
72 29
58 20
85 26
89 40
36 16
96 82
31 4
86 45
61 22
35 10
64 54
98 67
91 15
82 35
95 36
99 57
10 4
62 35
34 5
61 59
79 35
64 8
53 16
84 12
81 61
52 26
98 75
79 1
61 1
28 6
86 72
68 51
88 36
91 31
89 73
80 50
89 18
97 25
80 78
39 22
98 59
65 4
38 21
92 33
92 6
74 15
70 35
59 12
78 57
45 30
50 18
72 51
57 40
83 71
66 13
16 13
11 1
86 52
65 12
17 2
60 13
95 58
45 9
99 25
88 87
95 46
95 62
75 56
73 52
48 31
18 9
76 65
95 19
75 29
77 1
63 24
51 34
96 21
93 16
64 59
91 36
96 94
82 0
68 26
88 5
84 55
54 40
97 53
4 2
70 14
92 40
58 9
45 18
42 27
97 46
64 58
34 14
80 6
52 17
69 64
95 56
58 8
70 47
38 29
77 66
82 55
37 15
56 4
52 49
58 14
71 12
34 17
88 78
68 32
25 13
88 51
93 62
28 13
57 19
47 25
50 30
77 4
60 16
17 8
52 15
84 5
67 25
38 7
97 74
67 12
67 3
87 56
67 56
22 18
62 36
48 0
59 53
81 5
98 13
69 61
20 4
83 62
82 46
71 58
53 12
56 17
97 51
99 1
99 52
92 26
50 25
66 53
78 75
83 74
38 9
33 23
60 2
23 18
44 14
56 23
16 3
99 26
81 65
90 84
42 33
48 24
83 56
91 68
78 16
98 92
95 90
53 40
81 9
36 28
36 24
83 75
63 61
98 8
90 27
29 7
85 76
90 12
94 52
94 44
86 46
93 68
92 65
63 56
69 55
90 44
69 49
73 38
6 4
57 45
87 25
88 0
40 32
97 69
75 50
93 80
95 66
38 15
43 6
93 56
92 85
97 58
58 38
88 24
66 59
57 21
65 26
79 4
64 1
58 55
92 21
36 9
98 35
82 18
49 0
87 69
90 11
89 9
70 61
97 5
64 62
96 40
86 48
36 15
71 56
34 7
48 18
67 17
27 4
89 67
16 8
43 2
88 61
79 28
92 77
62 46
87 31
50 9
66 35
37 16
16 6
42 9
47 44
97 1
39 23
66 31
63 41
93 53
35 12
54 10
50 2
58 39
92 11
65 53
90 8
45 43
99 0
49 12
10 5
90 40
55 54
67 20
49 38
57 52
50 49
88 79
87 58
59 0
71 40
40 4
50 8
77 39
57 31
98 63
67 57
82 41
72 41
51 14
68 11
56 50
14 5
23 19
95 8
80 28
92 4
78 11
92 41
65 59
83 57
95 13
86 80
55 7
79 11
48 20
66 47
62 20
44 4
19 3
50 3
36 7
98 97
68 31
45 12
72 39
96 34
96 32
28 18
68 27
50 43
5 3
83 1
19 12
33 13
62 18
77 25
33 22
62 56
66 27
89 24
50 41
66 10
66 26
77 60
58 30
94 63
82 50
82 23
90 42
73 62
55 8
81 49
89 29
73 51
38 19
72 21
53 27
92 24
79 72
91 38
89 80
69 28
68 3
62 14
38 30
77 30
70 0
96 13
75 37
87 22
87 33
76 72
59 36
50 39
84 68
89 51
67 50
68 63
74 55
64 45
39 36
62 16
87 15
63 35
99 92
71 67
81 24
98 37
88 52
72 10
86 26
51 7
95 37
46 26
95 67
69 65
24 2
95 50
68 24
56 22
73 34
63 14
66 20
1 0
21 11
69 67
94 51
87 37
56 12
90 20
45 36
85 66
21 20
68 54
95 57
50 21
78 71
99 40
79 49
70 67
84 37
53 48
96 87
25 3
96 36
97 93
98 38
23 13
43 11
72 46
92 69
58 28
89 69
47 20
45 39
87 29
63 59
94 33
52 44
35 32
43 10
54 50
74 37
61 38
26 15
96 48
67 60
94 57
55 43
94 74
21 14
16 14
69 2
76 9
16 10
60 39
91 64
74 2
41 32
62 52
23 1
68 14
27 20
68 18
95 81
21 5
79 50
91 66
96 30
69 51
87 38
75 31
68 52
63 17
57 7
66 11
70 57
30 9
94 61
45 29
62 45
84 77
9 2
64 55
57 41
52 24
90 45
70 30
88 30
58 53
78 48
8 6
43 21
93 74
81 44
99 73
35 25
47 8
97 4
96 78
25 8
52 48
91 8
74 61
44 35
69 63
59 33
96 9
95 4
82 45
69 8
69 40
88 66
69 56
78 43
76 64
81 71
69 24
49 20
84 57
47 17
61 50
59 49
59 58
48 35
54 1
68 2
77 58
97 20
43 19
50 5
15 9
99 8
44 17
86 47
73 40
55 25
73 49
65 41
97 76
54 21
97 6
56 15
95 85
30 0
89 54
42 15
87 2
87 9
53 1
35 5
99 17
72 20
85 52
79 30
74 3
35 8
81 39
97 94
90 75
65 24
99 20
69 47
90 63
89 23
56 7
73 53
84 43
36 13
82 36
75 47
36 27
97 42
84 24
54 36
94 7
71 9
97 84
79 78
63 50
18 7
97 30
86 65
50 24
16 4
37 20
69 7
87 47
67 27
81 4
84 54
80 8
35 19
78 56
92 59
78 51
94 75
59 37
55 31
36 33
96 77
29 18
65 1
22 14
62 7
39 17
32 12
26 14
30 10
84 47
77 70
99 59
45 34
45 32
35 31
4 1
34 12
76 3
33 12
82 34
66 52
33 0
37 6
90 48
99 87
65 27
72 47
70 66
59 15
98 23
97 96
88 62
42 18
69 36
81 34
97 64
51 35
60 46
80 12
55 15
55 53
73 41
42 41
47 0
95 70
89 55
8 7
51 21
62 29
22 1
33 30
71 25
93 39
63 21
96 38
26 3
95 6
92 53
48 5
91 14
77 14
24 16
56 3
36 4
82 31
71 49
72 49
89 34
96 8
66 1
30 6
40 9
64 18
57 14
55 16
12 0
71 38
89 84
96 33
89 70
33 26
73 39
34 33
83 35
77 19
77 57
57 55
52 28
14 12
35 23
59 45
83 73
69 30
98 45
23 11
89 11
70 8
76 6
99 86
55 12
78 64
71 31
31 13
58 3
68 21
71 0
13 3
97 17
96 81
34 24
44 24
9 0
64 36
70 40
46 45
85 6
38 27
41 28
63 20
95 9
23 5
48 25
59 50
73 37
64 12
56 5
12 7
52 35
19 1
48 23
6 2
74 24
56 40
38 33
81 15
45 17
90 85
56 39
80 59
91 20
75 66
57 11
41 36
38 26
60 15
56 11
21 1
84 53
71 59
31 8
87 54
48 26
97 11
83 55
44 7
17 3
66 24
88 3
80 37
96 85
92 29
86 54
28 27
86 78
72 57
88 16
99 32
80 18
45 3
41 16
88 29
68 58
21 9
93 41
55 13
85 16
70 10
62 12
98 55
33 11
89 38
63 4
55 2
44 8
18 8
97 70
54 38
78 42
45 11
83 27
84 69
91 90
34 22
76 67
77 49
69 34
93 81
97 79
90 29
34 1
39 33
42 21
69 39
80 34
71 63
86 30
63 18
44 39
93 1
85 18
77 75
74 47
62 39
71 19
71 45
63 1
75 32
41 29
72 42
68 4
93 36
85 43
68 16
34 32
59 56
61 2
83 20
80 74
41 34
65 28
77 2
95 28
73 42
88 28
88 34
97 2
69 19
44 20
12 3
98 1
35 14
65 11
52 46
44 38
40 23
17 5
21 16
48 17
79 12
56 27
91 77
97 9
93 64
72 16
37 2
80 22
39 15
34 16
36 2
30 1
33 10
61 13
74 38
98 5
85 36
89 59
98 84
80 57
81 56
75 71
10 3
83 12
53 10
97 66
36 6
89 37
96 75
77 15
74 33
83 14
98 87
84 34
15 14
77 69
87 28
28 23
13 11
93 49
78 32
86 21
86 14
79 65
90 89
69 53
26 4
96 26
69 14
66 43
59 25
35 16
32 20
29 2
96 18
94 8
70 64
83 21
52 30
99 95
46 25
86 62
80 36
78 29
22 12
86 84
47 14
11 10
56 10
23 16
92 49
63 33
97 41
90 1
78 28
55 1
88 76
99 76
71 47
85 4
71 36
93 35
77 35
77 37
94 50
98 93
86 8
