100 4015
38 71
28 30
44 10
92 55
48 82
20 3
40 37
78 10
61 84
25 26
79 77
98 45
41 0
92 42
43 45
69 82
59 66
41 67
43 5
22 34
82 86
34 86
77 59
17 97
92 36
45 9
55 89
40 39
34 87
57 46
13 44
75 10
53 58
72 36
76 95
81 71
56 82
88 94
11 38
4 34
13 16
88 90
47 82
48 44
48 95
72 11
13 98
13 43
58 0
95 28
31 2
83 29
56 2
13 70
60 90
50 5
14 69
79 65
18 80
99 26
94 40
18 94
74 52
20 66
21 70
79 48
18 99
71 0
74 16
65 70
8 2
43 82
33 70
37 70
94 86
57 95
23 39
2 52
55 85
93 11
93 56
13 86
76 87
38 17
56 9
11 37
48 30
77 40
31 62
13 26
79 87
6 40
31 50
44 33
16 61
50 66
18 77
44 36
36 84
14 29
34 30
48 53
18 56
89 46
68 84
50 7
56 52
55 81
21 99
12 62
76 58
11 47
77 41
18 97
60 66
64 38
43 69
59 84
85 27
12 32
14 99
16 90
20 50
13 85
92 85
72 87
93 44
85 42
20 38
44 84
99 84
5 52
94 80
95 80
37 97
62 80
76 86
66 0
95 26
65 17
67 32
92 25
64 58
18 25
67 29
14 45
22 47
76 99
72 7
75 84
93 94
26 39
4 95
64 74
52 0
27 39
44 98
48 97
99 53
69 66
68 6
16 70
26 58
64 40
94 10
93 64
61 0
75 28
50 6
72 47
62 57
83 38
24 30
18 14
11 89
67 27
22 30
85 70
59 67
43 80
71 10
28 98
82 30
25 97
92 57
76 50
99 36
99 39
42 39
38 87
85 86
88 92
13 37
25 61
86 80
83 44
21 53
55 29
31 74
6 32
31 24
53 67
14 2
83 10
79 90
14 70
59 86
99 24
6 66
60 4
44 34
65 38
72 10
88 30
16 26
18 41
5 87
48 58
72 29
18 79
33 86
18 26
23 45
36 97
31 38
10 86
93 17
94 2
95 69
87 46
97 29
27 30
32 45
25 37
11 63
42 24
0 70
21 65
8 59
92 46
94 26
48 47
52 39
0 39
33 46
56 97
56 84
77 97
2 33
34 40
60 39
7 80
56 87
18 27
34 24
77 75
25 16
5 39
99 5
83 79
65 47
26 86
99 2
95 39
60 10
8 40
77 43
90 39
56 72
62 16
88 26
14 67
18 58
40 29
31 57
83 72
50 78
23 46
12 95
36 0
92 28
34 10
40 26
48 10
65 99
31 75
85 6
94 46
13 20
55 98
18 34
60 40
8 12
79 37
26 32
8 44
23 9
68 57
55 24
92 82
7 46
4 78
60 43
41 58
50 71
6 37
38 9
87 30
26 97
31 44
38 80
80 89
85 98
76 27
88 40
74 46
18 62
34 0
59 82
56 71
44 38
8 7
90 58
63 38
58 28
83 32
18 55
40 66
79 41
92 23
72 24
92 40
93 84
40 98
58 70
41 28
8 74
22 38
83 27
92 37
75 32
68 17
88 39
11 65
18 24
68 80
76 37
57 59
72 59
50 4
21 75
66 36
16 99
81 36
17 52
13 48
8 99
12 10
72 6
94 42
20 33
31 95
80 27
74 23
3 85
22 92
48 37
22 21
55 77
48 94
50 21
64 43
13 21
22 16
14 94
77 57
78 45
31 16
12 93
23 36
18 78
5 33
74 97
13 27
85 37
48 57
57 40
22 28
47 38
72 65
21 89
43 61
67 37
31 25
25 9
67 70
43 29
48 33
13 41
58 24
72 0
74 89
60 17
22 83
60 16
44 42
25 40
62 21
44 28
42 0
88 21
76 0
13 76
23 70
18 4
53 39
21 26
88 34
55 90
85 4
16 39
32 39
47 80
14 28
41 84
65 57
21 71
48 23
18 16
79 10
7 69
22 14
77 66
8 24
55 75
8 11
85 47
43 42
3 81
56 67
33 28
83 85
66 24
85 9
65 41
70 97
62 56
43 46
99 45
82 37
76 21
44 47
97 46
2 45
7 39
47 61
95 46
26 89
8 97
92 17
84 97
25 53
62 44
36 30
3 2
72 33
20 2
47 30
66 45
79 32
57 80
65 67
68 40
21 63
78 53
78 26
17 9
61 9
21 38
31 30
63 23
93 87
43 2
57 99
74 28
31 83
32 29
8 80
37 0
79 99
20 58
4 5
80 97
39 84
16 98
92 80
71 37
12 27
72 42
17 34
67 66
8 87
63 5
66 70
14 33
37 42
69 2
52 98
11 69
50 11
75 30
23 0
4 43
72 75
16 53
60 79
59 32
74 26
83 37
44 6
24 39
4 89
55 42
50 62
22 7
36 27
70 29
74 65
76 94
85 43
65 34
26 66
20 4
94 61
60 98
77 63
12 97
72 17
43 58
62 81
14 61
44 69
86 30
63 40
66 29
3 95
88 41
31 67
72 58
57 69
93 78
50 87
76 67
6 52
7 75
87 33
76 28
90 42
69 84
94 28
50 90
62 66
18 95
31 23
18 10
13 88
18 11
59 61
61 39
13 60
3 16
59 69
92 66
31 93
67 28
74 61
67 90
62 77
77 28
25 95
88 59
12 40
12 52
74 53
7 82
92 0
8 67
4 45
88 3
7 70
68 11
83 4
6 75
47 36
18 70
9 30
88 55
74 71
9 29
64 3
76 82
22 37
56 66
20 74
8 69
93 50
83 62
20 12
13 71
81 87
56 43
8 79
84 46
44 89
93 77
16 52
89 97
65 7
88 87
17 6
92 87
28 9
25 34
79 71
18 84
14 65
50 52
62 28
60 6
68 66
11 59
16 0
23 86
82 70
55 28
12 86
85 87
88 43
11 90
57 47
12 55
65 84
93 57
40 61
76 85
20 21
13 93
7 5
79 33
92 75
93 99
20 24
68 78
82 33
8 92
22 71
12 50
43 10
56 99
7 71
26 9
8 63
31 0
14 71
21 41
68 26
90 24
60 56
57 23
92 77
79 14
47 39
81 34
31 46
76 26
85 39
34 67
37 45
50 38
93 90
55 21
10 37
22 12
6 82
76 39
50 61
17 70
16 28
81 0
64 41
59 29
63 6
44 2
2 39
79 40
31 9
11 80
14 58
87 28
79 81
11 97
20 39
0 46
25 65
72 57
93 34
86 9
25 74
31 82
14 36
66 27
11 75
20 94
60 21
60 59
83 53
50 99
25 57
50 89
59 36
13 91
11 53
57 37
40 46
86 29
60 11
13 9
26 30
20 28
90 52
42 80
43 27
25 69
22 75
47 45
13 75
68 99
81 52
66 39
63 89
16 23
72 23
22 74
55 58
72 89
31 99
16 66
61 75
5 28
18 63
53 33
34 36
21 57
70 46
65 71
60 57
47 63
85 46
20 64
92 27
20 53
11 71
93 37
31 29
94 84
55 26
60 55
68 24
72 16
21 40
69 37
68 45
85 23
31 94
17 32
59 34
64 52
77 52
94 71
99 23
20 26
91 15
30 29
60 67
60 25
48 75
18 23
85 78
79 0
12 77
13 77
53 28
90 27
31 52
77 42
25 98
55 7
3 71
78 32
37 24
85 40
4 39
8 53
34 66
76 90
43 39
25 90
43 28
12 25
95 5
78 30
55 41
85 45
44 9
56 47
74 90
25 5
68 98
14 90
52 66
68 29
26 29
93 67
31 6
3 75
82 97
69 41
90 89
25 3
13 58
38 32
7 89
69 71
56 77
11 39
50 17
93 86
57 29
77 58
4 53
20 34
72 52
13 92
68 53
57 28
3 14
72 84
30 84
31 76
85 16
43 99
83 47
16 38
20 99
58 37
13 25
64 67
99 30
74 42
5 90
28 80
75 86
14 47
41 38
12 67
78 0
16 2
13 69
62 4
83 46
24 46
14 80
21 27
82 46
8 98
92 81
40 89
16 6
16 78
85 11
85 61
78 87
82 84
92 9
18 53
88 60
23 33
8 77
78 66
40 52
41 98
83 11
57 94
16 29
33 29
74 58
31 39
75 52
74 94
8 95
8 76
23 27
21 84
77 98
74 84
4 94
50 26
34 80
20 89
38 29
12 24
31 58
25 55
20 70
83 39
85 0
40 24
64 26
7 36
11 87
95 47
62 5
32 24
64 4
20 30
11 58
26 28
60 46
76 36
92 61
38 61
23 89
48 61
6 58
65 40
13 95
16 42
64 79
76 55
17 84
25 86
64 0
50 46
86 97
72 63
47 75
8 89
83 43
63 87
99 71
11 45
3 59
92 78
99 33
58 27
95 36
60 53
13 78
83 75
80 24
40 9
12 46
66 80
64 78
59 46
22 31
81 28
62 30
76 78
79 74
56 4
3 72
11 41
92 21
17 2
36 89
82 61
68 21
72 95
92 38
60 28
76 2
3 63
13 94
52 36
86 36
2 67
26 87
62 29
38 23
8 61
41 30
69 63
12 6
3 0
88 71
49 51
64 86
39 46
72 30
47 24
14 75
72 40
65 5
28 70
74 14
7 42
20 52
41 37
42 45
38 26
80 70
93 21
20 25
68 86
68 28
37 86
41 6
3 78
71 84
62 82
53 6
17 42
3 90
2 26
64 10
60 65
79 43
41 23
22 24
88 32
55 74
40 42
27 0
88 61
59 58
98 9
34 9
59 10
82 29
85 10
94 24
47 42
3 41
21 52
43 47
65 43
10 80
16 46
66 86
74 33
3 4
38 28
51 1
12 48
8 83
74 82
76 97
76 66
3 30
3 58
50 40
22 2
33 39
22 39
23 52
92 16
22 66
60 36
95 42
69 36
25 70
76 34
83 69
6 42
95 52
92 95
33 66
95 9
25 4
18 72
36 46
20 71
21 44
50 39
20 83
31 32
10 24
50 34
95 70
22 44
68 23
72 85
88 44
90 32
78 67
78 17
98 80
78 2
10 46
75 37
37 66
31 48
79 52
53 42
47 67
7 90
18 7
34 23
12 98
98 84
13 84
63 52
18 65
68 56
95 75
38 0
20 77
4 11
57 39
95 32
9 46
78 37
85 41
82 58
64 85
31 43
83 77
31 59
63 61
40 33
43 40
94 82
63 53
74 36
76 40
77 7
21 36
12 90
44 27
64 81
99 46
13 42
57 45
48 39
71 27
68 59
4 26
62 90
82 32
79 16
92 2
86 46
88 62
64 56
77 11
50 75
76 29
64 9
31 69
50 56
13 30
50 9
71 26
13 64
88 68
58 39
25 80
71 66
21 59
58 32
82 10
39 29
71 80
34 84
41 2
55 53
77 10
79 95
25 32
56 94
8 47
92 52
20 84
85 94
18 12
17 46
92 26
5 58
55 9
13 33
7 47
48 85
3 34
93 80
65 75
50 72
12 78
93 71
50 94
44 58
8 32
48 52
11 14
25 44
95 24
74 37
92 7
56 40
3 94
50 0
4 24
57 87
11 34
55 94
47 99
4 10
99 82
6 89
22 43
50 45
16 41
13 47
22 55
4 65
4 36
8 6
53 30
26 10
60 77
13 99
3 48
57 75
11 46
64 70
31 86
63 98
4 84
55 57
2 27
78 71
74 24
88 69
72 45
77 80
72 69
62 40
4 30
57 89
64 36
3 10
67 0
92 50
88 33
83 14
95 97
17 53
39 97
22 65
62 72
93 63
83 26
55 5
6 87
55 80
99 29
41 46
22 97
31 63
17 45
62 84
31 65
38 75
10 45
44 26
8 65
75 42
65 0
63 67
18 69
86 42
69 24
16 17
2 29
93 7
50 55
12 76
62 38
98 30
8 21
13 11
17 0
92 63
31 14
53 29
44 99
56 26
68 33
31 97
65 97
31 17
68 37
3 39
74 57
31 89
93 70
4 66
3 82
88 24
17 29
81 58
8 5
95 6
31 45
13 56
38 6
71 33
88 17
22 29
22 60
10 32
20 62
77 23
21 9
85 26
93 75
33 27
13 53
62 42
85 34
34 90
17 5
2 89
83 58
60 83
75 80
16 89
57 66
3 42
64 50
31 77
25 79
6 46
48 36
99 32
48 71
66 98
41 53
16 97
43 86
76 3
64 75
90 46
18 3
43 89
44 39
12 45
10 9
62 53
86 84
93 24
92 6
71 87
13 87
48 0
62 2
95 45
55 38
81 57
39 30
47 27
66 9
21 32
83 34
6 98
68 93
12 83
58 84
53 2
31 79
16 71
81 23
4 98
71 9
87 36
41 10
52 89
92 94
41 45
60 75
92 45
20 82
79 27
20 31
69 28
23 90
83 78
56 24
71 30
58 86
43 97
18 44
83 24
22 11
71 58
99 10
12 94
0 97
43 75
22 42
95 58
74 32
64 14
64 59
77 61
37 89
79 9
11 23
37 80
88 4
48 65
85 77
44 70
48 26
47 58
31 10
25 33
40 80
93 16
68 87
69 67
48 84
21 80
13 65
7 23
60 76
61 90
71 32
20 63
88 65
11 40
68 0
18 93
60 23
88 64
65 98
77 82
31 42
22 0
26 46
20 42
44 5
68 39
16 30
32 80
68 76
83 81
94 89
40 58
21 2
2 84
83 30
65 69
9 39
11 44
11 6
16 36
88 52
25 23
48 24
56 0
87 70
94 98
88 97
18 6
55 11
4 58
55 78
12 38
79 61
76 63
64 7
18 50
63 75
55 65
34 97
12 2
88 10
20 98
59 80
43 38
6 36
90 66
75 87
59 38
6 71
81 32
64 29
17 26
20 95
2 82
42 30
55 4
23 80
31 61
31 27
82 45
18 5
40 27
60 2
38 24
20 18
6 27
6 28
4 29
87 27
90 37
8 45
88 20
53 34
43 26
21 16
44 37
88 45
25 66
8 39
72 66
95 63
60 30
69 89
64 42
41 34
59 44
17 90
31 66
42 9
12 74
48 6
56 42
82 5
3 52
67 39
48 2
87 98
76 80
81 40
50 24
69 33
55 0
94 41
79 7
31 68
25 56
93 81
88 9
18 0
43 44
20 29
71 67
48 42
88 78
12 44
82 80
69 90
16 69
21 46
56 90
11 82
20 5
10 66
63 42
60 68
64 24
61 29
92 90
71 90
61 80
14 6
99 80
7 6
88 12
48 80
4 28
11 86
50 98
79 67
59 17
88 8
8 38
47 33
16 87
26 0
60 86
57 41
72 61
28 0
81 24
17 71
60 93
21 94
93 28
18 87
85 24
77 30
48 9
12 16
10 0
74 75
11 94
3 97
72 14
31 34
4 52
64 95
2 32
43 33
44 45
59 5
68 62
6 70
5 10
3 87
43 0
38 40
77 94
25 82
0 30
43 70
13 55
47 46
83 45
71 23
8 70
8 84
69 45
44 82
6 30
13 61
76 48
76 61
65 66
83 99
4 38
88 93
32 36
10 33
52 33
13 22
64 90
20 90
75 46
85 36
72 67
98 36
85 32
92 24
87 37
53 24
89 30
50 69
19 73
18 46
45 89
56 98
8 94
94 7
18 60
50 65
22 27
2 70
25 27
3 65
74 10
11 7
13 63
38 90
4 63
9 97
53 9
81 78
85 69
4 47
60 24
14 40
79 17
14 9
92 29
60 52
3 70
42 27
75 90
18 2
63 2
8 82
0 29
38 30
56 78
50 10
94 33
43 9
14 42
2 0
50 37
38 53
76 42
60 61
2 40
65 28
79 56
36 29
94 30
70 84
79 46
3 47
58 97
61 10
74 34
62 55
5 23
48 74
41 5
26 36
99 87
50 57
99 63
93 6
92 70
53 23
56 75
26 61
12 37
72 41
64 28
92 53
93 9
67 10
92 10
72 86
57 32
83 76
16 34
33 9
76 52
18 66
88 67
71 5
71 45
63 17
53 82
85 95
64 27
3 57
13 40
83 67
7 58
44 90
4 37
56 45
48 41
94 52
99 0
56 95
25 62
44 67
18 64
92 76
79 80
72 4
8 10
57 67
74 45
28 46
81 86
79 23
31 78
5 37
26 67
38 45
4 86
31 40
78 39
93 48
21 6
4 23
32 27
64 63
25 0
89 70
43 53
95 61
10 70
14 66
12 82
57 43
21 43
74 39
4 90
2 34
12 41
78 52
47 84
62 37
10 97
44 71
37 36
64 47
10 58
38 34
34 82
68 94
68 63
65 29
66 89
79 55
22 25
48 66
82 28
40 90
58 33
81 95
31 90
59 95
88 31
25 14
11 84
76 59
5 89
7 17
14 0
81 98
93 45
47 0
69 34
94 69
2 37
86 70
53 75
57 26
24 97
85 82
98 39
93 98
48 40
40 87
17 24
82 24
41 63
86 32
69 0
31 56
77 84
37 32
2 5
53 46
77 9
21 82
90 98
75 9
17 39
8 75
12 66
93 27
88 95
13 74
77 0
3 44
85 99
21 74
31 53
9 70
81 11
88 84
85 14
93 61
57 52
21 81
7 2
85 81
82 89
63 82
22 23
83 95
75 36
6 10
77 27
14 26
6 80
77 86
3 98
12 84
83 28
65 44
61 27
68 9
88 85
68 64
47 87
68 27
53 37
71 98
82 26
83 25
59 27
76 30
23 87
31 84
18 82
78 33
20 92
20 43
57 5
74 69
94 9
99 38
5 42
43 71
13 18
16 80
48 72
83 36
70 30
72 77
83 90
94 53
85 67
14 38
31 3
64 48
69 53
2 23
7 24
7 86
56 53
55 47
26 5
32 30
85 74
47 90
58 9
59 45
92 32
79 53
72 53
76 38
57 36
81 5
22 8
8 90
12 87
59 47
43 95
63 97
93 97
25 28
81 75
77 69
83 7
60 12
22 36
2 28
11 9
18 43
75 39
81 41
23 84
52 10
55 66
92 72
12 43
20 69
83 17
77 71
62 43
65 86
58 98
33 24
78 34
26 42
25 43
76 32
22 94
56 58
92 99
50 77
22 5
68 58
60 14
61 97
5 70
38 66
72 2
65 27
65 58
23 29
64 33
22 46
0 24
21 77
41 80
21 0
41 27
87 58
94 0
68 81
44 78
67 24
81 17
21 37
71 89
7 29
11 98
99 70
95 66
47 89
53 90
69 98
7 52
60 42
25 47
55 61
13 90
62 63
6 84
74 86
60 7
76 89
48 78
6 26
63 37
88 57
79 4
48 45
22 6
23 37
79 75
22 61
62 11
47 26
20 11
67 30
59 37
3 7
21 17
83 61
5 30
89 84
13 34
59 87
44 40
43 84
83 84
22 41
60 81
86 45
94 70
64 6
47 52
82 66
4 87
53 32
31 11
60 27
74 44
63 36
55 14
64 72
12 47
90 30
88 83
43 90
83 9
41 89
53 70
93 74
7 9
5 9
22 68
68 7
40 32
77 32
95 53
96 19
60 48
77 53
98 27
11 42
76 57
20 17
77 46
9 84
78 5
23 42
50 44
52 28
12 36
55 17
83 48
12 11
95 2
60 44
83 5
94 39
99 6
93 5
25 7
94 58
61 67
92 47
92 44
50 27
42 97
4 32
59 39
90 29
61 37
48 38
67 84
55 71
79 26
93 72
7 78
2 24
47 28
63 9
77 99
20 59
93 62
79 78
76 43
12 58
21 72
30 46
55 84
14 86
60 37
88 27
4 80
69 29
83 55
8 81
12 63
74 67
59 78
80 30
83 2
81 39
40 75
1 35
90 33
52 46
93 29
27 29
68 44
8 4
38 89
83 3
67 80
56 61
60 63
13 39
93 46
31 81
85 65
13 66
12 17
50 53
95 17
8 36
11 17
47 10
81 89
18 86
37 9
99 98
13 24
76 11
77 29
24 70
92 98
7 10
21 58
6 86
20 14
3 40
28 24
93 89
76 14
94 32
3 27
88 98
7 38
79 98
78 38
60 82
6 67
13 50
13 3
89 0
4 46
75 0
12 79
88 16
12 0
66 42
92 67
13 82
81 84
52 70
48 98
83 89
14 32
53 10
78 63
55 70
57 70
28 42
41 70
68 50
23 67
44 80
4 67
77 47
11 78
45 27
88 63
95 99
76 17
26 75
83 97
77 90
76 41
22 98
22 17
2 71
68 16
16 75
20 57
8 30
75 58
34 32
25 94
58 80
31 71
78 28
93 39
21 23
82 52
72 32
79 62
81 43
57 2
76 16
48 43
65 2
11 27
81 67
88 37
74 80
95 27
34 58
62 34
38 39
25 24
40 70
90 10
41 32
12 56
12 23
63 39
62 32
64 55
93 10
20 16
63 33
59 63
50 16
22 62
85 30
78 89
69 17
88 81
79 29
77 26
79 36
68 55
63 86
74 63
95 41
21 10
45 24
59 24
92 89
8 17
76 56
4 97
55 40
94 63
76 72
88 66
11 95
79 59
63 90
4 61
8 56
75 5
83 52
94 75
76 44
16 37
55 6
62 75
98 46
52 84
47 66
55 37
11 16
79 30
83 40
48 69
61 52
41 66
42 89
20 86
93 14
60 62
35 96
13 46
83 93
62 52
20 76
75 27
32 89
41 82
62 26
65 30
64 16
76 98
58 30
17 87
88 18
92 79
88 99
37 28
69 38
78 70
76 70
13 17
31 12
69 86
69 52
32 46
11 61
68 95
93 55
93 53
18 47
48 67
77 6
3 46
13 45
57 38
28 36
20 81
99 37
61 46
20 23
74 30
22 3
77 87
43 7
48 11
88 53
2 86
95 82
95 38
85 38
40 82
80 46
57 58
14 27
48 70
74 7
59 30
43 23
21 33
5 84
92 59
31 64
13 2
88 86
76 4
99 66
12 9
10 30
25 50
13 59
78 84
8 0
21 48
64 66
95 29
20 80
99 41
4 42
56 80
55 34
21 78
69 75
45 97
53 40
95 10
15 54
53 89
81 59
62 48
57 97
18 67
11 29
16 40
78 9
47 70
27 84
31 8
8 42
3 84
93 65
3 5
48 7
65 61
16 45
67 9
75 23
62 58
81 45
64 45
94 36
92 97
60 58
41 29
37 39
69 26
82 98
8 85
25 85
56 17
82 9
31 33
3 21
88 80
22 93
18 22
88 29
85 2
60 8
22 80
16 32
56 28
83 33
62 36
38 5
76 9
72 82
45 84
57 42
25 58
88 5
12 61
68 79
34 27
93 23
20 65
14 63
56 38
5 29
44 53
67 86
77 78
21 85
72 9
13 68
4 0
48 81
47 71
69 46
88 42
20 68
90 84
60 89
47 78
26 23
55 72
14 44
25 77
59 7
56 32
22 52
25 45
65 78
89 24
8 71
33 42
43 34
61 30
56 39
36 45
16 82
31 98
79 85
65 33
25 99
47 5
48 32
4 9
12 89
17 67
56 85
44 17
23 30
17 98
66 84
78 61
50 2
34 26
81 69
77 81
3 38
56 36
79 84
7 84
64 11
64 69
68 30
81 46
71 61
53 84
8 3
88 50
18 8
14 39
21 61
62 85
23 32
22 78
72 28
77 38
88 82
41 87
22 77
81 53
77 14
8 23
55 32
3 56
94 44
82 87
25 21
74 99
31 5
62 71
79 57
65 36
20 10
76 79
57 86
77 74
65 24
6 90
40 86
83 66
56 33
11 26
22 84
6 34
87 97
53 71
71 28
80 29
74 70
5 80
47 17
2 10
55 52
59 26
3 99
92 69
21 34
27 24
62 24
20 93
63 10
13 7
61 89
68 14
94 27
94 67
93 32
66 30
69 27
70 39
20 22
75 45
22 90
61 45
74 66
77 65
56 46
26 24
62 89
56 69
57 82
26 45
87 45
31 72
58 46
69 39
83 94
12 57
59 40
14 53
11 43
65 63
16 44
43 63
64 87
68 97
59 97
8 29
62 7
33 97
43 98
21 56
31 26
14 82
50 81
22 32
90 28
43 78
3 9
47 2
64 98
88 70
76 77
83 63
78 98
95 98
62 87
20 55
42 70
32 97
13 83
3 77
48 29
3 24
3 66
8 68
62 41
13 6
14 46
72 38
60 0
36 39
60 32
79 89
55 27
69 30
87 9
99 90
18 74
44 86
40 23
88 28
52 86
13 52
56 41
69 70
48 17
50 79
88 74
56 27
26 84
55 59
56 57
81 33
48 34
44 46
50 42
64 80
25 46
76 33
14 87
20 47
40 84
64 61
68 83
20 7
18 68
7 67
33 36
60 38
34 39
92 64
43 17
18 30
65 80
33 0
85 66
63 28
81 29
62 70
76 75
53 87
50 70
21 5
68 5
57 78
22 67
25 48
57 9
14 23
99 97
8 93
59 6
79 2
14 84
38 67
60 94
94 45
34 61
8 72
61 98
44 24
43 87
36 70
55 97
64 97
18 38
12 3
68 4
99 61
20 45
16 59
13 23
17 75
90 80
57 7
65 23
61 24
31 4
22 58
76 10
75 70
10 39
17 28
57 6
80 39
88 77
42 29
71 86
88 0
77 2
9 24
74 40
2 42
16 57
20 61
62 45
47 34
46 29
66 28
18 32
28 84
93 40
75 98
40 97
59 41
60 33
69 32
5 32
81 27
3 50
44 30
56 29
56 70
50 80
33 89
95 78
74 87
10 29
75 66
12 80
64 62
74 95
72 97
60 70
3 45
88 7
16 94
14 57
62 0
2 6
12 21
50 23
20 85
20 36
41 61
6 24
48 27
81 7
99 34
89 39
57 30
38 84
18 92
13 97
71 97
60 99
10 28
93 36
4 82
77 95
60 41
12 81
22 69
58 36
16 65
68 10
8 64
23 98
79 24
67 42
31 47
47 98
65 6
3 53
5 86
94 37
93 82
57 10
63 84
38 2
95 67
88 23
60 80
53 26
13 10
76 46
78 24
80 84
68 77
4 2
22 72
61 86
76 5
12 70
93 26
37 84
21 29
59 99
25 78
41 36
5 66
25 6
77 16
57 17
4 40
85 75
56 11
16 27
23 24
62 65
58 29
2 58
4 33
77 44
68 46
17 61
2 90
52 27
68 85
99 86
65 90
94 78
3 89
88 14
99 67
98 70
78 80
63 80
92 30
99 28
65 37
88 75
3 62
13 5
12 92
4 81
68 36
81 66
53 52
43 24
62 9
86 0
20 56
50 58
62 69
80 0
64 53
63 30
95 84
81 26
68 47
69 10
85 28
57 34
98 42
57 61
53 98
98 32
77 89
88 48
22 33
17 40
75 89
62 23
25 84
75 33
41 97
10 42
45 30
25 38
72 70
90 36
78 23
85 44
47 40
34 70
62 6
60 50
98 24
18 33
16 7
76 71
47 32
33 45
22 56
5 36
3 69
65 53
12 26
45 39
48 14
85 90
18 37
53 97
77 5
83 80
22 53
93 30
25 39
94 29
95 37
34 45
43 66
57 84
13 79
56 37
11 74
2 46
93 59
16 9
8 66
18 59
94 97
21 11
10 89
69 58
82 0
62 78
17 36
71 82
48 5
31 37
57 33
20 27
65 10
31 41
76 69
88 22
67 46
18 36
95 44
47 9
31 7
7 61
43 32
16 10
92 65
6 0
12 4
52 58
14 5
69 9
14 7
72 98
60 29
81 37
21 39
59 71
74 5
40 10
17 58
50 85
83 92
33 32
83 87
72 99
81 80
65 52
23 66
55 86
17 30
16 86
62 98
12 29
65 87
85 97
62 61
13 12
88 89
12 75
25 29
71 70
48 99
11 32
82 75
82 39
18 98
83 16
21 24
86 24
48 77
60 64
82 67
50 30
68 74
14 59
95 33
53 36
17 66
62 46
61 36
88 38
50 41
71 39
83 42
9 80
3 74
64 37
13 29
56 7
38 36
38 86
34 33
64 57
76 23
90 70
6 9
68 89
62 10
42 84
99 69
60 92
8 78
16 33
20 6
40 45
17 89
74 0
37 98
92 5
14 97
7 97
79 97
92 71
74 29
99 42
65 9
22 4
5 27
55 39
64 89
83 70
86 98
25 81
26 27
92 4
58 66
7 99
79 82
8 28
59 9
90 45
79 72
79 69
22 87
27 89
12 28
87 86
14 34
8 33
4 77
79 6
88 11
25 10
25 52
34 98
17 33
22 48
72 94
79 94
41 33
2 61
56 81
81 63
88 25
92 48
92 14
50 86
66 32
22 89
7 53
28 32
63 32
4 71
57 90
74 98
30 97
99 17
8 25
34 37
18 71
2 66
25 72
71 42
69 6
37 30
22 10
83 50
25 2
92 3
20 60
21 7
93 76
71 46
92 84
41 9
38 82
45 29
62 97
82 36
53 86
17 27
78 29
67 45
16 58
56 6
62 14
42 32
41 39
60 74
64 5
2 97
85 57
34 75
60 97
79 66
94 99
56 34
50 82
69 40
64 34
2 30
18 90
3 28
65 45
50 95
12 64
86 39
16 24
2 98
59 42
25 63
88 56
77 33
23 10
8 46
59 70
13 36
74 47
11 5
41 24
60 69
63 71
8 55
87 89
2 36
13 81
47 41
44 41
65 89
75 24
16 47
5 45
43 52
22 63
64 2
77 34
23 97
55 45
92 56
53 61
85 89
83 57
11 30
11 0
99 27
77 24
87 10
16 5
78 90
81 44
60 26
74 6
68 38
17 10
34 89
61 42
5 98
13 72
68 67
9 89
79 70
8 41
7 27
65 26
18 61
76 47
18 21
13 14
43 30
38 70
4 27
32 9
8 57
93 2
20 75
76 65
4 70
88 58
11 33
13 57
33 30
25 71
22 50
10 27
93 0
68 3
93 38
99 40
2 9
8 37
52 42
20 72
82 27
32 70
4 16
88 2
44 32
77 45
74 59
18 48
34 71
20 37
63 70
87 29
13 28
58 42
18 83
68 61
86 27
20 9
74 17
79 47
65 32
43 36
12 7
82 42
59 75
79 5
26 90
78 69
28 89
60 71
94 47
56 89
89 29
92 93
31 92
45 70
38 46
62 74
14 95
4 99
22 81
68 43
92 41
95 94
95 87
56 63
8 26
26 52
52 80
25 42
38 58
13 80
6 33
85 7
14 89
68 70
22 82
94 66
68 72
18 76
74 78
2 80
48 87
18 85
22 86
3 23
56 65
11 70
43 6
41 71
78 6
31 21
79 58
5 97
8 9
8 43
63 27
50 48
92 43
95 89
83 59
52 30
12 14
85 52
21 97
55 23
28 45
65 46
28 27
87 0
87 52
25 89
59 94
92 86
32 84
25 41
99 58
99 52
17 37
92 11
40 0
4 59
55 33
57 98
87 24
87 39
75 97
55 95
72 43
50 43
78 42
65 94
50 63
64 39
20 0
3 33
3 26
44 23
56 23
25 30
13 8
34 52
14 43
72 90
85 80
59 23
72 27
95 71
68 52
47 69
79 45
81 97
14 17
98 29
67 33
11 66
93 66
92 62
99 89
60 47
43 37
81 47
68 65
55 82
6 97
34 5
72 78
65 59
6 5
17 82
77 36
14 24
94 23
32 0
60 95
90 9
11 67
14 10
50 84
74 38
13 67
16 14
60 3
6 29
18 29
78 46
14 41
79 86
76 84
21 67
26 70
83 74
38 97
36 24
56 59
47 6
98 0
79 11
44 52
11 99
25 36
60 45
28 39
20 32
48 28
85 71
83 0
63 66
82 90
21 69
44 63
57 27
48 46
57 71
21 28
60 9
59 2
7 30
77 17
12 59
11 28
55 30
64 76
55 63
38 42
92 58
95 40
78 27
13 32
74 2
6 45
64 30
81 14
85 58
40 67
20 8
3 17
11 36
69 97
14 37
88 72
12 85
88 6
59 98
25 76
18 42
45 0
55 87
74 9
52 9
55 36
90 0
31 55
31 85
8 34
83 98
69 61
81 9
12 34
14 30
84 29
25 11
47 37
90 87
20 97
63 26
52 24
7 32
71 24
28 97
83 71
50 36
37 46
65 82
68 69
72 46
12 69
79 42
48 90
24 84
18 28
20 87
40 36
58 45
25 67
61 23
12 68
83 21
17 23
16 84
47 86
21 47
92 74
56 44
53 5
27 46
21 98
95 7
92 33
26 98
3 86
7 26
83 23
64 94
45 80
8 62
22 79
21 66
25 75
67 36
20 46
40 30
85 17
12 39
60 85
23 58
94 90
86 28
12 42
95 30
83 86
18 39
40 28
25 87
83 65
95 34
44 29
60 84
7 37
88 36
76 6
85 29
62 86
57 63
16 95
67 98
92 39
12 33
22 57
93 79
85 59
13 38
72 37
22 26
72 39
44 0
45 46
93 43
81 61
54 49
93 47
27 97
64 32
36 80
56 74
56 5
38 10
10 84
44 75
76 53
83 64
38 52
63 0
4 41
90 86
69 80
62 59
77 67
33 80
62 39
4 6
81 74
7 45
81 94
44 97
65 39
4 74
3 37
64 82
83 41
16 43
21 90
31 70
11 10
31 87
52 37
44 66
22 99
62 95
62 99
31 80
81 16
3 43
68 90
79 34
87 66
6 39
26 80
47 23
56 14
16 63
61 66
12 53
67 97
60 78
87 42
81 30
61 70
71 29
59 52
81 38
50 29
21 95
72 44
72 80
37 27
41 86
58 89
48 4
68 34
87 32
18 17
60 87
90 97
57 53
18 75
37 33
41 52
22 9
93 42
61 58
79 21
8 27
3 29
62 27
53 66
60 31
81 65
31 36
34 28
57 44
50 59
8 52
21 42
7 28
68 82
55 46
18 45
4 14
62 67
2 87
7 66
18 57
38 98
7 87
50 74
61 28
52 45
94 5
78 40
83 82
98 89
93 69
59 28
22 40
62 33
50 67
76 81
68 32
55 44
85 63
64 21
95 23
3 79
4 57
11 57
85 5
83 56
8 48
77 39
4 7
88 46
52 97
4 75
12 30
68 92
43 94
40 71
8 14
64 99
8 58
24 29
74 41
20 78
7 40
76 7
63 45
64 84
93 52
9 0
94 87
13 4
48 63
83 6
21 4
34 42
5 67
48 86
69 5
22 64
14 78
17 86
55 48
11 2
93 95
56 86
4 44
95 86
78 75
50 97
3 67
12 71
78 97
81 99
66 97
63 58
78 58
25 17
81 90
59 0
0 84
71 52
92 34
25 59
48 59
14 98
78 86
13 62
81 2
50 32
68 71
65 42
44 61
55 99
59 53
64 65
41 42
41 90
61 5
79 39
18 31
18 89
63 46
22 95
72 34
36 9
74 27
8 86
62 47
59 43
60 34
56 10
41 40
31 28
71 75
48 16
75 29
71 36
72 71
99 75
55 10
17 80
85 33
28 29
72 26
85 53
57 24
7 0
67 52
3 55
57 0
61 87
3 6
22 70
34 46
7 33
62 94
20 41
3 32
95 0
21 30
68 2
48 89
94 34
26 33
75 67
21 87
67 87
3 61
12 5
4 69
52 29
14 52
66 46
52 32
20 79
88 76
7 98
87 84
68 75
20 40
65 95
64 17
38 33
76 74
53 0
67 58
5 0
77 70
87 80
64 77
93 85
10 36
56 48
3 36
81 70
41 26
55 56
43 41
68 42
88 47
59 33
13 89
93 3
50 47
79 63
5 46
62 17
64 44
69 42
72 81
59 89
50 28
22 59
81 6
6 61
76 45
13 0
11 24
60 5
63 34
47 53
21 45
81 82
93 33
16 67
7 34
93 58
74 43
6 23
20 48
78 36
22 85
79 44
63 24
41 17
69 23
76 24
12 99
2 75
7 41
64 71
78 82
11 52
60 72
13 31
42 36
98 97
59 90
37 29
12 72
5 24
85 84
20 67
12 65
94 38
20 44
81 10
25 64
79 38
44 87
72 5
61 32
88 79
22 76
72 74
3 80
64 46
86 89
50 14
4 17
44 7
10 98
56 30
64 23
21 86
18 40
82 23
95 90
38 37
9 27
33 84
99 9
8 16
34 29
53 45
56 16
69 87
61 33
50 33
47 29
18 52
78 41
43 67
79 28
22 45
33 98
68 25
68 48
42 46
7 63
68 41
76 62
55 43
18 9
8 50
3 11
21 14
93 41
63 29
47 97
53 80
67 89
81 42
99 78
55 69
55 16
77 37
18 81
23 28
55 67
94 17
26 37
55 2
38 27
93 4
27 70
94 6
40 5
41 75
53 27
93 25
