100 1810
18 79
44 32
83 82
94 36
47 17
72 24
61 99
55 35
14 99
48 51
88 76
45 43
12 87
51 79
21 9
40 48
88 16
37 27
74 6
86 59
0 33
47 67
24 67
28 69
72 83
31 83
21 16
56 79
14 45
60 43
72 14
69 67
72 12
86 28
12 56
40 18
25 59
15 84
48 59
24 69
33 34
23 32
47 94
54 60
8 2
54 51
72 90
76 39
49 79
86 90
86 18
81 24
21 87
72 82
76 28
80 18
60 16
17 76
40 16
54 17
86 36
83 87
88 24
55 29
25 90
14 35
94 43
18 58
36 45
79 9
99 50
72 25
79 6
0 36
9 50
80 28
24 45
0 82
74 23
33 21
47 87
17 36
24 14
59 29
17 87
86 79
12 45
0 74
88 74
17 32
18 43
59 35
61 35
60 59
74 16
47 44
44 14
56 35
39 2
69 32
47 19
14 87
55 6
8 45
25 14
0 67
43 9
83 45
81 19
68 42
40 47
36 90
80 35
86 52
8 24
17 23
54 31
52 35
40 28
80 90
39 19
0 35
44 16
51 50
17 82
49 82
72 8
45 50
58 2
25 18
56 67
8 9
40 24
45 29
36 67
69 2
1 55
28 19
43 67
52 6
74 82
34 69
18 59
16 92
21 83
61 82
20 28
51 35
81 79
6 50
29 67
17 59
1 6
80 45
16 69
56 34
54 21
80 47
45 16
72 19
61 0
25 23
24 79
25 55
39 58
20 83
55 99
51 56
33 36
12 39
58 79
58 92
43 29
52 87
20 9
21 43
80 9
69 50
1 51
44 2
88 36
54 87
51 99
8 18
40 17
52 19
23 18
52 56
17 39
18 82
83 16
25 51
81 39
36 19
8 51
88 52
94 49
47 99
20 86
55 8
28 44
32 67
74 50
17 94
31 82
40 74
54 25
47 55
49 35
20 51
74 19
20 67
74 51
61 67
54 16
80 69
72 6
1 79
40 31
86 69
1 24
80 36
88 2
55 59
45 32
14 29
18 69
82 50
79 82
12 21
40 58
0 69
43 82
31 2
76 50
54 19
60 79
48 24
82 19
21 58
1 52
33 92
72 9
28 21
83 9
44 50
61 32
48 44
23 39
86 9
61 81
17 51
54 49
24 51
83 35
54 52
1 76
0 2
8 21
24 59
21 92
59 67
81 59
88 23
79 35
1 32
58 56
48 36
48 45
21 56
21 32
45 92
40 14
18 19
1 35
18 51
58 82
67 35
92 79
83 2
49 32
72 32
72 1
18 2
24 35
21 99
48 6
33 58
17 2
16 79
12 19
58 29
32 29
74 92
8 79
95 38
61 9
76 18
20 44
1 2
39 21
1 67
33 16
23 87
12 60
86 92
86 49
47 21
48 67
88 87
83 56
17 43
8 14
74 52
34 29
60 34
86 58
99 29
81 8
18 32
17 14
28 87
21 36
31 79
54 12
51 29
54 0
88 82
24 56
14 6
69 49
93 22
23 19
81 21
31 21
36 43
72 29
43 90
61 69
12 32
24 16
17 8
81 48
45 35
72 43
55 39
43 59
39 48
33 2
44 24
99 16
80 29
16 90
51 83
12 2
0 19
72 23
50 19
25 16
55 48
81 51
21 35
76 31
81 16
51 19
0 90
88 1
25 8
33 6
12 86
54 90
94 21
55 31
0 1
17 60
75 97
48 35
1 47
23 24
72 35
51 16
35 19
31 29
47 16
25 87
54 92
80 6
74 79
39 36
17 28
14 69
47 31
58 50
12 81
28 67
87 50
60 51
87 92
8 48
54 67
9 35
72 44
31 99
8 33
54 9
80 87
23 69
48 90
1 19
74 48
56 69
20 16
17 81
40 55
99 69
54 86
54 58
20 14
86 83
12 59
47 69
74 12
0 51
33 35
54 50
24 50
79 29
54 24
20 69
32 90
83 90
20 8
28 18
80 23
81 90
48 21
14 79
94 8
24 52
60 31
23 45
86 45
25 67
54 18
23 49
0 72
76 19
14 2
92 50
48 83
24 6
54 82
92 69
54 81
25 34
58 67
99 6
47 24
21 14
0 25
43 79
80 67
60 9
61 20
47 28
54 1
1 28
24 32
87 34
1 18
61 80
69 79
47 51
54 45
40 94
40 99
60 49
54 29
0 28
28 34
92 9
8 43
1 8
55 92
60 35
87 67
31 56
67 50
94 33
47 59
1 58
28 51
16 43
86 14
40 82
36 87
90 19
97 13
23 14
83 58
20 79
1 86
47 48
99 59
47 9
94 14
81 99
36 2
21 44
47 81
8 44
34 6
86 99
47 49
61 25
60 18
20 76
54 35
54 34
12 90
1 90
48 82
20 29
25 83
24 2
40 44
58 34
23 48
59 82
86 21
21 18
51 45
0 43
56 2
52 34
58 9
28 35
81 34
23 33
17 56
88 34
74 94
0 76
17 44
87 69
17 99
33 99
36 16
45 2
14 52
72 67
69 6
36 82
32 19
80 81
69 29
18 49
1 80
17 25
31 90
52 92
33 31
80 25
44 18
18 9
54 20
31 59
33 19
54 6
20 59
44 29
69 90
72 33
31 6
12 48
24 29
76 33
44 67
0 6
12 76
61 92
8 6
83 79
23 2
80 12
61 24
43 50
81 56
60 33
67 9
18 34
72 39
31 67
0 49
14 43
0 94
45 69
81 76
76 59
61 17
55 33
39 87
0 58
25 45
8 59
72 17
79 67
56 50
88 29
31 35
86 60
54 72
34 67
44 99
25 31
31 58
14 32
23 92
28 14
39 32
20 25
45 90
6 19
87 58
0 55
61 79
49 50
17 31
9 19
88 94
40 90
88 43
14 58
12 33
74 81
61 51
56 90
25 92
56 49
23 43
76 24
20 6
56 43
20 50
23 29
51 90
18 56
28 83
88 6
17 9
55 16
92 49
31 14
61 45
31 18
74 20
40 21
39 90
1 20
8 92
80 43
28 82
26 57
34 92
74 34
74 76
20 82
12 24
60 87
32 6
20 58
81 83
47 33
17 69
44 58
61 87
74 1
88 40
88 0
31 51
17 29
40 45
54 74
12 28
33 18
87 90
94 59
12 17
83 6
72 81
20 36
76 83
61 43
88 39
21 51
86 44
88 19
48 34
94 16
7 10
6 9
72 87
96 30
1 59
83 99
94 50
88 9
40 6
62 46
74 47
8 90
1 99
86 33
24 19
20 55
21 45
51 6
60 99
25 82
31 49
47 86
34 32
48 14
1 60
40 25
0 9
72 18
81 92
48 79
72 55
1 44
33 9
43 19
39 79
76 56
55 24
83 43
86 48
40 59
45 67
64 78
39 9
28 50
87 2
86 31
86 55
99 35
18 87
61 50
8 31
39 35
86 82
0 47
0 79
31 19
17 45
14 56
80 52
55 32
51 34
60 29
33 69
74 21
61 31
94 82
60 23
74 45
14 19
88 58
72 36
28 29
76 14
18 14
81 60
86 76
47 90
94 44
39 82
36 6
72 69
17 90
74 58
94 29
72 56
33 32
72 80
21 6
87 49
76 79
12 55
79 90
94 56
33 90
55 36
34 79
12 43
39 67
61 33
48 19
23 21
92 6
54 39
39 49
23 90
78 3
92 19
86 23
18 67
47 2
88 18
52 2
39 51
40 49
54 8
80 33
24 82
14 90
5 68
36 52
21 19
81 45
54 47
4 64
88 14
48 28
40 80
20 43
40 87
20 2
80 14
44 43
74 29
39 92
51 14
31 87
25 33
60 36
44 79
35 2
47 25
72 48
28 6
86 6
31 9
69 82
20 99
29 50
80 31
20 31
1 43
21 52
92 43
18 6
12 35
54 28
87 82
74 49
87 19
20 24
39 16
70 89
48 43
1 48
56 19
99 34
1 83
25 44
47 39
87 59
55 83
25 56
76 69
0 56
79 32
47 18
55 56
61 72
23 35
36 29
51 87
61 8
74 39
12 9
14 16
92 59
76 21
86 19
58 59
16 34
60 21
74 87
24 58
50 2
1 31
73 26
40 69
14 59
48 99
94 24
92 90
86 32
88 79
60 39
74 9
6 90
45 19
17 34
94 31
28 90
8 56
25 21
49 19
52 49
74 83
88 80
99 90
1 34
40 43
80 76
61 34
23 58
74 14
94 19
28 49
76 44
34 9
23 79
31 24
61 39
33 48
8 87
23 76
54 76
36 50
87 9
80 92
25 6
13 95
54 59
94 83
55 45
49 67
72 47
39 50
88 69
28 43
54 40
81 52
83 19
80 24
60 2
72 58
12 58
16 9
99 82
55 44
47 52
1 33
34 50
86 25
1 39
40 12
16 82
88 33
12 31
88 90
83 49
31 36
44 6
88 56
88 21
12 6
47 56
87 35
23 44
61 6
76 99
16 59
88 85
39 34
98 71
0 52
60 24
86 2
28 9
51 43
88 61
23 6
72 20
76 90
44 35
52 43
43 49
86 43
25 24
40 79
8 32
61 29
36 56
58 35
56 9
40 36
18 90
86 87
56 29
39 6
61 86
23 31
55 9
1 81
84 93
40 20
28 52
17 16
72 28
12 83
1 21
29 2
34 35
69 59
79 2
60 28
76 43
21 50
74 36
47 8
55 52
33 83
24 99
52 67
25 69
72 94
81 49
25 79
40 52
20 60
81 33
25 50
51 52
60 19
60 92
17 48
18 50
18 45
32 82
12 67
12 82
88 60
41 7
40 33
25 32
88 35
80 39
94 25
0 14
99 43
20 92
60 56
88 54
25 52
81 6
33 67
72 34
0 39
94 48
23 51
60 8
20 35
72 60
65 66
16 67
31 16
1 82
47 82
43 35
1 16
0 45
8 58
88 32
58 32
28 36
34 49
61 44
34 82
40 23
94 58
59 90
47 76
59 32
72 45
94 23
88 50
83 92
80 20
51 36
39 28
54 80
81 44
66 91
39 18
74 99
52 59
80 8
51 82
44 19
31 28
48 49
8 34
80 59
55 69
81 23
20 49
88 72
40 29
81 28
80 94
40 81
61 52
34 59
40 39
69 19
81 58
36 32
8 39
60 6
81 67
1 87
44 87
18 35
14 92
6 67
18 83
0 59
12 94
8 83
76 35
80 48
1 14
23 99
0 40
61 56
74 32
45 9
36 49
14 9
61 36
40 83
51 58
33 52
88 81
58 16
47 32
54 48
81 29
16 29
0 86
51 49
0 31
69 35
86 56
61 23
40 56
52 16
12 36
44 82
94 6
36 9
88 8
59 6
0 29
39 45
31 92
12 49
33 29
72 50
81 87
1 45
49 6
74 25
0 17
8 36
28 99
94 55
88 51
8 35
30 98
60 44
24 92
18 36
80 99
94 92
20 39
44 9
20 23
88 49
87 32
39 44
56 92
33 45
74 59
56 59
1 12
60 82
18 99
36 59
12 23
77 70
25 48
86 8
47 14
17 49
54 56
29 9
16 32
12 8
94 86
47 12
17 79
94 32
80 44
12 14
88 25
9 82
24 34
8 67
36 99
8 28
33 24
80 19
60 52
23 16
60 67
87 6
39 52
59 9
36 69
92 35
23 8
54 43
0 16
17 33
59 19
33 56
21 49
28 16
55 50
76 92
80 60
49 2
52 82
80 34
61 49
8 19
80 79
94 34
81 55
86 16
47 35
6 2
94 79
55 82
74 69
45 99
74 31
21 82
48 69
54 2
54 94
54 99
81 18
80 21
94 67
0 99
52 79
48 92
47 34
86 35
48 87
60 50
21 79
61 55
76 16
55 90
6 29
28 59
25 76
91 62
23 83
33 44
28 24
80 51
44 56
58 19
20 45
60 14
55 21
76 51
45 56
47 6
40 67
33 49
88 92
54 32
8 16
83 34
99 87
56 32
44 90
48 56
47 92
1 29
88 12
60 25
0 48
20 52
14 67
99 9
94 18
51 32
99 2
0 8
36 79
80 16
34 19
40 51
24 43
21 67
31 32
24 90
14 49
39 29
79 50
14 82
0 83
17 50
94 51
25 36
20 81
20 56
74 56
1 94
76 29
34 90
48 58
74 8
54 23
83 14
18 92
0 44
72 16
31 52
83 67
94 81
12 52
33 51
39 31
87 56
20 17
60 69
51 2
54 14
21 69
54 33
74 67
44 83
81 14
14 50
55 28
48 2
8 29
35 90
23 56
28 56
11 4
45 82
25 29
34 43
48 18
28 2
58 90
59 2
52 90
33 87
8 82
94 52
0 34
12 16
40 9
9 2
39 83
39 43
61 90
23 28
20 94
83 29
47 43
74 44
24 18
52 50
88 44
60 76
20 48
59 50
45 52
61 40
55 67
40 1
33 50
61 47
55 23
94 90
56 6
88 28
67 2
88 86
99 58
0 50
8 52
23 82
1 69
45 6
81 50
81 9
21 2
54 44
23 9
80 55
76 45
80 82
18 16
88 83
44 52
61 14
36 34
72 31
40 19
63 65
83 50
54 83
12 69
21 59
47 36
87 16
48 50
61 48
92 67
52 99
54 69
17 21
12 18
69 9
45 58
61 76
25 99
52 29
28 45
58 43
72 86
49 29
40 92
55 2
74 80
39 69
48 29
1 17
72 2
39 24
12 29
72 76
52 9
24 87
25 58
43 32
33 59
23 59
83 52
67 90
81 43
92 32
18 52
88 99
86 34
12 79
1 56
43 6
82 90
29 19
12 34
55 18
58 6
52 69
16 56
17 92
80 49
20 33
0 20
76 67
52 58
12 44
86 67
32 9
12 25
74 24
80 17
32 35
72 51
88 67
56 82
0 92
39 56
55 76
16 6
28 92
3 15
51 9
33 43
49 9
51 92
52 32
74 43
21 29
88 59
59 49
29 90
40 2
74 90
17 83
92 29
74 72
60 45
0 24
40 8
47 20
69 43
92 82
51 59
39 14
21 90
39 99
55 34
47 58
20 32
1 23
55 43
31 43
34 2
36 14
92 2
88 31
86 39
99 67
90 2
40 35
81 25
8 49
21 24
31 69
12 92
60 48
36 35
54 79
60 32
80 83
76 9
82 2
61 16
0 80
76 6
94 76
74 86
60 90
49 90
21 34
55 87
17 52
1 36
20 90
16 50
57 53
45 34
89 37
72 49
55 58
58 49
67 82
51 67
88 55
44 51
61 59
54 36
48 32
61 74
88 17
87 79
23 67
47 23
86 24
44 69
99 92
81 31
20 34
8 99
86 50
2 19
83 32
76 8
72 52
40 32
0 23
61 54
44 36
61 28
88 45
99 56
45 87
31 34
74 18
0 18
23 34
9 90
25 35
99 32
17 67
32 50
18 29
61 21
0 32
88 47
61 18
16 19
50 35
99 49
20 87
74 60
74 17
47 50
17 6
17 58
60 83
28 79
74 28
0 21
12 99
74 55
40 60
74 33
40 72
46 5
39 59
99 79
47 45
81 2
17 55
45 79
25 43
14 34
83 69
17 24
47 83
55 49
61 94
85 77
72 92
83 59
94 69
81 36
80 2
76 36
12 51
81 82
22 96
0 12
47 60
23 50
50 90
74 35
76 34
72 79
20 19
29 82
55 19
48 16
31 44
8 69
31 50
86 29
67 19
25 28
8 50
88 48
36 92
25 2
25 39
45 59
94 45
28 58
53 41
80 58
81 35
16 49
16 35
55 14
17 86
61 83
0 60
6 82
82 35
88 20
61 60
59 79
44 59
44 34
45 49
10 75
60 58
36 83
58 69
71 73
40 86
87 43
42 11
55 79
23 52
25 9
1 49
6 35
12 50
33 79
87 29
80 56
72 59
76 58
80 32
48 52
29 35
76 82
20 18
94 35
94 2
44 45
60 55
76 52
61 58
54 55
40 50
27 63
36 58
94 60
72 21
0 87
74 2
81 69
32 2
24 9
20 21
24 49
76 49
40 34
80 50
12 20
47 79
24 36
94 87
61 1
76 2
48 31
55 51
1 9
39 33
17 18
94 99
17 35
33 82
44 49
24 83
33 28
44 92
23 36
61 19
31 45
99 19
86 51
25 49
86 81
76 48
43 2
76 32
33 14
40 76
80 86
61 12
17 19
16 2
51 69
76 87
81 32
0 81
1 92
94 39
61 2
25 19
72 99
47 29
94 28
79 19
48 9
28 32
94 9
1 50
1 25
