100 270
67 31
67 93
94 28
79 91
93 1
67 43
93 28
84 25
16 95
23 11
23 15
5 68
21 94
31 28
82 0
41 28
31 2
67 2
19 92
46 37
30 53
30 11
11 2
15 2
43 2
67 86
94 1
1 2
62 63
67 15
28 2
24 81
69 2
69 43
85 30
70 44
43 94
85 21
1 86
69 30
43 86
41 86
43 39
90 10
43 15
6 33
31 86
85 11
43 93
86 2
18 49
43 21
26 15
94 86
67 28
11 28
93 21
31 94
10 82
41 43
61 88
30 93
31 1
20 34
69 26
11 86
86 39
11 94
68 90
85 15
41 11
64 38
67 53
26 1
69 1
30 39
14 65
81 55
41 26
67 94
17 36
43 26
53 1
73 7
85 69
55 22
11 53
30 28
0 19
93 31
31 53
50 58
85 67
85 93
69 28
26 28
11 39
41 93
1 39
57 54
93 94
51 48
41 94
23 94
13 18
67 11
26 86
38 5
26 53
39 2
69 21
23 31
80 60
65 70
21 28
83 64
8 80
93 11
15 94
69 39
21 86
41 53
85 23
32 96
92 42
30 43
53 28
15 39
69 53
85 2
53 94
21 39
63 83
99 20
67 26
30 67
15 1
85 26
45 27
11 26
43 28
15 86
85 28
4 76
53 2
72 71
49 51
97 29
29 72
30 26
15 53
9 52
41 69
69 23
48 6
85 86
11 15
23 39
43 23
30 86
30 31
69 31
94 2
43 11
23 53
75 87
12 50
87 66
60 89
43 31
56 61
30 23
30 21
67 21
93 53
41 1
15 28
31 15
71 12
85 94
77 62
44 78
93 39
31 21
53 86
69 15
41 23
76 46
30 15
11 31
94 39
37 32
93 86
41 30
26 31
30 2
23 86
86 28
26 39
30 1
39 28
85 39
41 67
26 2
30 94
88 13
93 2
78 84
85 41
23 1
91 75
21 1
31 39
41 15
67 39
59 57
66 47
21 53
53 39
43 53
67 1
26 94
67 23
23 26
41 2
23 21
93 26
21 15
34 17
40 35
35 16
69 67
11 21
36 40
21 2
41 31
22 14
95 97
23 28
69 11
23 2
69 86
69 93
47 99
3 24
85 74
1 28
54 98
96 79
85 53
85 31
7 9
85 43
93 15
11 1
69 94
41 39
26 21
98 45
41 21
74 8
43 1
23 93
27 3
52 77
58 59
25 56
33 73
85 1
89 4
