100 2403
16 39
12 25
90 94
11 29
70 75
29 33
54 58
92 94
59 81
51 72
22 31
58 87
56 78
58 93
54 86
62 82
31 41
78 79
60 99
64 98
11 49
76 83
7 23
5 22
66 94
61 73
61 83
80 89
9 35
65 96
59 99
59 71
60 73
11 14
80 2
79 85
14 27
79 92
53 63
74 93
10 43
19 27
33 49
6 46
73 96
87 94
66 69
11 48
78 85
76 79
9 21
14 50
54 99
25 47
7 42
81 87
32 40
20 38
56 90
52 68
17 29
34 42
71 98
72 91
54 89
76 96
76 99
16 34
70 81
33 48
13 45
52 92
79 84
9 23
26 35
33 35
12 44
73 82
59 63
4 47
25 37
59 76
22 37
18 36
55 62
8 36
52 55
71 76
76 85
63 70
29 39
70 93
28 40
86 95
57 87
73 79
28 43
61 89
57 73
22 41
23 0
68 77
43 46
6 45
6 34
78 80
53 76
31 39
14 21
59 97
6 31
94 95
17 24
10 35
57 60
20 27
18 25
59 68
28 37
51 76
6 10
22 27
41 43
10 50
73 84
18 31
23 34
51 84
74 94
56 68
19 21
14 31
62 78
34 43
67 81
25 34
92 95
85 96
68 99
23 31
65 85
83 92
15 27
13 19
5 34
8 46
81 97
11 46
51 73
68 87
72 75
14 30
68 85
3 26
13 42
76 87
57 90
79 86
58 69
87 97
51 83
63 88
22 40
83 94
5 45
17 36
35 42
8 19
63 80
12 46
65 69
80 99
80 96
15 19
38 45
29 42
32 35
33 46
54 64
46 50
87 99
74 96
15 47
34 49
51 64
11 30
6 37
14 29
64 91
14 43
28 32
64 2
68 83
80 86
65 84
54 63
4 5
51 69
33 36
65 70
54 62
21 27
53 62
58 71
19 34
61 2
10 19
62 84
55 85
3 38
60 94
35 46
63 76
76 84
61 70
31 40
4 50
6 24
61 77
30 34
27 29
64 85
10 36
57 68
77 95
20 41
8 10
34 0
13 21
60 62
15 37
81 94
52 80
59 64
16 23
6 43
7 30
74 82
55 74
21 32
53 74
74 81
5 38
54 65
20 50
8 13
59 89
8 25
27 33
20 0
3 37
69 97
20 45
66 67
60 78
11 39
63 74
7 22
8 44
37 44
53 59
57 69
77 87
61 63
5 29
55 67
58 98
3 48
77 94
58 78
49 0
9 26
26 38
89 92
3 22
63 87
39 46
18 20
32 45
70 84
66 78
57 96
78 90
75 83
59 66
34 48
35 39
5 23
20 47
3 19
44 0
55 56
58 72
62 2
11 33
65 92
59 67
82 84
16 32
6 18
19 39
52 61
54 91
27 50
16 18
14 26
58 61
5 8
22 34
57 97
6 16
61 84
56 86
91 2
72 84
31 38
78 93
58 99
16 47
54 66
65 73
72 94
27 34
53 71
54 97
26 27
16 30
34 39
13 27
9 45
71 75
84 98
7 15
51 80
23 48
56 80
64 86
53 66
24 50
62 63
62 83
41 0
63 66
67 68
7 20
48 50
81 92
52 60
62 92
55 75
61 87
63 90
57 93
29 47
70 76
75 89
69 72
67 80
35 40
29 49
32 46
23 39
58 77
64 82
75 98
6 11
26 29
66 99
29 35
11 26
26 49
10 45
59 61
38 40
4 14
63 86
29 50
66 70
30 44
68 94
57 83
67 83
3 13
79 89
73 99
71 99
15 31
54 98
79 87
3 50
4 26
54 77
26 50
51 79
19 25
86 88
60 72
57 91
5 6
8 15
29 41
64 70
14 32
65 72
24 32
78 87
64 95
14 36
28 49
89 93
14 42
60 80
66 75
63 94
25 31
58 64
54 81
82 92
27 37
80 83
4 9
62 73
22 49
30 42
55 97
59 65
73 2
54 59
51 93
7 24
62 81
25 28
82 91
53 75
20 43
26 46
30 33
23 43
4 38
7 28
88 92
62 64
87 93
3 30
18 33
52 64
31 50
40 47
74 83
98 2
62 90
4 30
4 33
51 87
21 42
23 45
57 89
21 34
4 43
56 66
21 45
21 47
30 35
11 36
60 75
11 37
9 11
72 89
88 98
68 86
23 50
17 33
30 43
3 23
56 62
70 90
62 97
76 88
39 0
9 49
38 48
20 25
62 94
30 39
57 61
63 79
16 29
21 35
72 92
22 45
13 41
42 43
71 85
6 27
57 62
80 95
80 84
64 88
74 91
8 31
5 12
39 44
51 65
36 0
75 81
52 65
84 90
26 41
12 38
42 47
80 97
9 48
69 96
78 98
75 91
86 99
55 66
14 49
78 95
57 71
80 82
60 69
58 62
53 86
10 49
58 92
29 38
34 46
68 84
51 81
22 26
25 30
26 40
61 62
59 83
79 95
56 58
44 49
73 83
56 74
51 78
63 78
10 13
18 27
57 78
31 0
28 38
65 99
71 94
22 42
13 35
40 48
55 70
91 93
52 95
63 71
30 46
54 73
11 28
78 81
6 49
15 24
37 49
81 85
56 81
43 0
95 98
3 41
84 94
12 42
51 95
53 93
79 82
68 76
39 40
52 90
26 47
36 45
74 92
60 79
8 9
17 42
7 29
29 43
68 91
57 94
4 15
53 55
32 34
75 2
55 98
23 44
43 44
81 89
79 93
68 92
56 83
24 26
24 49
88 96
76 82
90 97
65 89
9 30
80 92
73 85
5 15
14 37
28 48
75 82
85 95
17 30
58 96
80 93
92 98
63 67
59 94
4 41
51 98
71 91
12 17
3 44
54 70
23 25
19 26
59 73
61 96
79 96
55 91
9 14
27 30
19 46
53 70
42 50
61 88
77 91
59 90
18 40
19 47
51 70
7 27
11 45
8 49
18 28
69 85
37 50
60 63
53 81
63 2
77 81
58 67
37 41
55 61
8 12
54 2
10 31
52 69
73 93
20 33
67 93
12 0
37 39
52 75
79 91
26 31
5 32
61 95
51 56
60 98
8 26
10 46
11 19
8 42
32 50
73 90
71 97
6 30
9 41
84 93
3 39
18 34
52 88
21 43
45 0
3 36
12 15
6 26
16 17
61 78
69 92
52 99
39 42
65 90
53 69
51 68
74 99
4 49
70 80
29 40
33 43
77 86
6 13
21 50
51 2
16 31
27 40
89 90
15 0
38 47
34 47
57 81
32 48
20 49
5 0
67 94
52 76
52 89
73 87
30 36
55 86
24 0
98 99
55 60
66 84
57 72
7 10
65 82
63 95
15 18
63 68
57 67
66 97
24 29
77 88
70 77
5 28
6 33
37 43
39 43
20 22
92 96
36 48
95 96
4 39
67 91
5 46
94 2
16 35
12 28
15 28
80 85
42 49
19 36
95 97
56 61
86 2
14 16
66 68
31 46
76 98
11 47
61 76
64 66
69 93
4 18
33 41
63 84
86 98
70 85
12 47
58 91
9 24
63 77
62 67
56 57
66 82
78 96
96 2
64 92
53 56
84 2
25 46
66 92
8 18
87 95
28 41
56 92
55 65
36 40
22 48
73 78
64 75
19 23
51 88
75 77
10 41
20 37
4 6
67 2
53 78
8 21
15 26
79 90
86 91
64 96
8 45
61 66
62 86
6 8
20 30
38 46
5 47
68 71
21 30
12 22
34 44
16 24
4 48
39 45
84 99
74 97
7 26
3 24
16 28
90 2
7 45
14 45
18 46
66 79
14 0
54 67
64 73
24 37
38 49
22 0
33 39
27 47
11 27
45 46
82 97
75 92
33 38
52 58
73 76
9 15
8 39
16 37
4 7
57 79
80 90
5 42
5 14
5 21
75 85
90 99
84 92
70 82
31 35
26 33
31 48
62 74
8 17
10 42
60 85
64 71
19 37
10 18
19 42
42 46
20 23
1 2
35 49
19 0
17 41
4 35
5 25
27 44
82 98
9 43
58 66
24 35
60 77
56 79
16 45
27 48
29 44
79 2
14 24
83 97
55 93
58 82
60 89
59 77
15 23
67 69
52 70
16 19
54 95
93 95
87 88
65 97
8 20
61 97
76 81
70 78
10 15
63 73
19 20
77 96
77 89
68 82
67 78
33 50
3 40
22 30
52 53
31 33
8 37
67 99
66 89
85 98
77 84
22 43
18 48
4 13
62 72
80 81
17 32
52 62
13 50
31 45
18 0
17 47
32 39
24 44
3 35
32 44
67 72
21 49
19 30
45 50
86 92
3 16
70 92
51 62
28 45
92 97
13 0
8 28
23 28
71 87
81 84
53 95
44 47
10 34
5 30
84 87
44 46
83 95
60 96
63 82
9 38
75 76
6 28
81 2
27 35
75 86
75 80
14 17
28 47
66 90
57 82
24 36
67 85
38 44
4 11
64 78
71 95
5 50
67 95
52 66
7 41
19 41
15 35
68 88
9 46
13 18
17 40
27 36
10 25
35 37
20 28
8 29
52 73
21 28
69 78
84 97
62 98
74 86
35 43
60 2
4 23
56 60
7 36
54 80
63 69
25 45
5 33
4 0
76 86
10 11
59 85
41 49
29 31
69 75
53 89
54 88
12 16
54 68
11 50
89 97
22 35
68 70
3 46
6 39
40 45
61 93
52 96
60 91
16 49
71 83
9 20
52 82
18 22
97 98
62 69
11 12
4 46
69 73
61 99
36 37
30 49
5 31
57 76
25 44
55 79
65 78
9 44
59 79
3 21
78 88
7 8
11 15
88 94
60 84
62 87
19 24
77 99
51 96
37 42
12 41
22 29
85 92
19 33
67 76
55 59
60 64
52 74
18 35
54 96
63 91
13 34
83 89
51 60
13 23
55 2
3 4
16 0
5 36
35 45
20 35
62 66
77 80
90 98
3 11
20 48
85 90
31 42
57 92
52 71
68 73
13 29
81 90
82 83
69 94
27 42
52 87
30 40
68 78
57 86
17 19
15 22
79 88
13 15
51 54
65 81
32 42
24 33
75 99
7 19
7 32
21 24
10 37
43 50
52 86
54 84
39 48
66 71
21 48
51 86
26 37
7 16
55 76
55 63
86 90
70 2
12 20
71 79
10 40
37 0
68 2
8 0
17 48
56 94
13 47
13 31
70 87
26 30
56 73
60 92
58 59
58 81
72 80
23 42
74 98
8 24
5 39
11 18
52 81
79 94
65 88
31 47
35 36
81 93
21 33
39 49
91 95
51 66
71 72
76 93
24 41
84 95
93 2
9 17
30 47
21 26
80 94
61 68
70 97
91 96
5 37
69 99
69 77
67 96
51 92
18 30
63 96
75 84
82 99
51 71
83 84
88 2
12 21
74 85
37 48
17 0
24 27
72 73
13 37
12 40
56 70
53 68
55 99
75 97
77 97
7 12
7 49
3 6
58 73
87 2
73 91
65 74
52 57
40 46
17 21
13 40
9 40
41 48
53 77
27 32
23 49
68 90
74 77
64 68
22 38
9 50
82 90
51 82
69 83
35 0
15 45
71 92
66 98
35 50
28 46
43 47
38 42
25 43
7 40
14 18
77 2
71 89
13 16
15 29
56 65
58 74
83 85
35 38
30 45
16 27
15 16
72 82
79 83
61 80
10 29
66 96
13 20
30 32
11 0
51 85
23 29
24 31
3 8
57 64
8 32
58 97
51 53
82 2
55 81
26 28
45 49
53 64
28 35
5 16
43 48
14 28
13 14
23 36
66 74
5 17
64 94
48 49
15 38
29 30
31 43
17 26
29 36
28 44
97 2
7 39
64 65
16 44
96 99
7 33
71 2
87 89
23 41
62 93
64 93
69 86
65 98
56 71
69 91
57 58
14 34
69 89
31 44
89 94
91 99
76 91
58 2
58 75
25 48
6 14
19 31
5 35
40 44
6 41
11 43
4 21
12 35
24 39
7 50
21 36
13 30
3 0
47 50
14 15
32 0
23 37
24 30
12 48
83 86
61 85
57 84
65 75
47 0
50 0
67 82
72 87
77 79
18 43
75 96
25 38
88 93
19 35
5 19
4 28
7 13
69 70
75 93
23 32
60 70
76 92
9 25
20 26
33 45
60 87
60 74
78 92
26 43
16 42
52 94
28 39
6 21
20 24
34 45
51 89
60 88
61 71
12 39
7 44
55 90
34 36
15 36
12 33
78 97
70 98
62 99
59 70
41 50
71 73
4 22
62 91
54 55
22 28
53 72
37 46
17 25
3 7
57 85
9 47
17 50
54 61
64 72
52 2
76 90
64 77
23 38
56 88
87 98
65 66
66 93
34 38
76 97
93 99
52 91
11 17
54 74
80 88
21 41
3 29
73 81
55 71
21 0
73 75
21 25
5 44
53 96
15 42
10 16
34 50
3 5
90 91
67 86
64 69
36 38
73 80
62 89
19 28
3 17
9 16
54 56
30 41
53 73
3 45
10 23
57 74
11 22
5 49
84 85
6 0
9 10
25 39
26 42
7 34
28 33
33 44
59 84
30 0
78 94
82 85
85 89
63 93
29 45
72 95
62 77
3 28
33 0
78 99
15 32
7 43
17 46
3 12
59 62
14 40
10 38
54 72
83 96
87 90
72 2
7 46
13 36
28 34
15 30
53 92
13 38
18 47
77 92
64 89
16 21
57 63
85 2
4 20
5 48
13 33
92 99
40 50
35 41
11 34
7 0
30 37
40 43
60 67
4 17
58 84
10 26
79 97
23 30
56 82
83 87
3 42
62 96
19 48
69 81
63 98
16 26
8 38
56 64
27 46
24 38
8 48
69 84
70 91
68 72
53 60
26 48
97 99
21 29
40 0
67 87
71 93
5 26
59 88
65 77
18 44
12 43
7 9
17 23
56 95
33 47
10 17
75 87
3 10
3 33
51 74
56 67
3 31
36 44
39 47
51 91
82 93
39 50
63 64
6 22
10 33
6 38
22 33
72 78
35 44
62 71
20 34
66 83
17 43
62 70
14 19
60 66
62 75
25 33
53 85
15 40
63 75
77 78
17 31
89 95
33 40
17 34
68 75
70 88
10 48
57 95
60 61
44 48
74 95
56 91
32 37
65 83
68 89
76 94
45 47
23 27
14 38
11 32
4 10
16 46
5 43
70 96
52 59
32 49
63 92
91 98
67 70
52 78
76 78
68 95
34 35
25 41
54 94
67 74
42 44
40 42
85 91
10 21
20 31
56 69
25 50
56 72
19 22
28 30
62 80
59 72
57 99
52 77
8 23
34 37
75 79
19 44
92 2
9 34
82 86
10 12
14 20
4 36
8 11
52 56
9 32
20 42
13 28
4 16
53 80
52 63
73 98
41 45
64 84
6 32
64 87
62 95
21 46
32 33
21 23
78 86
24 48
62 68
52 85
12 36
16 41
77 85
5 13
18 39
94 96
74 90
63 97
57 2
64 99
80 87
11 24
31 37
60 76
69 87
78 2
55 87
56 85
67 92
36 49
68 74
33 34
26 34
60 83
25 42
8 47
66 80
85 88
73 94
57 70
24 47
59 2
72 83
23 46
31 34
26 36
18 37
4 42
78 89
77 83
51 94
24 42
7 38
14 23
40 41
11 42
58 68
19 38
35 47
56 99
29 32
12 31
3 18
72 77
89 91
19 29
6 25
53 98
5 10
86 87
12 30
67 75
44 45
7 47
15 20
53 88
70 89
67 79
83 99
22 24
56 2
86 94
61 82
25 0
59 96
76 80
7 11
23 26
9 37
17 37
15 25
16 40
56 63
61 74
13 44
63 81
64 76
64 80
61 91
64 97
75 78
65 91
72 74
65 76
25 49
90 92
4 12
58 95
9 19
5 11
55 78
59 98
3 27
79 98
18 42
7 31
17 18
18 49
19 45
69 98
61 92
70 73
79 80
36 47
13 24
64 83
25 32
81 86
51 99
70 83
7 37
59 86
4 34
37 40
8 27
32 43
3 15
73 95
24 34
60 82
46 0
51 97
59 87
54 92
20 46
70 94
54 93
35 48
93 94
15 43
55 80
73 77
58 79
59 95
30 50
24 40
55 83
99 2
14 25
58 86
6 42
16 48
17 35
14 22
8 50
66 73
6 47
89 2
10 14
9 33
59 74
72 86
46 48
55 73
27 39
12 19
41 47
5 7
7 48
36 41
16 33
87 91
51 67
95 99
60 95
66 72
11 13
18 29
46 49
56 98
71 78
37 38
28 36
51 59
49 50
5 9
20 36
59 92
26 39
6 48
19 32
58 85
30 48
81 99
66 77
28 42
13 39
53 65
93 98
55 89
27 45
87 92
57 77
61 90
20 32
16 36
63 83
62 79
4 40
64 90
60 71
12 26
4 24
55 77
22 23
66 86
58 63
55 94
17 44
3 47
74 2
26 45
65 79
62 76
54 71
16 25
62 88
66 95
72 96
65 67
52 83
74 89
6 19
66 88
25 35
24 28
77 82
17 38
73 74
57 75
27 38
6 35
63 72
18 45
93 96
66 85
79 99
13 48
60 97
22 46
53 57
71 82
60 81
18 41
85 93
9 0
67 98
54 79
85 99
37 47
15 21
65 87
8 34
57 80
70 99
12 37
3 14
74 80
17 22
60 93
13 43
53 90
55 64
20 39
8 16
32 38
63 99
84 88
9 29
33 37
53 99
72 97
3 32
11 38
52 84
14 35
18 24
71 77
4 19
55 68
19 49
55 92
15 17
28 31
69 79
91 92
4 8
86 97
29 0
67 88
4 32
73 92
71 84
55 69
86 89
34 41
55 57
56 96
16 38
72 98
55 84
36 39
78 84
9 42
81 83
57 66
27 31
91 94
12 23
72 88
87 96
88 89
59 91
29 37
86 96
15 39
66 76
51 75
61 69
8 35
67 73
67 90
53 91
54 78
68 93
13 46
14 46
74 84
9 36
60 90
95 2
65 80
24 43
58 60
44 50
84 96
81 91
30 38
53 54
58 94
23 40
90 96
38 39
66 87
65 93
25 29
32 47
5 41
6 50
12 50
67 77
11 21
20 40
15 50
10 44
61 64
54 75
59 69
54 60
88 90
52 97
6 44
27 41
4 31
36 42
21 44
72 90
88 97
18 38
26 44
53 58
55 72
10 30
25 36
15 48
61 72
6 20
11 20
15 49
18 19
82 96
26 0
65 2
72 93
16 20
55 96
71 80
14 48
17 27
3 25
17 39
55 95
38 41
14 41
88 95
82 88
89 99
53 67
61 67
55 82
82 95
21 38
10 32
69 74
63 65
72 99
38 0
13 49
54 85
53 97
48 0
70 71
51 61
5 20
3 43
88 99
21 22
47 48
53 83
71 88
11 31
23 35
66 81
8 43
9 27
26 32
64 79
58 76
11 40
57 59
89 98
9 22
9 28
7 18
75 94
74 88
22 39
69 76
12 49
69 88
21 39
56 77
10 28
5 24
84 89
73 89
69 95
61 75
81 98
12 24
11 44
36 43
54 76
15 41
79 81
83 93
4 27
9 31
28 0
68 69
15 34
20 29
6 12
53 84
18 23
10 22
25 27
70 79
32 36
17 49
40 49
61 98
33 42
91 97
18 32
9 18
61 81
6 17
77 93
70 86
65 94
8 33
60 68
54 82
78 82
6 15
41 46
10 24
54 57
5 18
96 98
74 76
15 44
4 37
62 85
83 91
64 74
14 47
7 35
61 86
16 50
60 65
4 44
58 65
11 41
5 40
52 93
59 75
56 87
74 78
12 27
84 86
13 22
59 78
73 86
85 97
53 82
94 99
16 22
11 23
76 2
39 41
62 65
69 71
59 82
24 25
59 80
68 98
52 98
72 79
22 50
7 21
6 40
67 89
58 88
51 90
9 39
69 80
64 67
15 33
93 97
4 29
32 41
3 20
4 25
82 94
82 87
96 97
77 90
54 83
83 2
31 32
85 94
28 50
54 90
70 95
74 79
22 47
36 46
27 0
75 95
81 88
22 25
55 58
10 39
51 57
56 75
5 27
29 48
43 45
58 83
12 45
56 97
59 93
61 94
8 30
25 26
42 48
22 32
47 49
42 0
75 90
76 89
71 86
71 96
12 29
69 2
72 85
56 89
60 86
80 91
68 96
82 89
58 70
6 29
78 91
17 45
9 12
14 33
13 17
29 46
70 74
34 40
23 33
8 40
76 77
7 14
51 63
58 90
80 98
3 34
69 82
71 90
16 43
71 81
94 97
12 14
56 84
90 93
63 85
86 93
94 98
55 88
66 91
61 65
21 40
45 48
54 69
14 44
69 90
84 91
12 13
57 65
9 13
22 44
8 22
52 79
64 81
19 43
92 93
31 36
68 80
10 0
73 97
85 87
52 54
7 17
17 20
18 50
6 23
65 95
72 81
20 44
24 45
42 45
83 88
27 43
4 45
13 25
83 98
21 31
51 58
51 55
73 88
85 86
30 31
6 36
19 50
6 9
57 98
53 87
68 79
6 7
72 76
22 36
54 87
58 80
43 49
67 97
70 72
90 95
3 49
8 14
38 43
78 83
10 27
0 1
28 29
11 25
58 89
53 79
18 26
53 94
53 61
3 9
29 34
19 40
10 20
56 59
31 49
75 88
57 88
23 47
46 47
41 42
17 28
76 95
88 91
83 90
56 76
27 28
81 82
65 71
74 75
81 95
13 26
53 2
38 50
23 24
8 41
71 74
74 87
51 77
10 47
56 93
11 16
67 71
51 52
68 81
20 21
65 68
18 21
36 50
12 32
67 84
63 89
27 49
52 67
77 98
14 39
66 2
21 37
11 35
13 32
12 34
81 96
12 18
15 46
89 96
65 86
24 46
25 40
37 45
52 72
41 44
61 79
59 60
7 25
68 97
