100 1255
70 85
73 80
39 55
74 96
36 62
47 57
73 99
5 6
38 61
49 61
35 58
58 64
36 38
57 64
41 56
35 41
44 0
78 95
71 78
32 64
54 56
35 49
53 60
65 67
55 58
45 48
33 34
77 91
80 95
85 89
73 82
46 49
82 90
59 64
34 58
52 63
78 85
79 99
71 83
81 93
93 96
80 85
66 78
74 89
80 81
67 74
66 82
47 59
35 50
82 88
96 97
71 82
73 83
43 54
83 86
66 97
46 57
42 57
31 34
69 81
65 74
54 64
65 66
69 94
33 37
77 98
38 48
84 90
65 80
62 64
85 86
67 73
32 48
72 88
83 30
65 92
65 71
71 85
38 64
53 59
70 77
67 83
80 97
72 92
70 79
66 89
39 43
90 94
71 84
32 44
67 69
69 92
41 42
42 58
58 62
86 90
75 85
88 95
71 93
65 89
71 91
85 91
34 50
72 91
78 98
69 72
92 93
41 44
32 55
74 98
66 86
46 50
68 71
31 64
41 49
68 97
65 83
69 93
70 80
42 49
38 39
88 98
35 38
35 63
49 63
78 86
69 78
88 90
31 44
44 48
35 40
51 56
53 58
41 45
74 94
55 0
70 71
50 52
31 58
39 59
81 88
56 0
67 89
84 88
51 55
66 67
74 88
31 36
72 90
35 54
44 49
47 53
31 54
52 55
91 99
73 93
79 94
74 95
87 91
65 75
34 60
70 88
74 92
81 82
92 98
74 75
45 47
51 52
76 78
28 29
31 38
69 80
85 92
79 86
84 99
70 76
37 64
72 75
49 52
46 51
82 84
33 49
43 64
79 30
73 81
72 86
51 53
76 90
87 88
51 60
68 93
72 85
75 93
35 0
55 61
45 57
49 57
45 0
78 99
91 92
42 52
35 51
38 62
71 30
33 44
70 93
43 53
57 61
89 93
34 52
94 95
68 95
34 42
44 59
61 63
77 84
79 81
44 45
85 99
65 87
80 83
66 30
73 86
78 94
84 95
92 30
99 30
66 87
82 96
94 99
32 51
78 87
83 94
40 52
77 96
80 30
48 58
32 45
43 46
37 61
89 98
42 63
49 62
77 89
39 41
78 83
82 94
53 56
34 63
48 0
53 64
52 61
49 59
39 51
52 59
72 87
31 46
32 47
37 58
42 56
59 0
76 95
80 93
38 42
69 74
74 80
78 92
33 55
8 9
33 39
45 53
31 57
33 62
12 13
82 92
66 76
52 60
40 46
77 79
78 90
46 62
75 81
76 85
62 63
68 81
31 35
37 60
48 64
36 54
50 62
40 43
45 59
65 77
48 53
50 56
40 44
48 49
87 99
79 89
66 93
90 97
75 92
65 91
37 46
66 74
54 62
66 75
43 63
87 89
76 99
52 54
66 83
51 64
38 40
66 94
85 96
37 52
94 97
78 82
57 62
75 97
75 82
32 43
36 60
72 99
17 18
86 93
36 57
95 98
38 47
32 36
79 84
84 30
89 92
83 91
86 30
36 52
49 53
80 94
37 59
84 89
43 60
72 83
47 63
40 51
79 93
70 91
47 61
68 90
82 89
73 91
77 99
35 39
89 91
68 98
81 86
43 0
56 62
72 78
36 61
32 63
65 70
90 98
68 82
93 97
76 30
21 22
83 90
58 63
70 81
68 84
41 43
89 30
82 85
68 77
55 60
68 92
83 85
67 76
51 54
66 81
37 38
39 61
47 56
33 35
32 62
89 96
79 97
71 74
74 93
38 56
91 30
42 43
42 46
78 96
36 53
46 60
69 87
85 97
40 59
79 98
34 41
50 59
44 53
39 49
67 99
40 62
35 52
44 46
41 60
72 84
37 42
86 92
32 40
69 96
37 55
86 91
80 86
76 94
44 60
73 96
60 62
31 48
75 87
77 87
49 50
75 76
72 89
34 45
92 97
76 83
23 24
34 57
91 97
87 97
44 63
82 83
36 63
66 88
71 95
83 92
81 98
35 45
70 89
69 79
81 30
56 64
33 61
0 1
56 63
67 92
67 81
80 90
67 78
71 98
66 72
80 98
42 50
84 86
4 5
32 37
46 61
47 49
98 30
76 89
85 30
37 44
74 81
39 50
79 88
79 82
34 61
96 99
69 86
46 63
6 7
34 53
76 91
44 64
77 85
91 94
74 99
88 99
75 79
42 48
82 86
87 94
39 44
53 63
36 42
89 97
39 58
69 89
67 87
33 53
55 62
72 97
34 43
71 99
32 38
53 0
50 60
45 56
70 97
66 70
20 21
34 47
42 60
33 43
55 56
53 61
67 94
46 54
60 61
36 39
43 44
67 68
83 95
70 84
43 51
46 47
33 56
68 91
75 98
71 81
37 54
81 94
81 90
42 62
77 94
53 57
55 57
42 45
85 90
94 96
3 4
71 80
57 59
41 47
69 99
92 96
81 85
34 40
80 92
40 63
39 0
74 83
73 77
68 96
41 59
83 99
43 48
95 97
78 79
48 51
81 92
31 39
67 88
61 0
68 70
53 55
2 3
90 92
43 45
31 59
34 38
68 80
46 58
34 39
73 74
40 0
79 80
86 96
37 51
35 47
83 97
73 97
47 0
67 79
31 51
47 54
88 92
53 62
42 55
67 96
81 84
48 62
82 95
45 64
36 45
65 85
77 97
76 80
31 33
32 53
35 44
66 80
92 99
34 54
39 47
72 73
35 57
73 78
37 39
67 93
58 59
75 96
40 49
56 61
27 28
65 95
65 73
66 84
41 50
72 98
68 89
36 41
80 89
97 30
42 64
64 0
70 75
76 88
33 58
73 94
50 55
36 48
45 52
47 52
61 64
76 84
59 60
98 99
38 49
42 53
78 93
9 10
32 0
33 57
81 83
42 44
70 94
67 85
84 87
47 48
34 51
39 53
68 83
40 47
44 56
93 98
54 61
34 56
37 57
66 92
77 92
93 94
74 76
40 50
71 94
66 73
76 86
45 46
82 30
35 59
78 84
43 57
75 90
43 52
36 55
70 96
77 95
49 55
31 56
72 96
31 45
38 41
39 63
66 77
81 89
32 39
82 99
69 76
36 59
37 41
31 52
80 91
77 93
74 86
84 96
31 41
65 81
65 69
72 93
74 30
60 64
63 0
42 59
32 42
81 95
33 38
65 72
72 74
40 60
35 36
33 63
71 72
32 61
48 61
41 48
41 61
67 80
67 86
37 63
40 64
46 53
32 59
65 93
34 48
78 91
71 90
81 96
73 79
88 30
19 20
45 62
37 0
80 99
78 81
74 84
91 98
7 8
31 61
50 58
44 57
74 78
52 64
71 79
92 95
39 52
58 60
96 98
47 50
49 51
34 64
32 58
48 55
37 45
16 17
52 0
66 90
48 54
34 37
33 50
31 63
69 30
34 35
83 89
57 58
67 91
55 64
76 82
73 98
44 62
43 59
69 91
91 96
56 60
37 62
54 60
68 99
40 54
36 64
65 97
70 90
38 57
36 58
33 51
39 42
33 41
86 88
68 75
35 55
72 76
35 60
31 50
48 59
31 37
42 61
77 83
51 62
67 71
79 87
57 0
45 54
69 71
40 45
68 76
38 55
94 30
48 52
38 54
72 80
68 69
69 95
62 0
46 48
38 59
51 59
72 77
33 42
40 48
68 78
37 49
52 58
45 50
47 60
44 58
75 95
90 99
76 92
47 64
32 60
37 47
84 98
95 99
76 96
73 30
44 61
76 93
75 94
88 96
77 90
90 93
84 94
32 57
66 79
66 85
43 62
45 63
41 63
34 59
71 86
92 94
37 48
82 87
44 55
75 88
86 95
67 98
73 89
84 85
51 63
90 30
33 0
37 50
85 95
97 98
13 14
35 42
46 64
68 86
68 94
57 60
39 40
74 82
56 59
11 12
65 79
46 56
37 53
87 95
63 64
84 93
69 73
80 87
43 47
1 2
67 77
71 77
65 76
66 69
89 90
72 82
75 30
45 60
32 54
39 46
74 77
32 41
57 63
69 70
74 90
26 27
71 97
61 62
43 56
86 98
75 86
95 96
66 91
49 56
31 53
36 51
56 58
39 57
82 93
42 54
86 97
44 47
81 97
75 99
81 91
48 56
32 46
93 95
60 63
44 52
31 42
59 61
31 49
34 46
40 42
73 90
33 46
41 64
73 84
55 59
95 30
77 82
65 98
60 0
33 40
43 49
42 47
84 92
43 55
73 76
36 40
65 84
15 16
70 95
50 51
66 98
72 79
38 43
46 52
70 30
50 53
73 87
37 56
83 88
66 71
54 55
79 96
81 99
80 96
48 60
45 51
53 54
85 98
44 51
35 48
70 86
67 70
33 45
69 82
73 95
40 55
45 55
86 94
87 92
74 79
75 77
76 87
68 85
84 91
36 49
36 44
78 30
49 58
36 0
42 51
65 88
54 57
51 0
83 87
38 50
71 76
31 0
81 87
34 49
79 92
49 0
79 95
42 0
69 97
51 58
83 84
48 50
32 35
73 88
65 96
75 80
40 58
38 51
38 52
59 62
35 43
89 94
38 58
68 73
75 84
68 30
85 88
73 85
70 87
67 82
32 49
32 56
33 52
41 0
72 30
78 89
39 60
40 61
50 61
35 62
39 45
77 86
68 74
47 58
69 85
85 93
36 47
82 98
68 79
71 87
90 95
41 46
38 45
90 96
33 54
72 94
35 56
33 64
77 88
65 30
46 59
88 93
34 36
39 54
70 83
65 94
58 0
67 30
66 96
76 97
88 89
40 56
39 48
87 98
34 55
83 98
41 53
46 55
70 98
71 75
69 90
76 79
14 15
48 63
89 95
31 55
72 95
39 56
47 62
84 97
31 47
58 61
39 62
83 93
36 56
18 19
41 57
77 78
86 89
50 0
67 72
32 52
71 92
51 61
59 63
31 40
47 51
71 89
35 53
75 91
87 93
25 26
67 75
75 83
71 96
97 99
65 82
36 37
96 30
34 0
22 23
76 77
80 84
38 44
70 99
37 40
50 57
76 98
36 50
41 58
67 95
87 90
74 87
67 97
78 88
88 91
67 84
35 64
40 41
35 46
33 59
69 75
77 80
91 93
66 99
87 30
52 62
70 92
32 33
75 89
38 0
91 95
66 95
29 30
69 98
79 90
94 98
66 68
79 83
65 90
33 47
65 99
78 80
86 99
49 64
70 78
38 60
86 87
80 88
41 54
68 87
49 60
85 87
65 78
45 49
34 62
88 94
80 82
37 43
74 97
73 75
32 34
31 62
79 91
74 85
31 43
47 55
31 60
45 58
73 92
41 55
90 91
87 96
50 64
41 52
82 97
49 54
70 74
69 88
50 54
40 57
44 54
40 53
43 50
39 64
38 53
46 0
35 61
54 59
10 11
55 63
45 61
83 96
41 51
52 53
32 50
38 46
68 72
48 57
43 61
93 99
33 36
89 99
69 84
50 63
56 57
36 43
77 81
72 81
65 86
35 37
52 57
31 32
36 46
65 68
52 56
71 73
70 73
71 88
88 97
79 85
54 0
93 30
74 91
75 78
33 60
76 81
82 91
70 82
38 63
69 77
41 62
54 58
85 94
68 88
43 58
44 50
70 72
54 63
78 97
77 30
51 57
67 90
33 48
34 44
24 25
69 83
