100 372
0 1
1 2
2 3
3 4
4 5
5 6
6 7
7 8
8 9
9 10
10 11
11 12
12 13
13 14
14 15
15 16
16 17
17 18
18 19
19 20
20 21
21 22
22 23
23 24
24 25
25 26
26 27
27 28
28 29
29 30
30 31
31 32
32 33
33 34
34 35
35 36
36 37
37 38
38 39
39 40
40 41
41 42
42 43
43 44
44 45
45 46
46 47
47 48
48 49
49 50
50 51
51 52
52 53
53 54
54 55
55 56
56 57
57 58
58 59
59 60
60 61
61 62
62 63
63 64
64 65
66 0
66 67
66 68
66 69
66 70
66 71
66 72
66 73
66 74
66 75
66 76
66 77
66 78
66 79
66 80
66 81
67 0
67 68
67 69
67 70
67 71
67 72
67 73
67 74
67 75
67 76
67 77
67 78
67 79
67 80
67 81
68 0
68 69
68 70
68 71
68 72
68 73
68 74
68 75
68 76
68 77
68 78
68 79
68 80
68 81
69 0
69 70
69 71
69 72
69 73
69 74
69 75
69 76
69 77
69 78
69 79
69 80
69 81
70 0
70 71
70 72
70 73
70 74
70 75
70 76
70 77
70 78
70 79
70 80
70 81
71 0
71 72
71 73
71 74
71 75
71 76
71 77
71 78
71 79
71 80
71 81
72 0
72 73
72 74
72 75
72 76
72 77
72 78
72 79
72 80
72 81
73 0
73 74
73 75
73 76
73 77
73 78
73 79
73 80
73 81
74 0
74 75
74 76
74 77
74 78
74 79
74 80
74 81
75 0
75 76
75 77
75 78
75 79
75 80
75 81
76 0
76 77
76 78
76 79
76 80
76 81
77 0
77 78
77 79
77 80
77 81
78 0
78 79
78 80
78 81
79 0
79 80
79 81
80 0
80 81
81 0
82 65
82 83
82 84
82 85
82 86
82 87
82 88
82 89
82 90
82 91
82 92
82 93
82 94
82 95
82 96
82 97
82 98
82 99
83 65
83 84
83 85
83 86
83 87
83 88
83 89
83 90
83 91
83 92
83 93
83 94
83 95
83 96
83 97
83 98
83 99
84 65
84 85
84 86
84 87
84 88
84 89
84 90
84 91
84 92
84 93
84 94
84 95
84 96
84 97
84 98
84 99
85 65
85 86
85 87
85 88
85 89
85 90
85 91
85 92
85 93
85 94
85 95
85 96
85 97
85 98
85 99
86 65
86 87
86 88
86 89
86 90
86 91
86 92
86 93
86 94
86 95
86 96
86 97
86 98
86 99
87 65
87 88
87 89
87 90
87 91
87 92
87 93
87 94
87 95
87 96
87 97
87 98
87 99
88 65
88 89
88 90
88 91
88 92
88 93
88 94
88 95
88 96
88 97
88 98
88 99
89 65
89 90
89 91
89 92
89 93
89 94
89 95
89 96
89 97
89 98
89 99
90 65
90 91
90 92
90 93
90 94
90 95
90 96
90 97
90 98
90 99
91 65
91 92
91 93
91 94
91 95
91 96
91 97
91 98
91 99
92 65
92 93
92 94
92 95
92 96
92 97
92 98
92 99
93 65
93 94
93 95
93 96
93 97
93 98
93 99
94 65
94 95
94 96
94 97
94 98
94 99
95 65
95 96
95 97
95 98
95 99
96 65
96 97
96 98
96 99
97 65
97 98
97 99
98 65
98 99
99 65
