100 100
70 71
64 65
12 13
72 73
55 56
74 75
86 87
16 17
69 70
53 54
57 58
71 72
41 42
48 49
2 3
23 24
77 78
87 88
28 29
31 32
84 85
27 28
52 53
9 10
62 63
65 66
94 95
7 8
91 92
17 18
19 20
44 45
6 7
15 16
59 60
40 41
25 26
4 5
43 44
29 30
80 81
56 57
92 93
93 94
18 19
39 40
45 46
75 76
22 23
58 59
10 11
36 37
67 68
11 12
89 90
37 38
88 89
68 69
73 74
26 27
81 82
60 61
79 80
78 79
54 55
49 50
1 2
85 86
24 25
42 43
51 52
20 21
13 14
33 34
46 47
35 36
63 64
34 35
76 77
99 0
47 48
97 98
30 31
38 39
50 51
32 33
66 67
83 84
90 91
96 97
82 83
5 6
8 9
3 4
21 22
0 1
61 62
14 15
98 99
95 96
