100 2500
9 69
46 86
0 99
25 56
11 95
17 90
15 71
40 51
2 92
15 90
22 98
17 71
23 68
43 68
19 52
2 82
42 66
41 64
38 89
37 70
10 91
49 55
28 86
16 51
2 97
30 51
29 68
24 67
1 60
28 79
46 65
13 87
43 69
21 84
16 86
34 77
36 65
24 74
42 67
8 70
24 82
13 51
49 56
37 74
15 78
1 83
15 56
13 98
16 97
27 73
16 93
21 87
16 78
10 57
40 87
30 50
37 84
20 71
45 76
21 63
42 74
12 95
44 51
45 84
34 71
34 92
20 61
45 61
36 71
6 59
46 67
13 50
22 58
0 83
7 71
34 66
48 53
26 96
5 89
46 83
31 75
33 81
15 85
35 95
12 83
40 64
7 66
25 95
32 77
20 74
42 58
47 81
16 63
24 83
37 59
3 82
9 80
17 51
32 67
36 81
49 91
39 56
25 88
17 77
29 59
3 85
30 78
17 97
29 51
23 96
29 70
0 76
23 72
42 70
24 96
33 80
25 90
27 75
16 66
12 76
36 52
23 87
32 80
16 61
36 70
41 75
18 77
13 62
1 70
41 82
20 83
48 57
41 91
32 96
9 57
20 97
28 61
49 98
31 76
10 52
17 53
10 89
19 61
13 91
49 89
45 64
40 88
15 52
25 61
32 57
36 97
47 85
36 89
11 54
0 63
32 85
49 88
10 84
8 95
3 81
8 51
44 93
41 63
18 58
5 82
41 57
35 72
32 50
33 72
9 73
33 89
42 89
12 94
28 57
21 56
0 62
48 85
6 69
12 87
40 65
36 78
23 66
25 94
31 97
1 63
4 58
38 98
26 57
31 82
35 59
20 59
16 90
27 67
7 97
29 97
17 83
26 70
35 97
23 62
37 85
25 54
21 90
13 70
3 73
39 99
28 59
34 70
36 64
4 80
44 92
21 61
43 97
45 99
38 51
39 65
8 66
1 53
29 85
44 63
35 77
11 75
18 59
40 95
39 85
33 62
25 65
41 54
10 88
10 50
27 58
16 73
32 52
47 64
27 95
6 92
27 92
43 63
18 73
37 66
25 78
41 94
37 80
5 69
6 93
2 89
19 98
32 86
19 74
33 64
23 51
34 60
41 53
7 80
12 50
26 69
28 90
12 72
37 68
39 79
37 52
16 71
24 93
2 72
20 91
10 70
13 82
33 96
24 76
35 67
44 97
18 63
29 80
23 69
12 62
46 95
21 77
29 77
18 61
16 85
11 67
4 60
11 69
42 79
10 51
44 65
9 93
31 72
29 82
2 85
45 71
16 64
31 71
17 52
0 66
49 72
1 79
37 93
38 56
36 63
45 56
19 88
27 72
22 54
38 94
13 53
42 88
40 78
6 63
15 58
27 77
1 73
27 97
33 76
0 90
22 60
25 58
46 69
14 62
8 86
41 77
9 92
33 90
43 93
33 92
19 86
33 94
35 78
47 74
19 79
13 63
11 56
34 94
40 74
17 50
25 85
2 55
21 88
33 53
44 52
6 71
1 76
21 97
31 50
29 79
44 70
22 89
9 96
39 95
30 99
31 96
33 51
1 67
22 82
16 94
22 78
6 97
44 75
11 94
44 84
38 71
6 80
15 91
39 88
9 55
4 82
9 66
4 77
28 95
34 96
24 68
36 80
14 71
24 70
34 85
41 73
14 98
36 98
19 55
45 82
21 91
6 86
46 80
15 95
29 56
25 62
5 75
33 68
2 95
45 79
27 69
7 62
41 80
4 68
10 54
47 53
16 82
17 93
21 62
48 50
10 93
10 55
41 84
47 68
34 55
23 77
4 91
35 83
22 74
37 51
39 52
43 64
29 81
45 60
4 75
21 51
5 54
43 53
21 58
30 77
11 82
8 50
9 68
24 90
10 63
29 63
24 89
42 59
35 70
13 89
20 69
43 66
35 54
25 52
4 79
10 60
45 74
9 79
31 88
19 54
36 50
1 55
15 77
43 76
6 99
11 93
24 64
14 57
22 71
9 82
14 73
42 63
48 94
10 76
16 80
40 98
13 81
48 97
16 98
22 81
28 63
25 86
23 86
39 57
8 52
6 68
19 56
1 98
30 56
44 94
31 60
32 90
28 83
42 87
49 58
44 50
11 81
29 65
9 61
26 92
5 79
12 53
42 62
27 93
11 55
0 75
12 63
43 52
11 87
49 65
48 78
46 87
27 82
0 65
46 93
8 57
28 97
6 54
38 52
41 55
48 60
35 66
32 98
14 76
48 65
7 99
44 55
46 79
35 96
34 57
43 57
49 78
30 98
17 68
33 98
33 59
18 65
48 93
12 54
35 82
15 94
8 56
16 75
7 64
43 70
34 84
31 91
32 76
8 72
9 72
4 96
12 61
15 64
8 85
48 89
25 75
16 57
23 54
35 84
14 68
22 85
40 68
10 92
0 80
25 83
3 77
19 51
43 99
0 70
11 76
9 81
26 93
23 75
16 95
29 50
49 71
17 92
42 56
10 85
32 62
25 59
2 78
20 88
39 60
6 84
14 54
10 73
26 55
8 77
21 59
30 60
21 57
19 87
8 89
23 63
25 91
7 81
11 98
44 88
28 99
7 56
18 50
4 55
15 55
24 80
7 78
40 79
4 66
7 86
14 92
11 59
39 59
11 50
3 92
49 59
43 82
30 87
26 67
28 62
17 98
14 70
8 94
6 89
0 81
19 97
20 51
39 53
5 68
38 99
31 56
3 67
12 60
12 85
33 71
13 73
0 59
14 83
9 98
40 63
21 72
36 61
6 82
40 66
4 87
45 80
26 66
9 60
12 64
46 55
42 92
27 60
22 88
18 54
41 66
1 50
42 99
5 97
47 62
21 53
8 53
0 54
4 98
31 78
48 75
26 72
48 51
39 93
26 52
17 86
48 63
48 99
5 99
34 88
39 54
22 55
0 71
18 87
13 95
21 65
4 72
45 94
37 62
2 61
13 78
48 72
26 88
12 66
21 98
29 91
13 74
23 84
23 50
15 51
29 96
41 59
41 71
24 86
28 87
26 73
18 57
42 61
48 68
34 79
14 87
17 81
21 52
31 83
40 55
49 82
32 97
30 97
31 54
28 98
35 69
28 84
31 69
8 83
43 84
34 56
20 55
24 52
5 51
43 51
2 73
23 79
30 74
27 85
12 91
6 51
22 87
22 93
18 89
3 59
39 61
14 81
26 62
21 83
11 68
32 93
14 59
6 75
40 90
43 58
41 50
27 68
3 97
47 73
20 84
40 77
6 96
47 86
16 58
31 90
43 75
27 66
30 65
38 80
19 72
0 79
11 58
7 50
19 53
14 60
4 74
49 81
31 85
26 80
48 73
39 83
44 81
22 57
8 75
37 67
1 88
9 65
19 82
32 51
36 75
29 92
21 75
27 84
11 51
10 71
40 59
29 78
38 75
0 82
30 86
0 61
34 53
20 58
26 99
17 55
49 87
46 61
21 80
6 98
11 96
13 55
23 90
41 87
17 75
33 66
18 97
1 72
10 53
32 88
24 58
25 77
19 68
5 90
3 69
17 85
16 52
39 77
19 91
43 65
41 78
22 79
11 62
16 67
22 99
3 96
24 94
12 82
42 52
26 87
43 81
13 54
20 56
11 70
42 93
20 52
39 72
18 70
6 90
47 83
38 76
2 96
29 64
21 79
43 61
48 81
40 56
10 99
42 51
33 77
5 53
7 54
11 97
6 66
3 52
36 92
23 58
33 93
39 91
13 66
40 52
34 95
48 62
12 78
40 82
17 64
46 96
13 93
31 61
10 81
41 86
8 68
40 80
33 91
45 93
35 86
49 66
27 83
49 74
46 75
34 98
33 88
1 82
9 94
37 63
40 96
3 51
27 91
39 71
37 79
35 87
38 96
24 85
19 80
2 62
5 56
35 94
17 54
26 54
23 91
15 97
44 62
1 51
49 79
8 76
38 73
44 66
0 50
15 86
24 75
7 91
6 70
15 83
20 95
35 90
42 65
31 58
33 95
43 95
29 87
21 99
46 98
5 85
33 97
28 72
2 64
3 54
22 75
14 84
7 88
49 69
45 62
34 89
25 80
34 93
33 74
21 82
43 56
34 52
6 55
0 84
6 56
38 82
20 85
12 70
41 92
2 52
30 54
41 67
11 64
3 66
28 52
40 62
36 54
28 77
44 67
25 69
12 81
25 89
41 83
47 59
31 89
19 66
46 54
28 75
29 58
5 84
47 93
28 58
37 58
2 87
4 65
18 71
30 73
42 82
5 95
2 51
5 73
15 92
24 98
40 91
37 55
14 52
48 55
43 91
21 92
43 86
26 61
43 50
7 51
47 88
25 87
33 85
34 76
14 67
20 98
32 59
5 63
21 70
35 53
32 65
20 67
4 89
2 50
8 98
8 58
1 62
42 73
49 62
8 62
24 71
2 60
18 62
0 51
37 60
30 57
32 56
40 83
33 56
6 61
11 52
1 93
19 73
6 53
20 68
11 92
20 54
32 68
40 71
38 70
48 92
14 53
23 73
36 91
32 82
10 65
38 69
15 98
44 72
3 84
27 57
24 88
47 84
14 90
21 78
27 53
16 76
1 71
48 77
47 76
28 85
42 53
4 64
34 80
38 67
0 78
39 51
42 96
49 94
15 80
7 57
31 57
8 96
40 58
43 78
49 61
14 51
25 84
29 89
46 99
4 53
26 76
23 89
8 63
9 78
8 64
20 57
36 67
26 74
15 61
27 78
45 96
16 81
10 79
29 62
1 52
39 64
38 78
48 71
23 83
19 96
45 78
25 60
14 55
16 84
36 90
15 72
32 69
2 76
43 73
10 87
12 57
44 78
11 57
28 96
39 50
9 91
24 73
41 89
4 69
38 97
4 70
7 98
7 63
5 98
4 52
44 77
37 50
36 79
23 95
17 62
13 52
9 63
38 90
19 78
47 97
38 59
41 76
20 80
30 75
36 88
7 95
20 53
2 53
4 85
21 95
31 86
48 96
45 59
1 58
17 60
46 64
45 68
15 88
24 51
22 80
6 50
47 77
48 70
26 83
7 70
16 55
35 51
12 52
28 78
21 89
40 99
13 85
0 88
10 96
22 90
5 62
18 93
46 85
31 62
17 96
26 77
45 87
21 50
16 79
31 77
48 86
4 86
32 87
34 82
20 99
15 96
29 61
0 87
3 57
44 69
13 64
43 79
12 89
12 67
42 64
20 93
20 87
6 60
6 83
38 55
10 83
37 89
22 53
28 80
28 76
6 65
45 75
40 72
11 86
26 97
20 79
11 66
9 74
41 68
31 53
1 87
48 76
28 68
47 50
30 71
33 60
29 69
10 97
44 73
43 98
3 50
26 85
40 50
28 55
34 65
4 76
32 66
0 58
26 89
47 99
23 61
48 58
7 89
27 65
8 87
5 74
14 65
14 88
9 76
29 95
15 99
11 91
11 99
46 72
13 68
47 94
44 87
8 54
14 69
33 79
25 72
12 96
5 87
35 71
1 92
49 50
46 71
21 85
45 81
0 96
4 54
49 52
34 81
21 66
31 80
32 72
49 76
27 94
13 77
16 89
3 99
48 56
45 91
6 85
42 68
35 91
39 69
41 96
10 58
30 84
4 51
5 64
22 56
18 69
19 69
21 69
47 54
12 74
23 57
44 90
2 77
2 56
1 95
13 57
34 99
33 50
35 92
36 84
35 80
22 62
40 97
13 83
18 85
19 99
35 73
4 84
46 81
7 85
39 74
11 89
7 52
46 62
22 94
2 86
4 94
6 62
16 59
5 91
27 52
36 73
3 58
31 59
28 91
18 82
31 92
24 62
10 95
48 79
43 88
30 89
16 87
2 88
36 55
11 84
47 56
12 99
36 56
1 86
49 90
3 65
40 73
30 82
22 70
36 76
7 67
33 83
6 72
30 72
23 93
42 81
9 90
17 56
38 88
34 78
12 77
6 76
34 63
30 91
14 78
49 57
15 50
48 52
2 74
29 55
26 56
18 88
40 61
15 76
0 92
34 58
9 64
37 64
37 69
3 53
7 69
49 92
3 78
26 58
11 74
24 92
45 77
2 67
33 82
18 51
17 70
25 97
1 99
41 99
30 68
40 84
24 50
15 74
46 91
3 86
47 95
12 93
6 95
23 67
38 72
5 81
22 69
44 96
29 57
7 55
8 60
14 86
44 64
45 51
47 63
23 56
30 63
12 80
26 65
19 85
35 85
2 80
38 93
10 98
36 68
18 56
15 62
11 79
37 65
19 92
15 66
10 68
0 74
39 58
5 78
14 56
17 91
33 70
31 55
13 92
43 80
4 97
19 77
43 92
25 92
35 55
45 98
19 94
25 73
25 82
34 86
42 86
16 92
24 77
12 88
33 84
49 85
0 55
40 85
8 93
24 69
11 83
15 82
9 70
23 99
17 61
32 84
9 83
47 58
36 59
29 74
29 54
31 98
27 62
30 88
31 99
24 95
49 77
29 98
3 79
9 85
44 95
6 74
38 68
10 56
22 68
21 54
26 84
24 57
3 70
42 98
31 87
21 68
15 87
35 52
47 98
17 67
16 83
39 87
43 62
28 89
3 83
6 57
17 99
37 86
28 81
15 73
46 51
13 86
46 60
43 89
39 76
41 60
37 53
35 93
42 83
45 89
23 60
15 53
1 68
38 53
37 72
47 69
5 52
29 66
25 57
33 75
3 63
34 87
35 81
1 89
1 64
13 96
4 62
49 63
17 74
37 71
12 98
10 62
35 76
21 86
3 68
33 99
1 94
10 67
40 69
9 59
1 84
44 61
30 96
4 67
48 90
33 52
38 63
36 93
32 79
28 88
14 82
30 79
20 66
9 87
20 50
3 64
15 67
44 91
7 65
32 83
36 95
27 64
31 63
32 53
0 77
49 93
6 52
20 65
21 93
37 75
27 51
32 95
26 98
6 58
8 65
38 87
6 81
46 68
1 80
15 60
19 63
44 54
35 50
47 92
28 82
14 58
44 76
21 55
47 51
15 54
44 58
23 52
49 70
47 87
49 73
38 85
6 67
23 78
2 71
38 57
2 70
12 59
1 96
16 68
3 95
12 86
41 88
17 80
14 95
46 58
35 75
20 64
33 78
23 74
38 77
22 66
21 60
37 96
14 64
20 90
41 81
36 77
36 96
35 62
31 68
30 59
21 96
42 76
1 61
38 91
15 59
43 59
12 56
38 74
37 94
18 84
5 77
47 80
33 61
27 74
44 80
47 52
37 90
17 82
10 78
28 53
3 89
8 79
33 58
46 50
30 61
30 81
9 77
45 54
1 65
24 66
48 64
6 94
8 99
36 85
26 86
10 61
34 67
12 51
14 63
35 56
38 61
20 82
18 95
16 65
46 88
22 67
47 55
36 62
25 66
15 69
30 52
30 76
48 67
28 65
5 59
2 68
24 54
35 61
35 89
29 71
35 99
44 82
31 64
38 79
49 60
16 96
36 82
39 84
10 74
40 53
24 65
26 81
7 76
48 98
4 61
42 50
45 57
41 70
25 99
20 70
10 80
27 55
32 89
11 73
34 62
40 94
44 74
32 70
14 91
41 98
0 64
44 53
0 52
44 56
8 84
38 92
26 53
1 59
22 91
21 71
24 78
39 80
37 54
5 92
20 62
10 64
46 53
4 63
41 97
30 90
4 81
5 65
5 67
46 94
13 59
17 63
22 59
49 68
45 53
15 93
45 85
10 94
7 92
43 96
42 71
44 99
18 68
11 80
15 81
3 93
24 72
5 70
16 72
24 60
48 88
46 78
47 89
11 88
40 76
35 68
10 90
49 99
26 90
20 92
46 90
18 96
41 65
41 90
33 55
30 95
9 97
47 79
12 65
37 81
9 54
19 64
47 75
2 54
36 99
45 69
1 81
46 89
7 82
46 92
0 73
41 61
20 72
24 87
17 94
23 55
26 75
4 71
26 94
28 64
3 76
18 67
9 84
8 91
39 98
19 62
22 65
0 69
39 73
43 77
19 58
37 98
31 79
3 80
16 60
37 76
0 89
38 62
4 83
42 72
10 66
43 94
24 61
25 70
14 96
33 57
44 83
30 94
23 85
19 67
10 86
21 94
31 94
23 65
36 72
24 59
38 81
31 93
42 57
23 82
27 81
49 96
35 63
48 66
2 81
39 90
0 95
9 53
47 61
46 57
8 80
32 60
48 59
13 80
44 60
2 79
34 68
22 77
24 99
45 97
30 53
46 82
43 60
29 99
12 92
14 99
0 56
20 60
16 88
20 94
6 91
13 76
23 98
17 58
16 77
27 80
24 56
38 83
22 97
39 63
32 54
29 83
26 78
45 70
42 95
23 88
20 73
28 67
32 74
43 55
19 90
5 76
39 89
10 82
41 69
8 97
29 90
43 72
42 80
42 75
35 58
2 93
22 73
45 73
25 50
47 72
27 71
44 57
27 50
49 53
21 74
13 90
34 73
39 67
27 99
40 57
48 95
7 77
45 55
18 72
1 78
28 54
34 97
3 94
18 64
45 83
30 58
48 87
36 69
44 79
1 74
19 89
33 54
7 59
18 74
3 74
26 60
16 56
3 56
16 50
44 71
45 52
5 86
49 97
8 82
34 50
45 67
20 81
39 92
22 95
26 64
40 89
29 75
38 66
32 78
45 58
2 57
34 90
23 76
13 72
15 84
47 57
19 70
4 50
17 65
43 85
25 76
33 73
14 89
30 85
4 99
32 92
26 50
42 97
13 99
7 61
41 58
33 65
34 69
21 76
17 73
33 67
34 75
36 66
32 58
33 63
20 63
16 74
8 73
8 59
49 95
0 68
27 70
18 98
32 94
34 51
27 79
7 94
11 72
11 65
40 86
42 91
27 89
5 60
48 84
19 57
20 75
1 91
4 78
37 87
25 68
8 61
18 91
5 57
34 59
2 84
47 71
14 97
6 88
48 82
15 63
3 72
44 59
41 79
35 64
24 81
30 69
46 59
22 86
38 60
38 65
21 81
38 64
26 59
28 94
47 65
13 88
29 84
25 81
36 87
32 81
43 87
15 75
20 76
42 60
17 78
8 74
5 80
37 78
22 50
37 73
37 77
19 95
8 71
0 60
46 63
2 98
19 65
3 75
26 82
18 55
36 53
23 59
14 85
27 61
27 88
39 75
7 72
37 88
7 53
2 75
43 54
3 71
8 78
39 68
45 72
24 63
12 55
16 91
31 74
20 86
31 67
21 64
35 98
37 97
32 99
42 90
8 92
3 98
21 73
14 72
22 96
49 67
5 61
15 57
7 93
35 88
40 70
47 67
5 66
22 64
17 89
11 90
33 86
30 83
19 50
17 95
17 79
25 71
22 51
13 71
7 96
1 90
17 57
24 79
2 94
7 90
24 84
37 56
14 50
41 93
40 93
18 80
15 68
17 59
20 89
30 80
9 88
14 61
37 83
9 86
31 51
0 67
9 50
20 78
14 75
11 78
29 94
22 84
46 74
28 73
39 70
18 75
11 63
14 79
7 83
8 67
7 74
19 60
13 94
13 60
9 89
11 61
40 60
28 92
31 52
36 74
2 65
12 73
2 99
2 90
23 64
32 73
21 67
27 54
6 77
31 73
11 77
42 77
31 70
27 86
47 96
43 67
39 81
9 71
17 76
38 95
8 55
43 74
6 73
9 95
40 92
28 70
31 66
46 56
25 74
12 69
45 66
22 63
22 52
36 83
46 73
17 88
42 55
22 83
3 62
28 71
1 69
32 61
31 84
15 89
37 95
45 95
3 90
23 80
6 78
39 62
41 85
36 58
39 78
37 57
19 59
25 55
27 63
0 98
10 69
27 96
4 73
32 91
34 72
36 60
30 92
25 96
34 74
2 59
4 92
46 70
47 70
31 95
10 72
27 59
18 83
13 75
29 53
18 99
6 87
46 66
18 92
25 98
25 63
28 66
7 73
29 52
0 94
34 61
42 85
14 94
9 75
33 69
30 64
41 62
35 65
43 90
43 83
7 84
5 94
9 62
45 50
36 57
13 58
13 56
42 84
38 50
44 85
37 91
44 98
17 69
29 93
2 66
17 66
6 79
25 51
30 93
49 80
30 62
5 71
26 51
30 66
27 87
14 80
8 90
18 94
41 95
31 81
24 55
40 54
3 55
48 83
23 70
12 84
23 92
18 78
41 51
23 97
18 79
3 88
13 79
7 58
28 51
39 97
42 78
47 78
5 72
1 77
20 96
35 74
16 70
4 90
26 71
19 81
1 56
11 71
37 82
38 86
40 67
17 72
49 75
28 93
31 65
11 85
34 64
7 60
18 90
29 72
15 65
36 51
35 57
18 60
25 67
30 67
5 93
45 63
7 75
37 92
26 79
34 83
8 88
18 66
25 64
0 57
40 75
32 63
9 51
10 75
5 83
29 60
1 54
35 60
6 64
49 83
19 93
15 79
12 75
10 59
0 91
26 68
41 52
18 52
12 71
18 86
45 88
19 75
48 54
0 86
4 88
49 86
38 54
2 69
0 97
38 58
26 63
37 99
25 53
12 68
44 86
42 69
33 87
3 61
13 84
35 79
46 97
25 93
45 86
39 86
26 91
47 66
23 94
13 65
45 65
48 80
36 86
24 91
0 93
10 77
16 54
2 63
42 94
45 92
46 76
0 85
8 81
4 93
3 87
13 97
32 55
39 96
29 67
44 68
28 50
39 66
18 53
27 90
14 66
16 62
16 53
32 64
49 51
0 53
23 81
48 61
27 98
7 68
19 84
48 74
27 76
20 77
9 52
4 56
7 87
9 56
14 93
48 69
13 67
24 53
28 74
46 84
43 71
49 84
5 58
42 54
19 83
5 88
19 71
41 72
32 75
39 94
44 89
9 58
1 57
29 73
18 76
39 55
41 74
23 53
30 70
22 92
9 99
29 88
3 60
19 76
9 67
12 97
14 77
37 61
41 56
11 53
16 99
22 61
30 55
29 86
47 82
5 55
15 70
36 94
5 96
0 72
24 97
28 56
49 54
48 91
22 72
34 91
7 79
34 54
25 79
47 91
16 69
46 52
4 57
11 60
49 64
47 90
28 60
46 77
1 75
1 66
14 74
28 69
2 83
2 58
1 97
38 84
3 91
45 90
29 76
4 95
2 91
5 50
12 90
17 87
1 85
12 58
13 61
39 82
18 81
23 71
22 76
47 60
12 79
27 56
26 95
13 69
8 69
17 84
32 71
40 81
4 59
