100 152
6 7
9 0
26 0
36 37
86 0
93 94
51 0
34 0
3 0
12 0
11 0
56 57
57 0
4 5
99 0
39 40
17 0
47 0
43 0
37 0
49 50
88 0
83 0
33 0
60 61
84 0
12 13
21 0
97 0
90 91
21 22
53 54
91 0
96 97
75 76
45 0
25 26
97 98
62 0
68 0
67 0
94 95
89 0
34 35
31 0
13 0
79 0
46 0
1 0
73 0
16 0
14 0
16 17
27 28
73 74
92 0
81 0
71 0
43 44
71 72
42 0
2 0
30 0
87 88
23 24
26 27
64 0
10 0
63 0
22 0
85 0
41 42
31 32
74 0
60 0
5 0
30 31
77 0
81 82
45 46
65 0
69 0
27 0
41 0
77 78
68 69
19 0
49 0
51 52
15 0
67 68
36 0
76 77
78 0
59 60
94 0
44 0
63 64
58 0
53 0
8 0
38 39
56 0
38 0
6 0
85 86
95 0
7 0
76 0
82 0
10 11
40 0
24 0
66 0
80 0
52 53
55 0
39 0
28 0
29 0
2 3
72 0
84 85
70 0
87 0
98 0
44 45
19 20
35 0
96 0
61 0
88 89
48 0
20 0
72 73
32 0
23 0
52 0
1 2
93 0
29 30
54 0
64 65
13 14
75 0
57 58
59 0
25 0
18 0
50 0
4 0
90 0
