100 198
81 99
42 43
68 99
10 11
18 99
73 99
13 99
91 99
56 57
2 99
95 96
79 80
83 99
30 99
73 74
25 99
62 99
61 62
68 69
19 20
52 53
8 9
83 84
86 99
24 99
33 99
50 51
97 98
93 94
44 45
72 99
31 32
84 85
79 99
98 0
93 99
82 83
35 36
57 58
65 99
14 99
12 99
49 99
42 99
35 99
9 10
60 99
18 19
0 1
43 44
53 54
78 79
94 95
70 71
3 99
62 63
88 99
51 99
45 46
10 99
23 99
28 29
2 3
26 99
59 60
37 38
6 7
92 99
20 21
55 99
84 99
22 23
27 99
63 99
32 99
5 6
15 99
71 99
54 55
80 99
17 18
67 68
57 99
40 99
75 76
36 37
76 99
56 99
33 34
4 99
94 99
49 50
46 99
67 99
63 64
58 59
39 40
29 99
36 99
76 77
77 78
77 99
52 99
30 31
34 99
7 99
75 99
66 99
96 99
41 99
54 99
38 39
16 99
60 61
38 99
69 99
48 49
96 97
69 70
95 99
27 28
97 99
47 99
85 86
51 52
90 91
88 89
24 25
11 99
5 99
8 99
21 22
28 99
44 99
46 47
89 90
43 99
65 66
91 92
6 99
64 65
19 99
72 73
61 99
22 99
74 75
90 99
47 48
82 99
78 99
4 5
7 8
80 81
20 99
74 99
86 87
25 26
50 99
1 2
16 17
48 99
37 99
14 15
1 99
11 12
32 33
40 41
53 99
39 99
87 99
12 13
31 99
59 99
3 4
58 99
64 99
29 30
71 72
87 88
70 99
92 93
41 42
81 82
66 67
34 35
55 56
0 99
21 99
15 16
9 99
89 99
23 24
98 99
45 99
13 14
17 99
85 99
26 27
