100 109
49 48
57 18
12 15
17 16
91 89
50 49
67 65
78 76
42 40
66 64
36 35
61 59
45 44
95 94
54 53
73 71
13 11
64 63
32 30
81 79
35 33
83 82
58 56
55 53
2 1
14 12
56 55
27 30
94 92
28 27
24 23
31 29
8 6
63 61
22 21
46 45
96 94
79 77
34 33
27 26
38 36
11 9
43 41
59 57
26 25
39 38
29 27
70 69
9 7
40 38
47 46
68 66
3 2
52 51
12 11
51 49
1 0
37 36
74 72
20 18
80 79
4 3
90 88
5 3
97 96
44 43
41 40
65 64
38 59
17 26
71 70
10 9
33 31
98 97
57 55
85 83
69 67
89 42
78 59
60 58
53 52
7 6
87 85
21 20
6 5
92 91
23 21
84 82
99 97
16 15
89 87
25 23
88 86
15 13
18 17
19 18
86 84
48 47
16 82
75 74
72 70
60 98
30 28
76 75
82 81
93 91
62 61
53 27
77 76
