100 1203
68 52
12 6
54 51
9 2
96 75
40 28
99 80
98 96
62 56
92 86
22 16
40 25
88 82
63 61
15 7
17 4
60 54
10 5
43 32
56 52
99 92
73 71
65 55
97 78
48 27
11 10
24 5
35 32
23 21
47 37
81 79
21 11
64 50
28 25
12 1
71 54
68 65
49 33
20 11
48 39
56 50
16 1
57 52
39 33
37 29
33 28
72 67
77 76
74 58
94 92
45 29
48 29
79 76
70 67
66 57
62 52
22 6
44 30
14 3
48 36
24 12
48 25
69 55
21 0
41 34
95 77
49 32
22 18
31 29
67 64
71 66
95 84
16 7
14 4
81 76
38 26
53 50
16 8
71 67
72 53
65 62
12 4
46 45
62 60
34 31
57 51
79 75
41 27
84 75
47 29
41 39
73 51
11 6
99 84
30 29
90 84
96 81
97 82
72 50
87 80
24 14
74 70
80 76
21 20
18 12
45 28
61 54
87 75
86 85
23 11
62 50
98 94
94 78
71 70
21 13
47 45
14 12
36 32
44 38
94 90
90 80
98 97
69 57
46 44
72 70
24 20
42 31
74 71
37 34
69 58
27 25
88 83
24 13
46 25
46 39
30 25
45 32
68 56
66 50
69 64
65 61
10 9
36 34
73 55
6 2
92 80
32 26
49 34
23 15
49 28
87 77
22 11
12 8
91 86
42 41
89 77
95 90
68 62
86 83
16 4
22 2
95 78
60 56
18 1
59 55
92 79
54 50
97 92
16 2
62 51
70 69
6 3
71 58
87 78
18 6
94 75
43 25
86 79
44 29
34 28
22 5
8 5
89 75
39 34
98 93
90 75
70 61
98 83
7 1
71 56
21 7
43 39
88 77
33 26
11 5
87 76
92 87
19 6
97 89
86 77
89 88
38 29
28 27
34 33
12 7
66 61
16 0
12 10
64 56
24 10
96 77
13 5
46 42
56 53
94 91
73 59
95 94
18 17
23 1
11 0
72 63
57 53
72 59
63 54
23 9
46 40
64 51
91 89
60 53
17 13
47 33
97 77
21 16
11 9
19 11
63 50
36 29
63 57
18 14
38 33
93 75
39 29
13 11
31 25
66 63
97 93
2 0
47 41
94 76
48 31
96 85
61 51
41 40
12 9
71 53
66 56
30 27
68 55
38 32
59 52
71 52
68 60
30 28
96 84
58 50
4 1
44 40
12 3
22 1
61 58
13 1
42 28
90 87
94 86
71 61
47 44
83 81
68 59
36 35
39 30
33 30
96 90
99 90
57 50
67 53
74 62
85 80
17 1
67 54
73 57
62 55
96 93
23 10
97 81
41 31
65 63
70 55
18 7
26 25
19 7
94 83
5 2
62 59
73 67
72 62
80 75
69 51
99 93
58 56
45 38
96 91
91 84
44 26
41 32
43 31
58 51
46 38
86 76
45 34
20 16
70 66
59 53
24 0
29 25
31 28
72 52
31 27
13 7
65 52
10 3
72 57
39 32
19 2
1 58
89 86
37 26
70 60
17 3
72 69
94 93
80 77
19 17
21 2
71 59
96 82
53 51
93 88
65 50
68 50
17 14
46 30
42 27
93 78
34 26
74 53
49 47
35 34
98 82
65 64
90 77
44 41
40 36
96 80
61 60
46 27
20 10
49 26
37 25
72 51
70 57
97 85
93 92
79 77
34 27
23 19
24 11
88 87
73 66
73 50
17 12
88 84
23 13
99 79
11 8
92 89
35 31
18 4
10 6
70 51
7 0
74 61
97 76
99 86
45 33
66 64
44 42
46 41
89 84
44 39
93 87
62 58
93 91
43 33
97 83
99 97
61 50
86 84
15 11
68 53
49 43
5 0
95 75
19 9
48 26
48 44
84 77
17 2
66 51
16 11
74 67
73 56
64 54
14 11
98 92
14 13
24 16
43 27
20 4
28 26
4 0
32 30
87 83
68 51
42 26
44 32
66 60
33 25
19 1
94 82
69 68
18 5
7 5
94 85
68 63
47 38
19 4
17 8
9 6
48 42
38 31
89 80
99 94
12 5
22 19
90 81
15 4
82 75
97 91
8 2
11 3
61 53
40 38
17 10
71 50
95 81
41 29
23 14
38 27
49 46
59 56
52 50
36 27
82 79
42 35
91 75
69 63
24 7
35 29
82 81
8 7
43 28
67 51
97 90
42 25
15 14
43 35
81 80
84 83
98 76
16 6
46 31
15 9
74 60
82 78
15 6
36 33
38 25
74 64
24 2
91 90
15 28
49 40
83 75
14 6
90 79
66 65
96 94
99 77
91 81
67 60
20 9
38 30
90 88
90 83
23 0
47 39
68 58
18 9
38 28
91 82
15 13
86 81
94 84
8 0
85 77
68 61
18 10
92 83
16 15
20 1
92 91
42 33
35 30
87 82
94 77
22 13
3 0
47 42
83 78
16 5
41 26
73 72
1 0
18 13
96 89
47 46
74 68
21 9
47 40
43 30
63 59
73 61
98 87
48 38
21 5
18 0
37 33
70 63
74 73
41 28
69 59
59 51
82 80
49 42
96 86
21 19
74 69
99 82
78 76
7 6
48 32
92 82
95 93
66 53
38 36
14 7
38 35
72 61
41 30
70 59
73 58
98 90
9 0
45 39
73 68
49 31
55 54
93 83
99 85
92 81
20 17
17 7
21 3
49 25
39 36
81 75
87 84
71 64
67 55
37 32
69 66
55 50
98 80
97 87
91 79
69 65
85 84
16 3
59 58
72 68
59 50
17 5
16 12
15 2
41 35
8 1
35 26
8 6
70 64
95 82
65 57
61 55
23 20
49 44
96 92
64 60
24 22
63 60
61 57
94 87
49 48
72 55
47 32
99 75
23 3
67 66
84 76
67 63
40 33
48 30
15 10
93 77
89 87
33 29
40 32
93 82
45 41
67 65
23 12
92 77
8 4
42 39
76 75
17 11
98 81
48 37
13 3
17 9
72 71
72 56
39 25
63 58
91 83
47 34
9 4
31 30
67 61
86 82
36 30
47 28
69 61
48 33
77 75
44 25
67 52
24 6
91 76
40 35
73 64
99 91
3 1
86 80
64 55
60 59
21 15
97 86
95 83
24 3
89 79
37 30
34 25
13 6
9 8
20 15
61 56
22 20
72 65
90 85
45 42
96 87
21 10
47 27
99 88
14 0
65 59
62 53
43 26
31 26
45 30
15 8
93 79
63 51
69 53
74 72
99 87
64 57
36 25
47 26
42 29
87 85
98 78
44 33
84 81
74 50
67 50
86 75
43 34
97 80
42 34
66 62
48 46
70 52
93 76
95 76
92 85
90 78
16 13
9 3
19 3
98 86
43 42
40 30
59 54
29 26
23 16
32 27
45 27
20 14
23 5
33 27
21 8
3 2
9 5
46 43
96 76
92 76
15 12
42 37
58 55
85 81
20 0
85 83
71 62
34 29
13 9
21 1
64 63
98 91
83 82
85 78
71 57
85 79
45 35
20 7
44 34
67 58
40 29
49 36
99 81
84 78
63 55
47 25
24 8
4 3
82 77
19 8
73 53
13 8
11 1
24 19
11 2
99 98
34 32
81 77
17 0
73 62
70 62
54 53
73 54
96 95
67 62
74 56
21 4
14 8
73 70
98 89
64 59
5 3
90 76
14 1
22 9
83 80
64 61
12 0
95 85
22 3
9 1
39 27
78 77
10 2
20 6
72 58
87 79
74 59
13 10
43 40
36 31
70 50
83 77
88 86
24 9
22 14
79 78
91 85
49 29
71 69
95 88
43 41
57 54
95 79
48 41
88 85
74 57
40 37
89 81
96 78
57 55
19 10
40 39
39 37
70 68
66 58
43 36
82 76
19 18
94 80
98 88
99 96
90 86
56 55
49 39
70 54
95 80
64 58
94 81
89 83
74 51
47 43
16 10
5 1
2 1
71 60
62 61
20 18
65 56
18 15
68 54
23 7
65 51
47 35
37 27
23 18
86 78
95 91
84 79
60 52
89 85
98 79
62 54
15 1
43 38
20 5
10 1
69 52
70 58
8 3
22 10
80 79
87 81
73 69
98 85
94 79
90 89
38 34
39 35
65 53
24 4
99 83
35 28
93 81
40 34
62 57
27 26
43 37
97 75
68 57
93 80
61 59
14 5
45 40
48 28
49 45
91 77
39 28
15 5
43 29
21 6
89 76
48 34
46 32
35 33
67 59
23 8
24 15
89 82
71 63
46 28
19 15
7 3
33 31
66 54
65 58
70 56
90 82
69 62
39 26
10 4
44 36
14 2
32 25
38 37
18 11
65 54
47 36
37 36
95 92
69 56
49 27
69 67
97 94
45 36
48 35
42 32
60 55
35 25
12 11
34 30
49 41
44 43
29 28
45 25
20 8
66 52
91 78
36 26
23 22
85 75
96 79
98 95
61 52
20 12
95 89
20 2
97 96
45 37
93 86
72 66
24 23
10 0
83 79
35 27
71 51
41 25
23 2
60 50
46 36
7 4
20 3
19 13
41 37
63 56
81 78
7 2
63 52
46 34
66 59
49 35
22 15
57 56
30 26
67 57
21 14
19 5
21 82
64 53
97 84
13 12
97 88
49 37
15 3
49 30
48 40
73 60
41 36
32 31
21 17
24 17
72 64
22 0
19 14
92 90
84 80
10 7
19 0
9 7
13 2
44 35
41 38
71 55
6 0
39 31
48 43
69 54
93 90
93 85
55 53
52 51
18 2
93 89
15 0
88 78
24 18
63 53
17 15
88 79
24 1
20 19
45 31
45 44
46 37
40 26
98 77
65 60
14 10
96 83
20 13
92 88
99 89
58 52
84 82
91 87
37 31
85 82
97 79
88 76
22 17
11 7
10 8
24 21
42 40
93 84
99 95
92 84
56 54
22 4
12 2
91 80
73 63
85 76
55 51
67 56
6 4
58 54
74 65
64 52
17 16
74 52
72 60
5 4
92 75
4 2
88 81
46 26
13 4
66 55
47 30
46 33
21 18
41 33
99 78
83 76
99 76
73 65
19 16
94 89
58 57
95 86
60 57
47 31
94 88
63 62
70 53
78 75
87 86
91 88
56 51
16 9
46 35
54 52
48 47
6 5
69 50
14 9
89 78
33 32
64 62
74 55
49 38
55 52
23 17
71 68
22 7
74 66
71 65
42 36
60 58
18 3
88 75
17 6
46 29
59 57
44 37
98 75
44 31
39 38
32 28
44 28
13 0
73 52
19 12
22 12
70 65
72 54
74 63
88 80
48 45
42 30
23 6
42 38
97 95
53 52
22 8
18 8
92 78
58 53
80 78
18 16
22 21
44 27
68 64
11 4
21 12
95 87
96 88
45 43
51 50
68 66
32 29
40 27
23 4
68 67
37 35
45 26
74 54
6 1
60 51
36 28
37 28
69 60
29 27
40 31
98 84
16 14
