100 459
4 0
52 50
58 54
66 60
75 74
7 5
87 83
63 62
31 30
9 0
49 46
42 41
34 31
35 30
59 56
18 12
64 62
49 40
16 10
36 33
93 92
19 17
46 42
88 80
76 73
69 65
54 52
15 10
43 42
69 66
88 81
18 16
39 38
87 86
99 94
98 94
53 51
15 13
4 2
99 96
19 15
38 34
9 3
37 30
38 32
96 94
99 95
46 41
66 62
94 93
27 25
78 74
17 16
5 0
49 43
36 31
14 13
56 51
86 84
88 87
6 0
8 1
18 17
89 83
48 47
59 57
17 12
18 10
55 51
85 80
73 72
88 83
68 64
16 11
19 13
57 53
85 84
77 75
67 65
7 1
94 92
19 16
62 60
43 40
32 31
33 30
49 41
99 97
44 40
86 85
23 20
57 50
74 71
61 60
88 82
23 21
48 40
64 60
93 91
56 55
88 84
28 26
83 82
64 63
86 80
13 11
96 90
16 15
3 2
24 22
3 24
52 51
65 63
47 40
15 11
79 76
29 23
46 44
76 71
28 22
49 44
79 71
79 73
27 24
89 88
77 72
99 90
66 61
16 13
47 46
89 87
19 12
19 11
9 8
84 83
77 73
8 7
36 30
47 44
59 54
9 5
35 33
98 95
79 77
45 40
59 58
6 3
97 95
6 5
59 55
67 62
87 81
36 35
12 11
48 44
5 2
51 50
57 54
8 5
39 36
38 31
47 43
29 25
55 50
65 64
59 53
56 54
98 90
98 92
55 54
5 38
57 56
14 11
18 14
77 70
85 82
4 1
24 20
7 3
44 43
89 84
8 0
47 42
92 90
15 14
58 56
55 52
46 45
1 74
54 51
33 31
8 3
88 86
16 12
44 41
2 16
48 43
69 63
77 71
96 93
97 92
64 61
79 72
43 41
8 2
47 41
28 20
95 94
75 70
79 75
15 12
2 1
78 77
68 65
67 63
76 74
26 23
79 74
19 10
26 21
86 82
5 4
49 48
18 13
59 51
14 10
66 65
33 32
54 50
78 71
39 33
89 82
82 81
7 2
58 57
84 81
68 67
37 31
99 98
27 22
17 11
29 22
39 30
8 45
35 34
68 62
74 73
79 70
13 12
45 42
77 74
69 61
18 11
69 62
46 40
17 15
93 90
83 80
25 23
68 61
37 35
89 86
87 80
48 45
28 24
9 4
65 61
56 50
62 61
48 42
98 91
29 26
96 92
29 20
71 70
22 21
1 85
67 64
47 45
8 4
26 22
46 43
45 41
74 70
97 96
88 85
27 26
49 45
35 31
65 62
53 52
86 81
41 40
21 20
19 14
58 55
24 21
94 91
95 91
25 24
9 1
87 82
39 31
11 10
3 0
85 83
49 42
28 21
57 55
55 53
57 52
78 70
87 84
13 10
68 60
68 63
17 10
35 32
97 91
98 93
16 14
6 2
29 24
9 2
53 50
6 63
86 83
59 50
72 70
34 32
44 42
97 90
5 3
26 24
84 82
69 60
76 72
48 41
95 93
26 20
37 32
38 33
75 73
99 92
89 80
84 80
12 10
98 96
91 90
69 68
57 51
95 92
99 91
39 34
48 46
38 35
94 90
17 13
81 80
14 12
66 64
79 78
78 75
76 70
4 3
73 70
25 22
22 20
24 23
67 61
9 7
34 30
77 76
36 32
89 81
5 92
37 33
95 90
54 53
6 58
28 25
78 73
87 85
23 22
28 23
36 34
75 71
19 18
74 72
32 30
76 75
49 47
96 95
56 52
78 76
59 52
37 34
1 0
34 33
67 60
45 44
39 37
7 0
3 1
69 67
97 94
18 15
29 28
39 35
97 93
58 50
7 6
58 53
27 20
8 6
29 21
78 72
27 21
28 27
45 43
58 51
66 63
96 91
68 66
6 1
29 27
25 21
63 60
69 64
67 66
27 23
99 93
6 4
92 91
5 1
89 85
38 36
2 0
9 6
7 4
56 53
58 52
85 81
65 60
73 71
63 61
82 80
37 36
72 71
38 37
75 72
26 25
98 97
25 20
42 40
38 30
17 14
39 32
83 81
