100 174
7 4
38 37
2 14
29 28
70 69
85 84
98 97
33 32
94 93
65 64
0 56
91 88
10 8
46 45
73 72
15 14
2 60
51 49
41 40
95 92
0 9
47 46
49 48
6 5
77 76
46 44
99 98
71 69
1 0
23 22
82 81
30 29
86 85
1 36
95 93
93 92
79 78
43 41
99 96
79 77
87 86
50 48
53 52
19 18
90 89
2 16
59 57
0 35
90 88
31 30
74 72
89 88
2 64
47 45
2 0
21 20
62 61
62 60
2 30
45 44
3 0
27 25
22 21
1 83
58 56
63 60
3 70
2 26
78 77
9 8
23 21
23 20
3 2
7 6
2 1
14 13
59 56
95 94
87 84
55 52
47 44
75 72
97 96
91 90
39 37
70 68
69 68
39 36
35 33
27 26
51 50
61 60
11 8
1 84
86 84
17 16
71 70
74 73
3 72
3 98
26 24
3 20
27 24
55 53
1 51
63 61
22 20
1 91
34 33
66 65
14 12
43 40
50 49
99 97
98 96
59 58
82 80
91 89
34 32
83 81
13 12
38 36
58 57
11 10
67 64
67 66
81 80
55 54
7 5
19 16
71 68
67 65
54 53
0 76
2 41
78 76
87 85
83 80
83 82
15 12
37 36
31 28
39 38
42 40
10 9
3 1
42 41
51 48
31 29
2 55
2 95
63 62
5 4
11 9
25 24
6 4
2 46
75 73
54 52
57 56
0 7
79 76
18 16
26 25
30 28
15 13
75 74
66 64
43 42
35 32
35 34
19 17
18 17
94 92
