29
1 1 3 1 5 1 7 1 9 10
1 2 2 1 5 6 7 8 9 10
1 1 3 1 3 6 7 8 9 10
1 2 2 1 5 6 7 8 9 10
1 1 3 1 5 6 7 8 9 10
1 2 3 1 5 6 2 8 9 10
1 1 3 1 5 6 7 8 9 7
1 2 3 1 5 6 2 8 9 10
1 1 3 1 5 6 7 8 9 10
1 2 3 1 5 6 7 8 2 10
1 1 3 1 5 6 7 8 9 10
1 1 3 4 5 6 7 8 9 10
1 2 3 4 5 6 7 8 2 10
1 2 3 4 5 6 7 8 2 10
1 2 3 4 5 6 2 8 9 10
1 2 3 4 5 6 7 8 9 7
1 2 3 4 5 6 7 8 9 7
1 2 3 4 5 6 2 8 9 10
1 2 2 4 5 6 7 8 9 10
1 2 3 4 3 6 7 8 9 10
1 2 3 4 3 6 7 8 9 10
1 2 2 4 5 6 7 8 9 10
1 1 3 4 5 6 7 8 9 10
1 2 3 1 5 6 7 8 9 10
1 2 3 1 5 6 7 8 9 10
1 2 3 4 5 1 7 8 9 10
1 2 3 4 5 1 7 8 9 10
1 2 3 4 5 6 7 1 9 10
1 2 3 4 5 6 7 1 9 10
