37
1 1 1 4 5 6 7 8 9 10 11
1 2 1 2 5 6 7 8 9 10 11
1 1 1 4 4 6 7 8 9 10 11
1 2 1 2 5 6 7 8 9 10 11
1 1 1 4 5 4 7 8 9 10 11
1 2 1 2 5 6 6 8 9 10 11
1 1 1 4 5 4 7 8 7 10 11
1 2 1 2 5 6 6 8 9 10 11
1 1 1 4 5 4 7 8 9 10 11
1 2 1 2 5 6 7 6 9 10 11
1 1 1 4 5 4 7 8 9 8 11
1 2 1 2 5 6 7 6 9 10 10
1 1 1 4 5 4 7 8 9 8 11
1 2 1 2 5 6 7 6 9 10 11
1 1 1 4 5 4 7 8 9 10 11
1 2 1 2 5 6 7 8 9 10 11
1 1 1 4 5 6 7 8 9 10 11
1 1 3 4 5 6 7 8 9 10 11
1 2 3 2 5 6 7 8 9 10 11
1 2 3 4 5 4 7 8 9 10 11
1 2 3 4 5 6 7 6 9 10 11
1 2 3 4 5 6 7 8 9 8 11
1 2 3 4 5 6 7 8 9 10 10
1 2 3 4 5 6 7 8 9 10 10
1 2 3 4 5 6 7 8 9 8 11
1 2 3 4 5 6 7 6 9 10 11
1 2 3 4 5 6 6 8 9 10 11
1 2 3 4 5 6 7 8 7 10 11
1 2 3 4 5 6 7 8 7 10 11
1 2 3 4 5 6 6 8 9 10 11
1 2 3 4 5 4 7 8 9 10 11
1 2 3 4 4 6 7 8 9 10 11
1 2 3 4 4 6 7 8 9 10 11
1 2 3 2 5 6 7 8 9 10 11
1 1 3 4 5 6 7 8 9 10 11
1 2 1 4 5 6 7 8 9 10 11
1 2 1 4 5 6 7 8 9 10 11
