100 99
2 1
91 16
24 19
45 0
55 9
21 19
7 2
97 9
40 3
61 47
34 9
36 10
27 0
73 24
53 6
79 67
51 4
18 3
25 5
67 26
15 9
82 65
19 17
43 11
92 36
62 29
59 20
22 0
32 21
66 25
50 19
5 0
23 7
78 64
42 28
28 6
8 1
98 94
10 8
84 50
88 0
87 51
89 61
72 28
14 6
63 31
33 23
57 38
11 9
38 33
16 2
86 8
69 66
54 52
96 24
74 18
3 1
35 3
17 6
13 6
80 56
39 15
75 23
65 46
46 8
68 52
1 0
90 35
26 10
37 10
77 30
85 33
58 45
20 17
81 33
31 9
49 44
9 3
44 17
64 15
30 10
83 2
94 55
4 0
56 14
99 82
93 16
12 6
71 27
29 4
47 16
52 15
41 25
60 1
70 69
6 3
76 14
95 91
48 41
