100 99
65 64
90 89
96 95
29 28
61 60
50 49
95 93
37 36
42 40
45 43
94 93
16 15
8 7
67 66
54 52
15 13
38 37
77 76
1 0
89 88
39 37
21 20
63 62
49 48
58 56
53 51
10 9
46 44
9 7
20 19
70 69
73 71
56 54
57 56
24 23
48 46
60 58
83 82
6 4
34 33
12 11
19 18
82 81
23 21
55 53
41 39
18 17
91 89
14 12
26 25
64 62
76 75
44 43
99 97
3 2
81 80
92 90
84 83
71 69
66 64
52 51
40 39
32 31
5 3
59 57
35 33
30 29
74 73
28 27
51 49
72 71
88 86
86 85
78 77
97 96
2 0
93 92
25 24
27 25
69 68
4 3
79 78
43 42
7 5
47 45
62 60
85 84
75 74
68 66
31 29
11 9
17 15
87 86
13 12
80 78
36 35
33 31
98 96
22 21
