100 99
11 8
17 16
98 95
89 86
53 51
88 86
63 62
15 12
83 82
73 72
97 96
5 4
6 5
51 49
16 13
81 78
94 93
25 22
70 68
23 21
44 41
74 73
2 1
28 27
37 36
30 27
35 32
77 76
50 49
22 19
82 79
85 83
45 44
95 94
24 23
10 9
21 20
72 69
78 75
43 40
39 38
19 17
42 41
52 50
34 32
62 61
65 62
79 76
90 89
69 66
48 47
47 45
38 35
14 13
36 35
3 0
8 6
59 57
9 6
75 73
58 56
80 79
31 28
86 84
49 48
84 83
29 28
56 53
91 88
99 96
93 91
18 16
55 52
54 51
61 60
41 38
4 1
76 75
87 85
26 23
32 31
46 44
57 56
60 58
13 11
71 69
68 66
27 25
40 38
33 31
96 95
7 4
67 66
20 19
12 10
92 89
66 64
1 0
64 63
