100 99
82 47
37 20
37 44
37 86
37 56
99 58
80 13
56 39
37 93
37 64
3 73
53 32
91 75
97 78
37 30
59 90
15 22
37 52
37 79
25 4
37 71
37 3
37 51
12 2
37 91
37 34
37 38
37 36
37 40
95 67
37 28
14 83
42 26
37 14
37 9
37 42
34 74
37 72
1 81
86 7
98 87
29 17
37 31
92 62
79 45
37 59
31 50
20 96
69 24
37 97
37 82
37 18
51 54
46 60
37 23
37 98
36 57
37 12
65 33
37 88
38 11
37 15
37 1
37 27
37 65
37 61
37 48
37 69
23 6
77 85
37 19
19 10
30 41
61 43
18 5
40 16
44 84
21 35
71 89
37 76
37 92
9 63
27 8
64 66
37 80
37 21
76 70
37 25
93 49
37 29
37 77
37 53
37 46
88 55
37 95
37 99
48 0
52 68
72 94
