100 99
61 80
7 74
86 22
54 45
71 97
33 37
71 49
71 59
0 79
14 5
88 86
6 92
48 18
52 15
20 81
62 61
63 52
78 1
85 93
24 48
96 0
50 88
82 53
68 36
16 34
95 21
81 58
87 90
60 26
28 68
90 73
21 19
71 43
83 84
71 63
76 6
71 24
1 39
67 55
44 3
65 31
64 78
19 83
32 65
35 47
89 38
37 25
94 41
43 62
5 46
71 72
79 2
4 54
12 11
30 23
17 10
10 33
98 9
80 13
22 57
91 98
74 77
69 30
36 69
34 51
42 29
15 32
66 28
59 56
97 64
53 96
8 35
26 94
45 76
2 40
77 75
56 27
71 17
25 95
49 50
57 60
70 87
93 4
27 91
71 44
13 67
39 99
99 8
9 70
51 7
75 14
40 89
18 66
55 20
71 16
3 85
31 12
72 82
11 42
