100 99
8 3
47 1
50 49
4 1
89 88
84 83
68 67
34 19
40 35
77 76
12 6
52 51
71 70
66 65
97 96
33 1
53 52
83 82
51 50
79 78
43 7
91 90
92 91
62 61
49 28
31 9
96 95
42 0
82 81
36 34
5 2
58 57
15 5
72 71
29 25
54 53
93 92
95 94
59 58
76 75
65 64
55 54
74 73
2 1
18 11
27 0
14 10
13 10
69 68
39 0
85 84
81 80
78 77
35 3
17 7
16 2
44 42
46 38
37 0
6 0
99 98
56 55
28 10
75 74
87 86
20 16
60 59
1 0
38 17
3 1
70 69
41 28
80 79
57 56
10 0
45 40
32 13
23 8
30 25
86 85
73 72
61 60
21 5
11 6
63 62
22 8
88 87
48 33
25 14
26 18
24 3
64 63
9 2
67 66
7 3
94 93
90 89
98 97
19 15
