100 99
79 78
39 33
3 1
23 19
2 0
31 23
26 18
33 24
86 85
25 20
83 82
1 0
60 59
14 10
29 25
17 8
7 5
68 67
34 28
58 57
84 83
48 46
90 89
54 53
12 3
50 49
9 1
64 63
24 18
95 94
41 34
99 98
97 96
4 2
87 86
10 9
56 55
51 50
5 1
11 8
65 64
98 97
52 51
16 14
37 31
80 79
67 66
8 4
42 32
93 92
73 72
15 6
82 81
91 90
21 19
85 84
57 56
59 58
40 31
92 91
70 69
38 35
69 68
53 52
72 71
88 87
27 24
76 75
77 76
18 16
19 18
78 77
44 38
63 62
66 65
81 80
32 26
47 41
20 19
30 27
61 60
62 61
13 4
36 29
94 93
22 15
45 37
74 73
46 42
6 1
28 23
55 54
89 88
49 40
43 33
75 74
96 95
71 70
35 30
