100 99
99 98
74 73
40 38
38 37
80 79
48 46
29 26
3 1
37 34
17 15
62 61
30 27
81 80
8 6
45 42
76 75
88 87
32 30
31 29
75 74
34 33
83 82
16 14
14 11
73 72
96 95
12 11
95 94
68 67
67 66
26 25
2 1
19 18
49 47
20 17
85 84
57 56
28 26
63 62
64 63
10 8
71 70
13 10
69 68
53 52
35 32
33 31
55 54
46 43
54 53
27 24
4 1
79 78
77 76
7 4
59 58
25 23
44 41
70 69
43 41
93 92
89 88
1 0
82 81
9 6
61 60
22 21
39 38
47 46
86 85
51 50
65 64
50 49
52 51
58 57
42 41
87 86
94 93
66 65
18 16
98 97
90 89
92 91
78 77
60 59
41 38
15 12
6 3
97 96
72 71
84 83
56 55
36 34
21 20
24 21
11 10
5 4
23 20
91 90
