100 99
38 39
9 10
96 45
57 8
35 36
54 32
85 50
8 9
84 46
97 35
32 33
74 4
22 23
18 19
39 40
75 17
12 13
66 37
63 27
11 12
42 43
25 26
29 30
21 22
49 50
6 7
95 32
82 50
89 19
4 5
16 17
93 50
70 22
53 26
81 41
68 27
94 21
41 42
15 16
17 18
72 2
60 48
47 48
28 29
19 20
99 6
13 14
88 50
64 44
34 35
30 31
10 11
69 40
0 1
1 2
48 49
71 23
62 27
44 45
92 0
52 17
61 26
14 15
91 13
3 4
27 28
37 38
83 17
23 24
33 34
59 16
76 50
31 32
26 27
87 6
45 46
7 8
40 41
58 27
2 3
5 6
46 47
80 29
51 8
78 0
55 11
67 32
98 11
73 8
56 4
90 49
24 25
43 44
65 13
20 21
86 34
36 37
77 44
79 35
