100 99
34 35
10 11
86 0
69 0
24 25
78 0
92 0
19 20
30 31
20 21
25 26
45 46
81 0
32 33
51 0
61 0
90 0
41 42
4 5
57 0
64 0
23 24
8 9
98 0
53 0
42 43
76 0
0 1
21 22
56 0
22 23
43 44
89 0
5 6
9 10
70 0
74 0
37 38
14 15
65 0
71 0
1 2
39 40
44 45
91 0
46 47
49 50
29 30
83 0
48 49
13 14
36 37
58 0
2 3
15 16
85 0
35 36
59 0
88 0
99 0
38 39
80 0
11 12
82 0
79 0
18 19
63 0
55 0
3 4
28 29
96 0
72 0
6 7
97 0
12 13
33 34
54 0
66 0
52 0
75 0
7 8
77 0
17 18
40 41
68 0
47 48
93 0
31 32
26 27
60 0
87 0
67 0
95 0
84 0
73 0
94 0
16 17
62 0
27 28
