100 99
73 30
96 30
72 30
31 0
46 0
82 30
6 7
65 30
79 30
97 30
88 30
91 30
44 0
85 30
60 0
33 0
27 28
57 0
83 30
1 2
43 0
24 25
16 17
38 0
49 0
15 16
48 0
10 11
55 0
17 18
81 30
76 30
54 0
39 0
26 27
68 30
95 30
78 30
71 30
84 30
42 0
20 21
86 30
70 30
47 0
56 0
21 22
63 0
36 0
14 15
34 0
7 8
53 0
74 30
61 0
28 29
94 30
37 0
5 6
18 19
45 0
77 30
64 0
58 0
29 30
25 26
51 0
35 0
12 13
80 30
8 9
89 30
11 12
99 30
93 30
90 30
4 5
0 1
69 30
3 4
52 0
40 0
98 30
32 0
19 20
9 10
50 0
67 30
41 0
23 24
66 30
22 23
2 3
13 14
92 30
75 30
87 30
59 0
62 0
