100 99
14 15
87 48
58 40
72 30
79 33
98 45
80 24
60 4
82 0
25 26
42 43
85 4
23 24
48 49
47 48
16 17
92 1
95 38
11 12
70 34
10 11
28 29
78 9
8 9
59 37
76 14
68 45
31 32
86 10
45 46
66 14
6 7
61 38
0 1
19 20
73 25
89 2
32 33
90 19
71 35
21 22
37 38
24 25
93 17
39 40
84 49
2 3
7 8
83 42
67 12
18 19
1 2
9 10
26 27
63 30
52 37
22 23
5 6
62 0
40 41
99 50
30 31
91 49
15 16
36 37
34 35
88 37
13 14
41 42
20 21
35 36
3 4
43 44
29 30
77 40
53 34
75 9
69 30
44 45
96 46
49 50
65 35
54 8
38 39
81 47
56 38
33 34
27 28
64 16
97 24
4 5
12 13
46 47
17 18
57 30
74 40
94 30
51 15
55 23
