100 99
96 94
89 87
74 73
64 62
33 31
21 19
42 41
45 44
12 11
50 48
77 76
58 57
84 83
93 92
97 95
6 4
32 30
9 7
52 51
53 52
38 36
3 2
43 42
94 93
27 26
15 13
60 59
28 27
82 80
95 94
16 14
68 67
85 83
72 70
44 43
25 23
73 72
55 54
81 80
40 39
78 77
47 45
35 34
10 8
79 78
75 73
61 59
57 55
39 37
22 21
8 6
86 84
29 27
14 12
5 3
13 12
4 2
62 61
70 69
31 30
67 66
80 79
26 24
65 63
51 50
59 57
7 6
66 65
17 16
41 40
48 46
69 68
92 90
19 17
1 0
37 35
34 32
24 22
76 74
63 62
2 0
83 82
90 89
87 86
23 21
11 9
20 18
30 28
49 47
88 86
46 45
54 53
91 89
98 97
99 98
56 54
18 16
36 34
71 69
