100 99
22 45
25 51
9 19
23 48
38 77
37 75
14 29
29 59
39 79
25 52
27 55
33 68
8 17
15 31
36 74
21 44
0 1
5 11
17 35
35 71
36 73
32 66
7 16
5 12
18 37
39 80
3 8
43 87
21 43
40 82
45 92
35 72
10 21
11 23
16 34
18 38
13 27
15 32
41 84
31 63
20 41
12 25
28 57
32 65
7 15
3 7
20 42
2 5
42 85
31 64
0 2
19 39
17 36
1 3
44 89
30 62
10 22
33 67
41 83
48 97
46 94
47 95
28 58
6 13
12 26
13 28
34 70
29 60
2 6
49 99
9 20
24 50
14 30
11 24
40 81
26 53
26 54
42 86
16 33
4 9
47 96
45 91
34 69
43 88
19 40
23 47
24 49
27 56
37 76
4 10
46 93
38 78
22 46
48 98
1 4
30 61
44 90
6 14
8 18
