100 99
52 15
41 6
94 2
31 25
45 15
86 25
68 16
80 0
25 23
42 21
53 20
57 24
88 22
6 0
62 16
98 16
32 1
23 4
84 25
38 16
55 12
3 0
39 19
87 9
56 10
30 9
36 17
73 20
64 10
54 24
35 16
20 7
22 16
37 12
99 0
66 19
58 16
34 13
10 8
91 3
95 23
75 2
7 0
15 2
26 18
70 14
9 4
67 3
65 17
85 11
13 3
93 14
81 3
49 0
92 7
51 19
48 10
78 19
89 13
46 2
61 1
11 9
71 25
5 4
79 2
47 2
2 1
69 14
14 7
90 18
50 2
4 0
18 1
74 5
33 12
1 0
82 24
77 24
96 22
97 16
29 9
8 1
27 22
12 5
24 17
83 23
17 0
21 5
19 1
40 0
63 2
76 16
44 1
72 22
60 21
43 9
28 13
16 3
59 15
