100 99
35 36
79 80
95 96
26 27
88 89
86 87
25 26
59 60
80 81
15 16
82 83
64 65
12 13
45 46
96 97
14 15
2 3
39 40
41 42
91 92
3 4
71 72
20 21
4 5
28 29
87 88
32 33
38 39
67 68
11 12
84 85
74 75
81 82
65 66
53 54
70 71
57 58
66 67
98 17
18 19
13 14
43 44
75 76
55 56
19 20
22 23
6 7
37 38
94 95
63 64
69 70
29 30
31 32
21 22
76 77
92 93
99 87
7 8
36 37
54 55
30 31
0 1
44 45
83 84
42 43
40 41
51 52
89 90
16 17
46 47
47 48
58 59
10 11
90 91
50 51
5 6
49 50
60 61
85 86
17 18
62 63
52 53
34 35
56 57
24 25
27 28
73 74
9 10
48 49
68 69
8 9
77 78
1 2
72 73
61 62
33 34
78 79
93 94
23 24
