100 99
51 52
31 32
52 53
72 64
9 10
4 5
6 7
14 15
48 49
3 4
19 20
2 3
80 44
38 39
62 58
1 2
58 59
22 23
90 22
61 46
8 9
17 18
42 43
25 26
96 29
39 40
43 44
67 19
75 65
91 4
74 7
78 6
69 67
70 5
86 50
98 49
36 37
71 69
79 6
81 8
56 57
89 68
28 29
0 1
47 48
10 11
11 12
50 51
46 47
23 24
15 16
24 25
73 6
64 26
54 55
68 47
37 38
76 46
93 67
26 27
7 8
94 82
97 7
30 31
65 20
18 19
34 35
41 42
49 50
13 14
33 34
55 56
12 13
16 17
84 80
60 19
85 46
21 22
20 21
77 45
40 41
53 54
45 46
5 6
88 69
87 32
32 33
92 25
82 37
27 28
83 54
63 36
95 10
29 30
35 36
99 44
57 58
66 14
44 45
