15699105
66445185
14812116
48216602
64123702
20522122
24251399
36214867
20957518
33003286
34454034
16969014
62513317
51164004
48822140
3447706
30712903
69556358
20808937
48266623
13352566
1695281
62510882
14837866
60866692
60477330
28191226
60842919
57514853
18329053
25646615
42765328
21858019
64692554
60890352
16544719
61722945
2513509
41112775
24197701
75141232
75416521
55626557
1592842
15482288
25872787
32115158
29905009
29717243
66059560
833329
59945300
13387558
288960
31390267
56486581
53090872
54098261
35009154
50401462
25322359
113645
62479588
26103840
62219134
69159299
74543273
31610856
226665
20908495
37070399
63919688
19197995
46752838
10352115
69876292
54126903
18288591
47190797
16099011
13694334
14581138
11553960
44385461
1846963
60376411
66371400
68817608
19655132
650392
27648583
1588057
58388396
9963798
23445992
74158175
47871567
59783403
44132000
42727466
