30 435
5 6
8 11
3 26
8 29
10 22
6 20
18 22
23 27
13 18
2 26
21 25
11 15
25 28
2 22
18 20
3 13
10 19
6 29
10 15
0 13
7 22
13 28
9 16
2 28
6 16
3 17
6 14
4 8
16 17
9 22
22 24
26 29
14 28
19 29
28 29
4 28
13 23
12 19
1 2
5 10
1 6
2 4
25 27
4 22
9 26
16 23
5 16
6 11
0 17
16 27
0 7
15 26
2 16
8 12
1 25
3 24
18 25
11 19
13 14
23 29
11 24
9 27
6 19
1 29
13 19
18 28
16 29
17 23
11 28
26 27
10 12
24 29
18 27
9 15
16 24
5 13
13 24
19 23
5 21
12 17
15 22
18 29
6 7
10 25
5 27
6 23
15 19
7 11
16 25
20 21
7 14
10 24
1 16
8 26
5 12
3 21
1 20
3 29
11 27
9 13
1 27
10 23
7 19
1 19
1 13
0 27
20 27
7 26
12 14
0 14
6 22
4 26
8 14
8 22
18 19
10 13
8 20
14 21
20 25
18 24
17 18
0 20
21 27
6 12
24 28
1 26
5 17
6 26
6 15
5 20
0 4
6 10
0 1
17 21
4 5
20 29
4 25
5 26
4 21
15 18
14 16
12 13
24 26
5 15
7 17
15 17
22 28
3 28
0 28
0 2
11 14
25 26
5 23
4 15
12 27
24 27
7 18
13 21
1 12
13 20
18 23
13 26
5 8
5 22
3 6
6 21
3 27
14 24
27 29
22 25
15 16
6 27
3 12
1 9
1 28
15 23
17 29
9 20
19 26
7 25
7 29
10 20
14 23
5 24
1 22
8 17
2 15
5 9
1 3
16 22
11 13
2 11
4 17
8 19
4 16
6 8
4 9
0 23
5 11
6 9
17 26
11 22
3 22
8 23
2 21
23 25
17 20
17 25
14 15
9 10
21 23
10 29
3 20
22 23
14 20
0 29
7 23
12 25
26 28
0 3
15 21
13 29
8 18
13 16
11 12
2 17
17 22
11 16
14 27
19 22
11 23
0 12
8 21
23 28
0 6
8 9
14 19
11 29
12 22
12 29
16 21
6 18
13 27
17 19
13 17
3 4
9 21
20 26
11 25
19 28
1 17
5 28
3 8
6 13
12 16
10 21
4 24
2 9
15 25
5 29
3 7
9 17
8 16
2 12
9 18
2 27
0 19
7 28
8 10
10 16
4 20
0 11
0 9
0 24
9 29
5 14
9 25
1 5
10 11
19 24
19 25
2 6
0 15
1 4
3 18
4 7
4 29
0 21
24 25
2 10
11 20
12 15
19 20
7 9
3 15
27 28
18 21
6 28
3 9
15 28
9 24
7 10
6 17
19 21
7 20
1 21
6 24
17 28
25 29
20 24
1 8
2 7
0 22
10 18
8 27
11 18
13 25
2 13
10 28
3 11
7 13
5 7
2 29
6 25
7 27
11 26
22 27
15 29
0 26
2 25
2 24
7 16
0 16
2 5
21 28
22 29
20 23
1 10
2 14
12 20
0 10
8 15
1 14
4 18
2 8
0 5
13 22
9 23
1 18
15 20
1 24
10 27
5 19
22 26
17 24
8 25
17 27
8 13
3 5
19 27
4 6
10 17
7 12
7 21
3 25
2 20
2 18
2 3
21 24
3 16
16 18
12 18
0 8
7 15
23 24
9 14
8 24
3 10
12 28
14 17
10 14
3 19
1 15
13 15
0 18
11 21
4 19
2 23
16 28
7 8
4 14
15 24
4 11
4 12
0 25
18 26
3 14
9 11
14 18
9 28
4 23
9 19
16 19
21 26
11 17
1 23
14 25
12 24
14 29
20 28
4 27
14 22
8 28
14 26
23 26
4 13
12 21
20 22
12 26
16 26
7 24
4 10
21 29
1 7
5 18
1 11
15 27
2 19
21 22
3 23
5 25
12 23
16 20
9 12
10 26
