40 780
21 24
11 32
12 27
19 20
3 35
25 35
32 35
27 33
0 24
1 3
1 29
14 25
8 30
24 31
14 32
7 12
5 31
28 35
7 10
18 24
13 32
1 26
3 4
10 30
14 38
22 24
9 31
5 10
17 32
2 34
28 39
3 38
13 34
6 10
0 6
9 25
11 14
13 20
10 20
18 28
6 33
34 35
29 33
16 39
4 38
3 24
20 29
17 18
33 36
13 37
24 27
12 33
5 29
1 24
15 25
7 19
3 11
13 28
18 32
26 38
6 14
14 35
17 21
12 25
28 31
11 35
4 10
14 21
7 24
14 29
17 26
24 26
21 34
1 17
19 37
11 37
4 28
4 13
1 36
16 35
28 34
15 22
25 30
14 17
35 38
0 34
5 12
4 36
0 4
25 38
1 4
12 14
11 17
1 5
27 35
13 24
3 20
1 12
28 38
7 22
16 28
17 25
31 39
8 27
33 38
30 31
24 25
36 39
31 35
18 31
15 37
29 38
18 39
3 21
26 35
22 32
2 21
14 22
27 37
6 18
7 37
11 25
22 34
4 34
12 18
16 37
6 37
1 19
1 7
5 33
24 33
4 27
4 31
4 7
8 25
16 17
0 36
2 16
14 39
29 30
20 36
8 20
26 36
16 27
11 13
23 33
33 35
13 14
9 15
23 29
4 33
15 36
8 37
12 22
15 27
11 16
20 35
6 8
15 33
5 37
9 17
18 38
18 19
9 32
26 31
6 34
13 21
1 39
10 33
8 18
5 25
16 20
4 22
14 30
4 14
19 33
16 26
16 19
3 7
21 39
13 16
26 28
7 29
6 26
24 32
10 21
12 20
27 30
32 36
2 10
7 15
16 36
29 39
24 37
16 32
6 28
13 18
15 17
2 12
6 30
3 14
3 31
2 28
9 16
1 18
11 19
5 13
0 11
6 36
17 34
9 22
2 17
18 35
4 6
7 17
24 39
11 12
24 34
2 32
7 31
0 31
31 36
15 31
35 39
23 30
1 2
4 25
14 28
3 22
11 28
30 34
23 32
20 27
6 16
9 21
3 26
4 29
14 23
37 38
0 12
1 13
15 38
11 21
8 12
22 25
7 9
5 24
23 26
34 36
20 26
15 28
26 34
20 28
10 34
29 37
33 37
23 34
10 17
2 30
17 22
22 36
31 32
19 27
0 17
2 36
33 39
17 29
11 24
1 37
5 20
3 5
7 14
13 39
23 28
21 23
28 36
34 37
8 23
14 20
22 30
23 35
2 4
27 36
9 35
18 22
7 16
12 31
23 37
4 8
13 35
1 31
25 37
9 27
5 21
9 33
12 21
3 39
10 23
19 38
15 21
30 33
5 32
7 25
12 24
19 21
14 33
21 28
15 35
4 26
22 27
8 36
20 24
14 26
7 28
10 27
10 28
1 16
26 29
7 11
6 23
5 16
26 37
6 27
11 15
32 34
4 39
19 26
30 39
10 37
14 18
5 8
0 10
21 32
19 25
12 16
0 29
1 35
13 31
26 33
11 20
16 18
10 25
11 31
24 28
28 30
23 27
1 32
28 33
2 24
25 31
21 22
30 38
8 38
10 19
10 13
29 31
19 31
25 26
8 31
32 38
20 34
25 39
9 13
1 30
14 19
12 29
2 29
13 15
15 26
2 11
27 38
35 37
32 39
30 32
8 26
10 16
16 23
20 23
5 17
17 20
17 19
3 19
0 27
9 39
10 15
18 26
23 25
4 11
11 18
1 34
9 26
11 29
5 27
17 27
17 33
7 18
0 13
3 28
4 12
22 31
5 26
18 29
11 22
12 38
36 38
15 19
1 20
5 6
14 24
25 28
13 19
4 21
7 30
6 22
20 37
1 33
9 18
2 6
17 23
12 17
2 38
3 29
11 34
17 35
8 34
18 30
15 24
25 33
17 30
37 39
14 31
8 32
26 27
29 34
10 36
5 39
3 16
10 26
20 22
2 18
20 38
36 37
31 34
6 11
33 34
10 31
28 37
31 33
31 37
18 23
9 37
13 33
12 36
9 19
17 37
5 36
4 19
6 38
24 38
4 15
0 7
23 31
10 35
9 36
11 23
3 13
14 27
8 11
3 17
5 35
12 35
22 29
18 25
11 33
9 29
7 32
1 9
9 30
14 16
3 33
15 29
4 30
5 18
24 30
4 20
29 32
14 36
18 27
15 32
3 12
14 15
26 30
22 33
2 22
12 13
0 18
2 27
21 36
14 34
25 27
5 30
11 26
2 15
20 31
6 21
22 39
24 35
5 14
19 35
21 29
2 26
16 33
8 24
15 30
21 27
21 26
13 36
12 37
5 34
19 36
26 32
0 8
19 39
2 9
21 33
10 12
29 36
3 23
17 24
2 39
0 22
9 12
3 32
5 19
4 23
1 38
25 36
2 35
23 24
10 14
6 7
7 23
16 34
1 8
32 37
0 19
7 8
3 9
10 38
1 22
4 37
6 25
3 27
21 25
25 29
5 28
16 21
2 19
6 39
23 36
6 31
30 35
3 18
10 32
5 38
9 24
8 16
13 26
27 29
5 22
2 14
18 36
8 33
18 34
2 23
3 34
0 15
0 35
11 39
27 34
0 21
6 15
24 36
27 31
1 21
11 38
6 9
10 18
6 13
8 13
27 39
7 26
13 17
26 39
20 30
1 25
25 32
30 37
15 18
2 8
27 28
22 23
19 24
10 24
5 7
12 23
11 36
6 29
7 21
0 39
34 38
4 17
6 19
34 39
0 2
13 38
21 35
19 22
5 11
30 36
0 28
2 25
6 24
5 23
27 32
0 33
1 10
0 23
10 11
0 9
9 11
19 29
3 30
21 38
11 27
6 35
16 31
9 28
19 32
23 38
2 33
6 17
11 30
7 35
8 35
0 26
17 28
4 5
0 14
0 30
10 22
8 29
9 23
2 20
1 28
9 20
3 25
15 20
16 25
0 3
3 36
8 9
4 24
21 30
9 34
2 3
8 15
22 28
20 33
15 39
16 29
8 28
19 34
13 25
12 26
0 37
1 11
20 25
2 7
4 9
8 39
28 32
8 17
17 31
0 16
17 38
18 21
3 6
0 1
2 13
20 39
18 33
25 34
9 14
15 34
13 23
12 32
32 33
22 38
12 30
6 32
2 31
8 19
13 22
12 28
12 34
0 20
14 37
8 14
22 35
24 29
8 22
6 12
4 35
1 6
7 27
18 37
29 35
5 9
0 5
7 38
20 21
13 27
8 10
19 28
3 37
0 32
10 39
9 10
8 21
19 23
15 16
2 37
7 39
10 29
35 36
13 30
12 39
23 39
16 30
6 20
1 27
9 38
16 22
2 5
0 38
19 30
16 38
12 15
22 26
17 39
4 16
7 36
7 33
7 20
38 39
7 34
20 32
1 14
15 23
3 10
21 31
22 37
5 15
7 13
1 23
31 38
12 19
13 29
3 8
0 25
21 37
3 15
4 32
28 29
17 36
1 15
18 20
16 24
4 18
