50 1225
6 10
14 36
0 34
7 23
22 31
18 34
2 19
13 21
0 46
0 11
2 43
2 11
13 20
13 19
7 39
35 37
9 17
31 38
13 40
7 28
2 41
20 46
25 36
12 39
1 37
21 42
33 48
10 24
13 26
26 37
0 47
17 19
1 28
28 40
15 40
11 22
10 19
24 28
12 28
19 40
6 12
13 48
20 37
11 46
8 19
5 24
16 28
15 47
31 34
11 21
28 33
14 18
5 16
37 48
32 46
11 47
4 43
1 47
26 30
31 44
12 34
15 44
32 36
8 27
6 30
13 49
3 46
10 43
3 16
11 14
23 37
22 43
32 42
6 47
12 25
3 28
21 31
20 41
17 35
4 22
30 45
21 32
31 36
17 43
22 28
9 36
2 16
6 45
0 24
26 46
42 44
41 49
14 19
6 25
44 46
12 22
1 3
27 31
0 43
9 46
28 49
6 34
12 38
19 33
7 19
36 39
9 15
18 32
43 45
1 11
1 2
14 39
29 45
14 40
21 27
12 16
19 37
29 34
2 39
7 8
15 48
5 40
10 34
14 45
2 7
0 9
21 29
11 33
12 27
5 23
5 35
17 33
21 40
5 33
18 36
5 45
4 28
0 42
10 30
7 24
20 48
12 18
43 48
29 32
4 34
38 43
32 38
15 16
29 33
21 49
9 27
3 38
24 38
10 45
22 45
5 25
9 38
8 40
20 23
6 41
46 48
19 24
7 35
7 40
0 23
25 28
13 15
0 19
31 40
11 49
9 37
30 41
20 49
0 16
16 45
39 46
26 28
32 39
14 34
10 46
17 24
26 33
30 42
0 22
9 49
8 29
2 6
9 28
18 30
3 31
2 21
11 20
22 48
20 21
36 41
3 30
2 18
0 32
9 40
39 45
19 35
1 32
20 27
14 49
36 49
34 37
10 18
1 23
7 43
5 12
7 20
11 15
4 12
37 38
21 23
38 42
9 18
20 39
5 44
2 14
18 26
2 3
39 49
12 48
1 5
45 46
19 30
26 47
26 48
3 22
4 35
37 41
14 37
22 42
10 35
0 2
29 43
12 17
0 38
11 29
15 34
28 37
0 41
20 22
32 37
25 35
29 42
2 30
16 36
47 48
35 46
12 19
5 47
7 12
18 28
18 20
2 38
22 35
21 34
23 46
41 45
27 30
5 9
14 46
5 13
29 30
36 40
33 35
16 21
5 14
9 21
1 12
31 42
1 30
23 47
13 45
43 46
26 49
10 33
10 17
9 41
0 31
7 44
24 46
21 37
9 24
2 29
3 25
2 47
31 47
5 36
33 41
16 46
21 35
14 35
25 39
22 46
5 20
20 31
19 41
0 26
19 45
3 13
14 25
7 18
13 32
4 48
7 29
0 8
14 26
15 28
35 40
23 25
11 25
13 37
27 49
19 38
7 31
28 36
17 29
13 38
30 34
4 42
1 39
0 28
18 39
14 47
6 32
13 43
30 48
7 34
16 34
33 36
13 33
1 31
36 37
15 19
3 39
40 43
22 30
33 34
1 15
21 28
38 48
6 42
11 39
8 22
12 26
26 41
35 47
11 37
2 42
33 47
23 32
3 44
27 48
0 36
4 25
11 23
2 49
17 18
0 39
6 11
16 49
24 43
9 39
8 33
32 48
16 31
22 25
21 41
25 27
29 38
24 27
9 13
4 33
37 43
18 31
0 45
1 35
8 49
5 10
14 44
11 28
3 27
8 45
19 20
14 16
2 33
25 26
5 41
4 15
34 49
24 30
16 48
23 26
5 30
6 46
4 39
35 41
11 43
36 45
36 47
21 43
7 21
19 25
29 31
4 10
12 41
26 42
13 22
18 22
17 28
17 30
35 36
15 38
16 47
20 32
15 39
23 44
20 26
14 32
11 18
8 11
38 46
5 37
11 48
27 38
5 21
6 20
41 42
41 47
7 32
20 47
25 44
11 35
10 22
35 42
0 40
0 1
31 33
17 34
2 9
33 38
31 37
3 7
27 36
20 34
11 41
4 46
6 29
14 43
22 24
11 24
12 13
25 47
9 25
24 26
42 46
8 41
5 48
7 22
1 44
1 48
15 33
36 44
28 31
21 24
7 27
33 46
10 36
22 26
14 41
20 44
18 44
1 43
20 28
12 47
24 33
19 48
7 10
2 24
4 41
19 21
18 27
5 29
0 13
4 19
22 49
13 34
5 17
43 47
17 40
36 46
27 28
8 9
1 21
39 41
1 49
2 31
9 45
9 12
10 12
24 35
10 32
6 35
6 27
8 24
31 48
2 27
12 14
17 46
20 38
8 28
5 22
9 14
36 48
24 36
16 25
39 48
27 37
38 44
33 40
8 14
4 6
15 46
19 22
17 44
21 44
0 4
7 25
20 40
5 27
2 4
7 38
22 36
18 19
4 38
29 35
4 14
18 38
28 44
21 36
35 44
20 30
18 45
35 45
17 32
27 43
32 41
4 7
14 21
4 16
35 49
33 44
22 23
3 43
44 45
27 47
37 45
8 16
14 28
2 23
4 27
6 7
24 34
24 25
32 49
9 30
26 29
3 37
12 23
37 44
8 25
36 42
28 39
18 42
34 38
27 40
3 21
6 48
3 9
17 48
1 6
1 18
7 30
0 25
13 47
23 31
3 34
11 38
5 34
8 21
13 35
22 32
12 29
32 47
5 28
1 42
20 24
15 35
15 23
7 17
39 40
29 48
28 32
16 27
16 24
14 48
13 18
8 31
37 49
10 25
46 49
26 27
23 40
31 45
45 47
3 6
6 37
12 42
11 26
21 48
34 45
34 42
8 35
19 39
7 46
28 48
4 20
17 41
23 30
0 30
1 41
10 28
13 29
1 45
3 33
10 21
23 48
8 43
35 48
25 38
0 6
9 32
40 47
5 7
26 40
18 21
8 36
24 48
22 44
23 28
1 33
44 48
10 11
0 21
18 47
15 45
31 39
19 32
17 42
37 40
17 37
9 44
34 46
45 49
30 36
0 33
16 23
29 44
18 23
2 25
4 45
20 35
15 42
17 49
5 26
4 23
42 48
29 37
12 24
27 41
24 39
17 26
11 12
15 17
39 42
6 13
16 43
13 42
4 31
30 46
11 42
6 36
19 36
20 36
27 44
6 49
11 17
18 40
13 14
3 18
15 26
9 20
14 30
7 45
6 26
21 30
8 18
7 14
15 21
9 42
23 29
5 32
9 22
30 33
28 47
19 42
16 38
5 42
25 30
20 25
23 39
40 42
0 14
13 23
3 42
27 34
10 16
0 3
24 41
18 33
4 37
7 15
1 36
25 48
0 27
23 27
22 29
22 39
41 48
9 11
4 5
18 24
20 43
1 34
6 19
16 26
2 10
24 44
41 44
30 31
21 45
9 19
12 20
8 44
33 39
19 23
6 14
11 36
6 31
43 44
6 40
13 46
1 4
39 47
24 37
8 37
11 30
5 31
1 8
29 46
15 22
15 29
9 31
10 29
2 17
33 49
3 23
22 41
22 47
4 17
28 35
5 19
17 36
3 49
17 25
16 20
26 32
27 42
7 42
35 43
28 38
1 46
34 48
10 44
6 18
32 40
42 45
11 34
30 44
20 33
35 39
14 27
0 7
10 49
24 42
30 35
12 30
10 20
40 46
23 45
24 40
12 32
1 25
18 37
24 29
3 11
38 47
17 39
7 33
9 47
34 36
19 26
41 43
42 49
11 27
21 26
25 40
23 42
8 15
3 4
14 15
13 27
9 16
33 43
15 41
27 29
0 37
10 42
3 24
15 36
6 21
2 36
3 40
9 48
0 29
42 47
21 39
23 49
2 28
10 27
3 14
1 7
9 23
25 34
3 48
20 42
14 42
2 46
4 47
27 35
16 29
25 31
13 25
31 46
20 45
28 45
5 11
26 35
18 46
28 30
4 18
9 10
25 46
11 16
26 31
2 44
21 33
8 39
43 49
5 6
6 28
19 44
34 47
8 10
30 49
30 43
38 45
1 24
2 12
12 45
8 34
4 13
40 48
4 36
17 27
25 45
0 44
3 36
17 22
25 42
16 42
26 34
17 20
21 38
4 40
30 47
4 9
7 37
1 19
4 29
29 47
6 44
3 15
11 31
0 15
10 37
13 36
10 41
1 20
36 38
14 20
20 29
24 49
1 27
32 35
3 41
2 37
4 24
19 34
9 33
6 39
10 13
18 48
17 47
2 13
44 49
3 5
5 39
12 37
10 15
27 39
14 17
17 45
26 45
1 9
24 45
4 8
13 16
10 48
15 30
22 38
26 36
3 20
15 18
10 14
15 37
16 33
7 36
21 25
24 32
25 33
34 44
4 49
5 18
28 43
24 31
37 42
7 49
12 44
23 43
21 47
6 8
23 35
33 37
38 39
23 38
22 27
27 45
13 24
34 43
5 46
7 26
5 15
26 43
0 12
0 5
34 40
2 35
38 40
2 8
13 41
19 43
11 32
12 15
27 32
0 10
42 43
30 32
10 26
15 32
25 49
1 38
4 30
8 17
13 30
22 33
1 22
33 45
23 41
18 25
6 16
6 15
16 44
26 38
16 41
6 43
32 45
16 35
28 34
5 38
8 32
14 38
30 40
5 43
29 40
16 22
26 39
34 41
16 40
8 26
19 49
18 29
17 21
2 20
7 13
6 23
14 23
27 33
46 47
1 26
12 33
34 39
29 39
11 13
15 25
16 18
23 33
16 39
18 35
24 47
3 35
12 49
0 20
1 10
4 26
16 30
0 48
11 40
9 35
21 22
10 47
29 36
9 43
6 38
3 32
40 45
16 19
13 39
28 42
39 43
22 37
7 48
2 15
23 34
8 13
19 31
1 40
6 33
0 17
37 39
21 46
28 41
12 36
8 47
12 35
3 29
3 26
40 49
7 9
13 28
14 24
6 22
17 31
11 44
38 49
14 22
0 49
1 14
14 31
12 40
40 41
22 40
26 44
27 46
9 29
44 47
35 38
2 26
10 23
8 38
16 37
25 41
1 17
23 36
1 29
6 9
16 17
15 31
13 17
10 39
37 47
8 46
14 29
2 5
19 46
15 43
15 49
37 46
8 23
12 46
28 46
3 19
7 41
11 45
48 49
8 30
30 37
13 31
2 40
1 16
31 32
18 41
9 34
8 12
18 43
32 43
11 19
18 49
15 24
3 45
8 20
47 49
36 43
28 29
13 44
10 38
3 47
39 44
6 17
31 35
17 23
8 42
12 43
14 33
0 18
4 21
2 22
4 44
6 24
23 24
29 49
29 41
16 32
41 46
5 8
25 43
2 34
4 32
45 48
22 34
38 41
8 48
19 28
30 38
10 31
9 26
34 35
1 13
19 29
19 27
32 34
25 37
10 40
7 47
31 49
7 16
2 32
31 41
15 27
40 44
4 11
15 20
3 17
2 48
32 33
7 11
0 35
25 32
32 44
3 8
3 12
19 47
33 42
5 49
3 10
2 45
12 31
31 43
12 21
17 38
30 39
25 29
