100 4950
24 39
27 46
11 71
57 65
3 8
84 97
74 87
17 49
12 72
1 4
22 83
29 42
28 65
39 89
29 92
26 78
45 53
18 44
33 43
14 98
50 66
21 95
32 67
21 33
21 80
59 77
70 85
13 16
0 41
31 65
51 80
22 80
30 79
55 75
54 82
29 57
72 97
31 85
86 87
60 90
1 17
65 81
13 15
44 71
58 88
65 87
8 31
77 99
4 44
29 43
16 69
48 49
28 98
61 85
29 49
61 97
25 92
17 46
29 52
72 89
6 66
5 45
65 68
22 98
5 42
16 85
1 51
19 64
42 79
30 63
0 76
2 59
36 59
1 47
26 40
37 66
50 77
48 51
31 78
22 75
82 97
28 60
43 54
61 83
11 54
11 30
37 57
59 70
17 97
63 99
18 82
60 94
30 61
24 84
16 81
20 70
41 50
42 53
54 77
23 96
51 76
11 31
42 95
87 94
29 67
4 55
19 32
3 50
14 37
13 33
31 47
11 20
84 99
8 65
19 40
51 72
28 75
70 98
78 83
22 99
39 49
44 95
12 73
17 54
43 53
88 98
36 71
8 11
51 97
25 34
2 93
4 63
91 98
63 93
72 86
37 87
8 75
2 48
42 87
19 70
7 43
60 84
53 60
22 77
28 68
60 68
8 10
13 80
24 47
54 90
36 92
22 93
72 73
10 56
0 77
5 51
22 57
6 20
0 54
29 81
11 49
43 46
10 65
15 53
63 90
67 88
77 79
52 86
14 28
32 33
35 85
32 98
11 28
51 78
8 38
44 47
48 61
50 56
72 80
55 81
30 42
7 79
10 12
19 50
1 27
63 82
11 60
13 61
51 81
53 83
51 63
68 96
25 50
54 59
42 43
24 94
4 5
41 59
31 86
20 27
28 59
19 99
2 84
53 72
27 52
4 86
43 94
16 87
21 51
47 58
79 98
57 79
13 48
45 65
2 58
71 94
18 92
48 68
37 71
16 67
64 99
1 6
15 71
32 65
15 68
44 64
21 39
7 81
67 77
33 45
5 61
51 62
58 80
43 69
43 86
7 27
71 84
41 91
8 58
24 67
49 81
33 34
81 89
57 66
26 79
52 83
0 6
9 31
97 98
79 91
67 68
16 62
6 78
21 32
4 32
34 77
8 86
7 46
10 93
16 93
71 93
9 97
73 76
85 93
3 11
27 38
11 62
78 84
26 90
56 65
68 83
4 84
6 92
2 10
30 87
44 97
41 56
61 80
11 67
33 68
4 8
36 64
11 16
33 98
61 71
6 85
73 82
25 79
65 78
74 83
33 37
31 62
34 71
33 76
16 84
76 98
3 26
65 84
23 71
1 91
56 58
7 93
43 47
87 93
64 74
1 87
52 90
5 95
61 98
69 70
30 34
67 78
66 84
26 60
24 75
5 59
20 60
21 81
74 91
47 96
58 95
16 98
2 75
31 60
10 44
15 52
26 83
18 62
0 52
27 76
20 53
10 54
10 85
63 85
94 96
9 50
4 64
53 54
22 43
20 75
10 77
0 89
67 71
43 66
38 79
29 40
67 89
7 74
5 6
43 45
24 70
61 91
31 40
4 88
49 93
11 37
10 19
55 67
23 63
39 47
14 90
52 63
74 79
10 31
56 96
11 44
24 87
58 69
13 46
33 72
7 9
35 55
23 78
42 80
4 59
72 98
68 88
35 93
0 92
41 42
3 93
44 87
19 78
2 60
7 72
27 65
59 89
64 73
51 59
84 92
25 86
59 60
28 96
62 86
7 65
26 62
13 31
28 97
66 67
25 88
9 83
3 28
31 57
20 38
1 74
12 97
85 96
25 95
2 78
16 63
29 76
19 87
39 72
25 77
26 28
74 82
24 31
17 21
53 71
16 28
4 30
6 77
71 88
82 86
58 85
4 53
21 34
47 66
46 58
54 92
3 29
57 92
35 71
3 39
70 96
4 47
41 70
71 79
21 66
64 78
26 65
35 80
3 27
7 58
39 82
27 36
29 60
22 48
57 75
14 65
46 73
36 41
72 77
32 36
41 62
86 91
23 70
52 85
6 32
11 82
67 76
92 98
0 22
26 75
5 79
2 19
20 34
11 79
45 54
26 52
1 2
65 75
39 80
30 89
31 69
69 88
3 64
9 33
7 47
45 96
20 41
83 91
5 97
16 37
89 98
57 74
0 68
75 84
64 66
23 87
44 83
9 80
13 67
43 58
43 51
13 83
12 76
31 43
32 37
42 62
41 87
11 47
27 45
19 98
44 79
11 68
0 71
70 91
15 35
14 63
46 96
1 78
62 92
26 72
9 19
4 21
31 35
22 60
0 53
30 69
1 81
41 49
33 56
35 89
25 64
34 96
50 84
31 93
15 73
6 82
15 25
16 57
34 75
14 51
54 78
48 67
45 50
35 90
17 56
13 51
8 20
13 63
37 78
53 70
11 41
10 91
22 28
89 93
35 98
1 30
5 17
65 66
6 30
13 90
7 17
14 77
34 43
8 40
38 89
48 77
47 95
45 84
14 99
10 39
34 99
2 20
51 70
0 8
75 93
87 90
33 46
14 30
20 32
23 85
85 87
4 82
30 45
30 60
36 45
47 52
29 85
17 93
28 53
2 51
26 71
52 58
47 60
17 67
12 47
44 74
0 90
23 30
11 88
32 83
18 79
70 95
24 27
24 93
1 44
53 84
52 96
12 48
42 46
28 31
3 34
6 80
68 92
31 51
24 72
49 80
3 81
74 95
13 81
46 63
31 90
0 78
33 41
57 59
1 97
22 31
1 40
32 99
90 98
51 54
63 79
5 52
21 88
9 57
29 59
16 64
40 89
44 46
37 45
7 31
30 36
82 83
27 71
45 93
57 76
75 95
35 65
46 98
25 96
16 25
2 30
22 61
30 83
42 75
14 97
14 48
1 72
10 75
67 79
14 44
66 82
23 80
49 73
59 82
82 99
51 69
47 76
12 23
29 84
34 62
65 73
60 63
53 62
16 26
62 67
22 66
29 37
45 97
33 90
42 45
54 91
37 94
39 98
8 47
13 97
32 71
44 49
0 67
58 92
15 32
18 56
7 36
16 66
46 53
11 86
41 99
47 61
23 65
51 96
4 95
35 97
67 75
15 23
82 96
26 99
3 44
52 89
31 77
22 86
74 92
37 41
8 51
13 21
35 61
89 90
14 70
6 54
52 73
21 26
7 44
70 97
32 93
10 30
7 48
55 71
17 70
62 66
75 83
33 51
28 69
16 50
12 18
9 32
42 58
51 99
64 87
22 94
42 88
10 81
45 52
50 57
5 9
7 38
29 71
23 75
4 51
48 69
40 86
50 95
20 89
13 32
15 90
6 89
74 75
29 55
7 78
42 55
28 83
12 46
0 18
80 83
0 56
9 70
38 53
68 76
42 96
16 97
4 14
20 56
31 39
1 5
31 52
43 92
46 92
19 38
51 52
59 84
21 22
7 18
80 87
18 25
49 51
6 10
1 85
35 76
79 86
70 90
77 96
56 80
88 99
18 93
72 85
48 56
60 78
47 84
3 58
32 90
57 80
51 92
15 54
19 31
60 61
52 79
11 35
33 65
16 46
59 73
3 14
32 80
77 88
6 87
12 64
3 70
43 84
29 90
24 66
58 83
68 77
56 62
54 83
0 73
60 91
3 35
61 78
33 39
4 36
71 72
53 94
22 56
3 42
15 26
6 25
26 29
18 91
28 88
48 81
66 76
34 45
42 83
30 78
59 86
12 39
39 60
19 51
46 97
19 46
44 69
32 81
48 82
4 89
45 95
59 97
19 49
58 70
5 60
28 55
3 17
34 53
77 85
29 54
32 38
4 42
14 29
73 80
3 20
70 93
59 76
7 15
48 71
10 59
12 30
26 63
9 67
22 81
44 96
4 9
4 45
9 35
3 97
33 85
53 97
3 25
65 98
57 98
25 66
40 73
4 26
82 88
6 47
7 59
5 41
30 96
55 70
69 92
19 59
58 89
16 30
27 41
44 51
18 31
14 58
50 99
73 95
21 27
94 99
12 96
9 76
39 86
48 88
6 21
72 81
5 11
51 75
13 78
8 67
46 57
13 30
37 89
7 67
52 64
44 63
1 96
28 40
2 26
70 79
74 81
44 93
52 82
75 81
74 93
2 73
45 88
5 7
11 58
3 18
1 88
77 87
16 61
53 67
12 93
66 87
4 40
46 69
39 90
44 67
0 51
9 40
33 93
13 65
1 76
93 96
24 42
37 51
41 58
35 56
8 37
26 31
24 90
3 87
32 64
79 82
31 58
6 96
8 17
71 80
41 79
14 78
4 46
60 66
16 60
9 69
4 91
7 68
5 82
17 92
48 59
23 39
35 42
41 74
0 98
68 81
32 35
37 46
21 67
41 47
3 99
54 93
38 47
28 29
16 86
37 73
31 96
36 37
3 49
62 85
28 57
17 79
45 98
9 45
7 53
4 48
4 94
5 29
24 65
10 74
41 77
16 58
13 71
24 35
1 98
66 73
49 63
1 66
48 70
40 92
18 95
66 83
60 83
23 36
25 80
60 81
41 98
73 81
38 40
35 59
66 69
48 94
11 81
35 74
12 38
9 18
11 32
71 99
38 57
36 58
2 68
51 53
23 50
18 84
69 90
18 24
63 73
38 59
34 63
74 84
63 98
1 21
55 93
6 99
41 78
42 47
34 80
61 79
53 91
27 86
13 79
55 58
36 80
44 55
14 20
13 91
35 92
40 65
65 80
22 26
14 26
40 88
20 61
21 85
13 85
15 98
10 95
53 63
31 75
40 59
59 88
8 29
79 85
0 91
1 25
39 88
31 72
49 98
24 49
40 96
86 97
49 99
40 79
82 98
60 92
76 89
75 76
35 66
79 99
79 90
65 70
51 93
1 12
8 78
13 14
84 88
48 52
20 82
69 87
30 91
14 92
24 38
9 82
39 58
47 48
58 94
1 69
72 90
68 87
33 60
1 37
64 79
20 94
18 63
17 48
46 70
61 67
44 90
52 77
58 59
87 95
6 35
27 99
46 74
11 15
84 93
59 93
22 73
19 27
4 16
70 81
31 50
30 90
26 86
34 79
3 67
23 58
16 75
4 76
22 95
8 82
29 75
16 80
46 82
27 81
3 86
71 73
24 41
59 98
8 64
29 62
20 77
0 55
14 31
25 83
2 77
8 57
50 97
34 65
2 81
17 58
18 77
57 77
65 88
53 77
17 38
7 13
83 97
21 35
37 52
39 48
7 98
52 53
14 59
44 91
92 94
24 53
1 56
3 75
13 47
26 42
41 53
22 88
2 99
60 95
28 76
70 87
73 75
17 35
24 68
32 78
12 95
1 82
39 42
7 21
67 69
6 8
27 59
84 87
66 68
14 52
11 90
26 41
75 94
3 85
41 96
21 69
56 57
28 30
29 31
26 56
14 39
41 46
62 75
2 35
10 68
13 52
27 98
49 61
47 74
18 50
59 95
55 99
33 52
83 88
24 58
36 79
37 63
18 27
11 65
20 30
67 81
27 56
53 58
34 74
31 44
10 73
40 48
25 81
19 29
23 42
23 82
4 71
3 91
19 36
12 75
42 76
21 25
1 48
24 45
65 95
25 28
33 35
43 76
25 72
35 84
46 78
19 23
6 56
8 54
15 92
50 98
20 23
22 40
41 95
85 94
38 62
91 99
18 53
42 66
37 42
26 87
18 76
61 82
9 56
4 18
40 81
72 93
66 91
9 72
7 35
38 74
52 59
46 51
20 92
24 64
45 56
31 71
3 13
20 91
22 59
44 66
34 87
0 69
31 41
59 72
22 52
22 50
39 93
55 59
93 95
59 69
44 65
67 70
26 89
0 61
10 40
35 82
21 68
40 63
3 71
37 99
61 93
5 83
25 36
40 60
70 84
51 87
22 30
2 74
18 75
35 43
16 72
40 67
24 25
66 71
51 64
87 99
7 10
62 71
4 54
19 45
16 20
10 49
4 43
52 76
1 35
1 41
42 70
59 79
27 29
64 67
57 96
1 70
3 89
59 68
13 40
64 82
79 92
9 12
12 63
8 22
27 42
46 85
53 81
58 91
33 73
74 77
10 29
18 70
65 76
40 98
20 54
27 69
17 22
26 27
66 74
66 99
27 68
11 75
9 51
3 52
3 23
66 81
32 58
41 85
4 24
49 87
25 98
83 93
73 87
79 88
29 91
57 67
74 86
2 25
6 72
13 19
2 57
72 75
25 85
22 92
14 15
9 87
15 81
5 13
59 90
47 68
6 93
2 88
17 94
2 50
80 82
33 58
47 63
38 94
21 98
54 70
11 77
46 65
31 33
11 85
79 84
57 62
48 53
9 37
64 91
36 60
53 75
30 92
40 74
43 93
47 51
7 32
2 28
59 74
68 71
9 94
10 18
76 86
25 52
13 88
10 13
14 57
29 99
30 77
34 91
2 90
2 5
47 99
7 8
64 96
3 95
29 41
20 45
13 82
20 22
73 83
11 56
48 55
54 69
71 83
27 39
29 58
64 77
94 95
6 55
43 88
55 91
32 74
62 99
28 70
46 79
30 40
23 84
5 24
69 79
25 39
49 78
31 89
24 98
1 67
9 60
7 96
80 98
79 96
1 20
3 6
86 88
16 41
39 62
9 96
41 97
70 94
41 76
14 82
40 41
4 66
25 65
27 84
13 74
12 50
1 23
11 76
21 37
43 60
68 94
38 86
0 28
58 84
7 76
70 78
17 82
5 32
9 93
57 81
29 72
34 51
57 94
80 97
31 83
16 49
5 18
42 65
9 42
45 68
0 86
1 34
14 68
9 13
14 75
36 74
2 7
46 91
16 83
61 68
60 85
26 93
70 71
39 85
31 61
3 66
37 92
37 54
83 95
12 98
11 23
4 41
38 95
14 84
21 70
20 42
38 93
10 86
52 94
43 97
27 85
91 94
21 42
32 50
65 79
23 34
0 95
5 28
41 72
30 35
13 62
33 54
16 90
55 62
21 49
55 64
12 25
44 75
13 36
21 93
6 11
0 25
56 90
45 62
36 96
11 25
15 83
36 66
11 59
93 94
12 71
56 64
30 51
26 57
17 61
53 88
49 70
10 84
52 57
25 53
37 38
58 62
58 73
44 48
45 71
56 59
45 46
27 93
27 43
35 46
8 69
1 57
44 56
43 75
50 87
77 95
0 87
32 56
46 62
63 86
19 25
65 92
54 85
49 57
60 64
11 53
42 73
23 51
25 51
41 83
35 50
29 68
32 39
74 88
56 83
86 89
11 80
39 52
81 97
23 47
2 36
48 86
37 79
63 88
29 47
32 42
66 94
42 44
10 64
19 66
24 33
47 70
52 80
1 46
11 93
50 67
45 80
12 36
0 74
76 83
44 54
8 43
10 38
32 45
73 99
9 29
55 77
24 40
14 88
15 65
48 85
9 27
23 74
78 91
2 4
34 66
25 58
0 32
73 84
5 53
69 96
1 52
48 84
4 90
10 26
17 33
4 37
50 73
22 37
59 63
25 41
62 84
16 74
32 82
6 75
10 69
76 82
9 85
37 95
0 72
35 83
16 43
66 98
14 16
28 94
13 28
42 86
22 97
36 85
10 24
18 59
7 92
63 97
71 97
42 99
24 97
34 70
43 85
69 89
25 37
0 11
42 63
57 64
0 96
15 38
19 39
27 77
47 87
17 81
10 63
11 51
0 43
49 62
14 41
2 6
11 17
43 48
63 87
80 85
14 23
9 90
11 64
31 67
26 36
61 65
14 24
10 94
56 78
4 60
15 79
66 92
68 84
4 22
9 74
4 69
19 20
66 72
30 67
55 98
20 47
49 85
78 87
82 84
23 41
26 88
9 71
48 74
35 79
80 94
57 83
44 94
1 13
26 59
8 90
5 22
62 81
3 41
1 24
23 24
50 78
37 43
46 83
16 18
12 45
64 80
16 65
57 91
18 94
10 36
12 51
43 55
63 68
63 92
92 97
52 87
78 86
39 51
6 39
1 14
21 44
2 98
65 99
46 71
36 78
1 29
30 47
29 35
43 62
49 88
39 55
21 61
16 19
2 54
62 69
22 91
39 91
16 36
56 77
29 74
65 96
45 69
29 86
24 83
65 86
5 56
56 66
36 82
59 66
53 74
23 66
38 45
55 78
33 88
17 57
8 44
5 15
54 61
37 96
11 94
14 56
17 23
21 55
30 48
42 54
8 74
11 43
34 39
13 72
13 23
75 77
20 21
0 60
53 56
33 91
54 57
10 46
19 97
28 36
8 25
17 45
18 81
85 89
37 82
3 65
64 95
34 89
61 89
6 18
29 98
17 50
74 90
52 92
1 33
3 12
26 32
43 64
19 44
5 73
38 99
23 48
43 82
19 95
9 43
72 82
95 99
31 94
9 81
18 39
16 70
16 17
18 38
36 75
34 56
16 53
34 55
24 95
17 83
86 96
19 41
32 57
32 91
71 96
33 59
43 99
3 69
20 24
25 55
61 70
21 90
42 89
53 99
8 93
0 58
9 66
54 88
15 59
26 50
22 55
25 57
10 98
52 67
3 51
4 72
2 23
20 26
9 78
35 53
8 68
54 60
28 52
83 98
39 57
14 55
49 97
86 90
48 73
25 27
2 49
55 92
76 97
43 57
21 30
43 91
52 98
23 54
39 96
55 86
0 7
9 48
26 96
25 59
57 72
31 80
30 97
62 97
11 92
17 30
33 89
30 58
3 22
1 68
14 96
18 32
26 91
1 22
40 56
29 44
33 79
34 44
21 24
33 86
9 52
26 34
25 84
51 74
19 79
4 73
1 28
37 81
15 85
67 97
14 33
81 96
38 78
16 55
63 71
0 50
8 85
10 27
40 49
44 99
24 50
50 69
70 82
65 94
48 87
45 60
76 77
0 44
61 96
24 44
30 98
7 30
19 61
30 74
1 73
11 26
69 86
46 99
19 56
28 92
39 53
3 77
16 22
26 51
8 92
59 71
82 92
36 46
6 9
26 53
51 98
12 16
66 78
43 50
62 65
24 73
35 57
71 92
51 61
13 37
25 49
30 99
0 79
30 38
31 56
24 96
51 58
6 98
28 80
7 61
14 79
32 51
27 44
10 25
0 88
62 68
18 69
72 91
11 13
29 78
32 70
65 67
46 67
40 77
16 47
2 61
22 69
38 97
3 73
45 58
40 53
5 69
60 71
28 74
28 61
4 11
42 52
27 96
57 95
28 48
17 19
38 60
51 60
20 71
7 99
17 59
6 73
1 54
60 86
13 55
18 65
23 86
75 91
69 76
25 75
66 90
73 88
13 43
35 67
19 57
59 80
1 86
15 77
21 43
27 97
29 70
42 74
68 89
45 66
1 55
34 64
8 32
43 96
38 44
44 78
88 93
43 81
4 12
19 84
63 91
3 46
48 76
81 90
11 24
16 82
17 68
90 92
2 87
4 29
21 62
46 72
73 79
13 94
0 19
32 84
27 51
11 66
3 60
44 86
50 65
5 49
2 76
84 91
1 39
2 85
73 92
9 34
31 92
9 65
15 67
29 89
81 85
4 31
37 88
71 89
85 86
41 88
34 48
7 20
1 71
77 82
39 45
77 91
10 15
0 45
47 56
20 80
49 67
50 54
46 95
7 94
69 75
4 81
23 43
31 59
28 44
14 46
20 97
14 42
38 77
64 86
67 87
34 97
12 99
7 64
11 91
13 57
37 85
18 58
63 66
19 48
11 45
21 96
39 67
28 93
23 28
58 90
20 37
33 55
14 32
28 99
71 85
20 51
60 98
42 64
25 42
46 60
27 89
40 93
47 67
54 64
15 31
6 37
43 74
16 78
35 81
69 94
11 96
31 49
0 82
36 76
30 41
65 69
57 58
46 52
5 21
39 79
31 95
6 26
45 87
23 62
40 52
70 83
15 19
19 33
2 38
12 41
50 93
66 79
34 88
27 57
32 44
25 94
27 75
61 87
20 31
7 82
41 63
30 88
34 42
54 80
22 33
49 89
91 96
5 66
2 63
46 88
14 18
5 99
27 63
43 63
66 85
45 70
51 88
27 55
50 61
15 60
10 70
4 49
6 50
11 87
65 89
27 78
88 97
31 66
8 84
31 81
19 68
3 15
51 91
4 50
19 88
24 34
3 21
5 94
44 68
75 86
18 20
19 81
77 78
41 51
39 87
34 49
0 85
35 75
39 75
25 29
76 90
6 57
1 83
2 16
67 96
33 64
70 74
45 76
46 80
53 61
58 87
69 72
5 96
30 57
8 26
12 32
31 37
6 94
7 75
6 51
11 34
69 98
2 91
25 45
45 47
37 53
1 77
12 77
28 77
60 80
46 59
15 69
16 21
51 84
26 46
76 80
20 46
9 46
6 53
48 54
9 21
41 81
3 5
28 37
75 82
44 62
50 58
3 83
40 78
56 93
13 70
12 13
17 76
10 89
52 66
71 78
19 35
21 56
39 95
25 56
5 43
2 67
21 28
38 61
57 93
17 71
13 66
13 42
30 59
26 45
15 51
22 63
73 86
34 54
44 85
8 48
17 95
1 8
59 85
23 83
85 95
57 89
86 99
44 52
64 88
53 73
5 26
9 17
8 27
10 28
14 89
58 82
26 54
1 62
38 46
24 26
2 82
33 63
20 88
33 77
66 89
30 46
32 52
55 61
3 79
12 60
48 60
14 72
6 95
38 84
56 75
7 19
44 80
19 60
43 61
18 68
11 50
7 87
47 77
76 85
32 75
36 72
9 24
17 87
60 96
38 92
38 52
76 92
44 73
9 53
49 54
28 32
51 55
29 73
40 97
63 70
18 35
13 59
57 78
25 69
39 68
56 76
6 58
27 49
36 57
66 70
48 79
14 67
52 99
5 36
6 22
57 69
16 31
0 1
36 77
45 59
35 39
15 64
45 57
79 95
78 98
3 47
44 88
20 33
32 40
83 87
7 11
52 81
1 95
17 88
6 76
22 27
8 99
7 91
57 85
41 43
37 65
1 42
18 89
30 44
69 82
62 87
10 23
20 57
83 90
56 87
4 20
19 85
4 7
4 99
14 73
74 97
42 56
12 91
17 99
52 78
25 73
30 85
26 38
80 81
42 48
4 28
76 79
45 78
48 72
6 36
6 17
39 74
79 87
3 38
37 67
47 93
2 27
9 58
6 15
18 80
87 89
54 58
1 7
19 47
0 40
32 94
32 53
8 83
23 37
12 52
23 76
4 93
5 30
21 94
76 91
10 80
36 98
8 33
68 75
69 93
18 83
33 44
18 23
39 81
40 84
3 63
38 54
46 84
28 56
68 98
3 92
30 49
22 76
46 68
28 84
81 91
21 71
2 12
59 78
29 61
16 94
36 67
50 62
5 8
32 59
37 40
1 38
2 96
12 49
35 69
3 90
49 74
16 59
18 29
34 85
55 96
49 91
25 91
50 55
81 86
40 87
12 92
61 62
61 90
25 30
31 87
50 74
38 43
33 40
70 75
0 9
13 89
46 77
36 95
7 63
54 96
68 91
28 51
0 14
37 47
56 88
15 36
75 99
36 38
55 72
2 47
13 73
59 99
0 64
25 63
4 13
62 98
19 53
37 72
35 96
90 93
9 10
34 67
65 83
30 32
20 78
58 71
47 80
48 66
27 87
20 50
38 81
36 61
30 54
79 80
24 46
13 99
60 65
42 77
6 84
6 13
52 68
37 76
13 87
33 84
71 77
12 34
85 91
23 91
79 93
58 77
8 79
0 23
15 57
40 62
7 85
0 99
32 86
15 42
55 95
52 72
32 41
48 58
3 32
44 60
9 77
22 96
82 91
10 17
12 56
88 90
40 55
6 60
31 63
58 78
47 65
12 65
68 85
7 73
18 96
12 22
37 74
35 37
42 84
38 64
69 81
79 81
67 94
20 48
80 99
32 85
3 68
3 61
18 45
9 62
2 17
24 80
16 48
2 21
0 83
30 33
35 45
43 56
52 88
8 70
0 42
49 72
29 46
62 74
55 88
23 59
17 51
37 61
5 91
31 76
20 28
52 54
17 18
13 22
20 63
21 50
34 93
10 53
47 69
19 22
15 40
22 46
31 98
24 86
2 11
12 62
12 15
68 80
20 35
22 25
26 92
27 60
36 55
17 37
0 12
28 38
0 57
23 29
22 42
81 99
20 85
28 46
41 67
0 15
11 95
58 96
22 89
17 96
28 50
42 59
28 39
47 75
7 57
4 65
8 19
29 56
65 72
47 81
13 29
63 84
0 80
18 60
3 94
4 25
51 94
16 71
88 96
33 87
10 82
79 97
38 51
17 44
46 49
15 37
5 81
59 62
38 98
11 36
10 71
4 23
46 61
46 81
69 97
71 90
1 3
25 87
40 44
51 68
19 34
12 67
9 95
41 52
67 93
35 36
51 82
65 85
13 84
28 54
10 67
50 81
24 92
32 76
14 71
68 93
4 77
32 63
61 94
36 48
25 60
0 5
55 97
51 71
52 55
44 53
47 89
74 80
60 72
63 80
40 69
12 24
14 60
19 72
32 96
33 49
47 57
12 68
17 26
4 10
8 94
26 58
10 60
31 82
67 99
57 82
19 28
90 97
28 66
37 98
5 63
35 64
47 82
13 69
49 50
45 63
3 98
85 99
0 31
5 77
74 85
15 30
49 71
30 56
11 55
56 81
20 74
84 95
9 41
56 69
30 43
14 25
3 37
48 99
64 81
78 99
71 75
6 34
17 90
21 29
20 59
28 41
54 81
62 91
62 88
8 80
54 94
39 77
38 83
58 93
29 33
84 85
57 71
15 63
72 74
16 32
8 77
61 99
8 41
6 69
52 91
17 80
65 93
9 23
64 68
37 86
30 55
17 62
18 34
16 52
20 99
55 87
59 94
42 98
19 69
16 54
35 52
3 31
8 9
53 80
1 99
53 78
23 79
48 50
39 66
7 56
34 90
70 76
62 96
11 99
64 84
28 42
40 75
13 39
52 75
16 56
33 92
42 93
18 98
39 94
9 98
52 62
89 99
38 91
12 53
15 48
15 96
20 40
65 90
75 78
6 46
55 60
68 99
32 89
7 54
24 30
34 41
35 38
97 99
35 40
21 40
24 77
29 97
34 86
12 21
1 26
8 73
40 71
8 30
12 80
14 61
31 88
6 19
25 90
15 29
29 87
42 92
95 96
35 60
7 71
38 67
44 61
2 41
71 76
61 69
66 96
34 72
9 64
69 91
36 97
37 48
18 64
13 25
71 86
50 70
50 60
54 84
54 89
54 95
40 45
75 92
81 84
67 72
12 35
2 69
2 42
12 87
11 46
16 95
5 55
49 75
63 69
1 49
86 94
22 36
44 82
5 47
23 92
51 89
53 95
41 66
15 21
73 85
4 79
20 55
1 50
39 59
23 27
73 94
66 95
47 71
5 48
2 62
40 51
22 62
19 93
56 91
78 93
34 73
57 86
11 29
72 76
38 76
39 71
21 77
18 97
43 79
1 15
35 62
24 85
56 95
63 76
74 94
18 41
67 85
37 84
0 93
2 43
15 45
0 38
43 72
70 72
5 78
36 87
21 79
10 48
1 79
68 95
2 94
9 54
59 96
55 57
53 76
8 63
19 91
56 67
16 45
54 79
6 59
69 95
77 81
15 97
73 90
6 63
30 31
34 52
44 72
9 30
2 46
47 53
30 82
60 74
19 37
1 59
44 50
19 43
16 39
36 47
19 58
49 52
7 66
84 90
56 61
28 87
11 98
66 97
75 88
21 89
6 28
43 98
81 82
69 80
30 68
6 74
72 78
22 58
55 82
2 66
19 71
32 61
15 18
31 68
50 90
23 60
38 73
29 96
39 46
0 47
78 82
3 78
89 91
87 88
20 83
78 81
7 40
19 76
5 68
6 88
5 72
9 68
12 40
37 70
10 47
47 90
35 91
41 55
20 25
33 75
41 82
20 76
20 64
28 35
56 97
45 83
15 33
10 33
21 63
6 86
77 98
5 86
60 70
28 43
68 79
27 33
22 45
22 49
56 74
61 74
13 26
57 60
58 86
30 65
0 16
24 60
55 89
35 87
24 52
84 98
16 88
10 20
24 63
36 39
8 23
49 84
42 49
12 88
22 74
58 97
32 79
6 52
30 71
9 63
21 23
19 42
23 88
11 78
53 79
42 78
21 99
23 99
36 54
19 21
12 54
13 77
2 52
6 24
48 83
44 89
26 39
14 21
46 87
88 92
8 13
78 95
45 48
16 96
66 88
28 67
26 73
13 18
8 62
43 90
32 54
12 70
12 86
25 99
35 68
18 49
40 72
19 73
45 81
31 54
26 97
20 66
26 84
17 31
35 58
8 95
10 62
26 69
41 84
49 83
14 35
13 34
12 94
54 55
12 26
25 89
23 49
67 73
47 79
54 76
74 98
32 48
2 83
8 66
35 54
57 73
1 61
61 88
7 26
6 79
61 77
22 23
21 74
70 88
37 75
17 55
69 73
37 50
62 82
42 60
27 73
90 95
48 63
43 71
34 58
87 97
67 82
39 78
44 58
6 91
10 99
84 89
41 89
34 81
19 90
0 97
7 62
32 47
7 50
45 89
25 43
6 64
46 75
25 31
71 95
36 65
65 77
16 92
91 92
54 97
33 50
13 27
8 97
82 89
32 95
52 71
52 95
8 55
38 41
36 52
18 46
61 73
6 14
5 39
13 41
36 50
68 86
0 39
16 33
14 53
19 65
53 65
25 68
0 37
1 10
60 76
22 87
39 64
2 53
15 86
15 72
5 84
7 39
73 78
79 83
30 66
36 93
32 68
8 16
1 90
92 93
14 22
8 88
27 34
40 82
18 85
14 19
31 97
2 55
30 84
87 96
72 83
12 33
78 90
60 89
29 82
70 80
36 84
20 39
49 90
19 52
62 90
35 48
9 26
28 95
11 72
68 72
60 73
29 53
23 64
27 66
53 82
65 97
19 54
14 91
24 88
26 30
26 94
66 80
6 12
12 90
49 69
41 90
31 42
81 93
37 90
2 33
4 68
23 97
64 85
15 76
12 27
61 76
7 12
2 40
10 50
18 36
72 96
28 73
36 99
67 86
19 96
59 91
0 29
20 93
64 92
32 34
24 74
8 89
5 25
76 78
0 33
44 81
2 8
1 18
27 53
68 69
28 64
50 92
50 71
70 92
14 54
18 78
42 51
0 4
21 97
5 89
54 68
59 87
32 62
6 48
48 64
9 61
41 57
8 72
39 73
10 79
63 74
14 94
31 32
16 91
50 83
83 92
16 27
29 80
70 89
31 48
17 86
42 81
26 74
17 74
32 46
9 14
82 85
83 99
26 76
14 87
49 59
34 59
26 44
81 92
90 91
26 70
61 81
15 66
7 52
37 68
51 86
54 98
28 78
4 62
2 70
6 83
0 27
76 94
30 76
25 26
26 43
44 76
40 61
9 44
35 49
42 90
17 78
29 88
60 99
53 66
67 90
90 99
7 88
10 90
49 76
27 50
9 28
75 98
24 48
52 65
8 71
63 67
19 82
89 97
22 44
34 47
48 57
14 69
31 91
80 91
3 82
50 80
55 94
81 83
83 96
0 13
48 91
8 45
16 29
22 72
43 73
77 80
1 16
15 49
24 32
54 86
0 24
29 30
56 92
9 79
14 43
9 99
43 83
48 90
50 63
50 91
24 82
21 64
81 95
54 63
25 32
56 98
27 83
29 94
33 99
30 37
43 44
39 65
14 34
24 76
53 57
45 82
45 61
14 45
15 78
20 68
49 55
3 80
91 97
14 36
35 78
2 89
6 81
11 48
15 80
45 79
5 70
55 66
21 31
4 56
15 88
62 93
27 88
9 91
10 55
47 49
30 95
16 23
30 86
30 52
41 44
38 49
61 92
58 98
77 86
18 47
32 97
72 94
1 92
17 43
12 83
20 98
23 93
7 55
61 86
20 43
13 92
75 90
64 71
5 12
41 61
38 48
61 63
27 79
55 83
17 24
72 92
60 67
1 89
11 22
0 3
23 81
39 97
10 35
69 77
4 34
12 69
53 85
25 70
25 33
24 56
21 73
21 52
13 98
12 37
4 58
22 32
45 64
53 69
55 79
40 57
18 67
72 87
72 84
0 46
11 40
10 41
55 84
46 55
47 97
39 99
51 56
39 40
26 77
15 74
3 40
21 91
47 91
31 64
38 42
85 92
26 37
20 36
7 89
35 77
6 45
51 79
9 15
57 97
1 19
58 76
41 68
38 75
2 14
56 63
19 89
47 88
54 71
2 97
26 55
63 96
5 57
7 42
15 44
5 92
3 16
7 23
14 64
72 88
12 57
45 94
50 79
4 98
42 94
66 86
67 80
29 48
21 92
26 61
43 87
15 50
20 73
47 94
33 78
33 62
85 98
40 99
16 24
37 77
4 78
43 80
38 87
10 58
78 88
47 64
81 87
33 48
91 93
36 70
28 89
14 76
27 91
20 84
5 27
63 83
16 40
72 95
37 44
49 60
21 82
23 68
33 94
37 97
27 48
6 67
25 97
11 12
88 91
16 77
18 48
19 30
35 99
36 83
24 81
34 98
18 72
37 58
80 95
23 69
36 43
53 64
50 76
27 95
6 7
0 34
9 39
0 10
84 96
82 90
13 53
5 31
10 11
41 48
4 83
41 92
19 26
63 65
62 95
22 68
1 58
54 67
44 70
50 96
16 79
0 81
15 16
23 94
42 67
41 73
23 38
18 66
60 97
64 97
21 87
80 84
20 81
23 52
76 96
34 38
6 41
49 96
50 59
45 86
16 51
43 65
5 34
28 79
59 81
84 86
37 83
40 66
33 42
2 72
24 59
15 27
31 79
9 47
23 98
83 86
6 65
4 67
53 55
8 61
41 65
43 68
49 92
33 38
6 97
12 82
22 29
37 69
29 79
43 77
68 82
0 2
39 70
13 93
19 77
12 66
6 71
8 56
32 55
4 97
21 72
52 74
4 38
76 81
19 63
17 64
71 87
54 66
64 94
13 17
53 98
79 89
80 88
36 73
22 85
3 10
10 51
9 22
38 68
16 42
59 92
2 65
36 94
95 97
39 44
29 66
1 9
63 81
25 54
20 49
14 93
8 50
14 40
67 74
68 97
90 94
32 60
8 34
4 35
40 58
47 72
64 90
48 92
11 69
25 35
40 70
58 60
38 39
58 61
31 99
32 92
96 97
9 20
31 34
21 47
57 61
18 51
15 20
47 83
86 93
65 74
9 75
18 37
24 37
21 75
72 79
15 99
10 34
63 95
31 74
18 88
19 55
77 84
3 19
55 80
35 72
47 55
55 90
76 88
8 21
62 79
30 62
36 68
82 94
7 86
15 56
45 91
62 83
60 93
64 93
43 78
69 78
18 71
60 82
87 98
12 28
28 34
2 45
26 66
3 45
5 58
58 99
74 99
64 72
29 83
60 62
93 97
62 76
0 30
28 58
81 98
68 78
8 39
29 51
40 90
15 70
19 74
40 76
19 67
44 92
17 65
15 91
37 49
60 69
33 36
16 44
6 27
26 98
21 58
62 80
19 92
38 63
49 53
37 39
54 72
33 61
49 79
36 86
77 89
28 91
4 96
5 54
13 76
56 94
21 48
15 84
85 90
15 87
1 11
20 58
22 53
0 94
29 63
78 79
19 80
32 88
13 54
25 40
3 53
48 96
76 93
12 55
4 52
13 20
18 90
11 61
20 29
51 77
12 31
23 32
14 81
33 70
47 78
44 45
7 25
17 63
16 89
25 74
17 91
7 97
10 92
38 90
77 94
35 88
2 15
34 83
17 27
23 90
3 55
7 60
28 81
64 69
14 95
87 91
10 72
51 57
38 70
5 76
31 36
40 83
3 74
80 92
8 14
4 85
48 78
39 43
10 83
18 43
5 44
24 28
1 31
55 74
50 94
5 64
27 74
62 77
24 29
14 80
67 83
15 28
21 45
10 87
43 95
49 68
82 95
73 89
7 14
43 52
26 68
7 51
64 89
35 51
17 36
6 61
3 24
0 84
15 24
52 70
24 55
73 97
24 69
0 49
15 41
4 87
57 63
50 68
11 38
39 61
5 35
36 53
26 85
23 44
40 42
27 40
29 50
48 97
53 92
28 63
41 75
35 44
17 89
46 76
37 59
27 31
94 98
8 76
22 65
52 56
88 95
51 66
85 88
36 81
17 98
30 73
34 50
10 22
66 93
11 27
24 57
38 96
27 54
51 85
1 45
13 96
84 94
11 57
3 59
71 82
50 72
22 90
8 87
71 91
57 87
17 53
17 66
22 54
1 63
7 69
9 59
42 69
30 39
57 70
38 56
5 62
7 29
30 94
13 68
3 33
0 59
7 83
8 59
92 99
70 73
56 68
92 95
23 67
28 33
55 68
8 12
2 56
9 73
67 91
19 75
15 39
34 94
62 72
31 55
18 21
53 59
11 18
36 40
1 43
66 77
5 50
73 91
30 80
23 89
15 22
6 16
77 90
63 75
47 59
22 67
51 67
8 28
37 56
44 57
20 96
59 67
88 94
48 98
7 45
53 68
16 38
58 68
41 80
27 90
3 96
57 88
70 86
46 90
76 95
3 56
39 54
49 86
14 83
23 25
0 21
3 62
34 37
77 93
28 82
10 42
41 54
24 62
11 21
29 34
0 75
60 79
31 46
42 50
0 48
11 39
30 53
52 93
50 75
23 55
27 92
45 49
26 47
14 17
22 38
17 40
11 70
15 34
26 95
56 99
75 87
8 15
42 71
8 91
80 86
23 61
25 82
9 38
59 83
28 72
86 95
80 96
67 84
6 29
32 73
53 96
25 76
5 37
83 94
49 94
50 51
39 56
50 53
19 62
47 50
5 80
2 64
23 40
1 53
28 71
25 93
42 72
17 32
78 80
71 81
0 35
42 91
25 44
93 99
13 86
8 98
8 36
34 95
18 57
73 98
78 96
80 90
39 92
18 55
27 37
46 47
27 62
98 99
21 46
81 94
7 34
23 73
30 64
12 44
73 74
31 84
39 50
12 74
54 74
53 87
14 27
44 59
13 58
37 64
24 54
56 85
29 95
0 36
86 98
67 95
17 69
35 95
34 36
15 43
58 72
39 83
21 59
41 94
22 34
49 65
16 99
37 60
53 93
52 61
83 89
58 66
41 60
64 83
7 24
2 9
48 62
24 51
36 62
22 79
12 42
0 26
11 84
17 60
5 87
23 26
33 74
8 18
31 73
24 78
5 14
3 4
59 64
52 84
6 31
15 75
60 77
6 68
19 24
10 32
46 54
46 64
35 86
17 47
23 46
12 29
41 69
50 64
16 76
13 64
40 85
16 34
45 74
25 61
38 55
18 40
93 98
39 41
72 99
20 69
58 63
24 71
26 80
26 49
21 65
43 70
78 97
18 74
70 77
74 78
20 79
5 20
25 47
17 29
11 52
21 84
62 63
45 75
6 23
39 63
45 67
58 81
7 80
17 20
27 80
37 62
3 48
76 99
40 95
17 84
34 40
40 80
23 53
15 94
63 77
4 74
22 51
0 20
20 72
65 91
41 64
56 82
46 89
19 94
61 64
22 78
82 93
33 97
5 75
89 92
25 78
27 35
14 38
17 77
20 90
50 89
4 19
2 18
27 61
4 92
9 36
62 89
54 99
43 59
61 72
34 46
15 46
27 58
32 49
20 86
17 41
58 74
5 23
41 71
5 88
33 96
13 49
46 94
14 66
89 96
4 27
20 52
54 87
33 47
42 68
18 28
23 33
17 85
52 60
48 93
67 98
5 98
34 82
22 71
76 87
32 66
69 85
8 52
21 54
59 75
56 84
2 3
8 46
22 70
10 52
10 97
50 85
15 62
13 44
38 69
16 73
45 90
6 42
26 33
1 80
36 69
31 53
83 84
75 85
22 35
7 49
13 45
12 89
53 86
30 93
34 60
12 14
16 35
15 58
47 62
15 55
9 16
40 46
16 68
39 76
49 66
2 86
29 39
48 65
69 71
82 87
25 71
6 49
34 57
38 82
51 90
5 38
17 28
21 53
68 70
55 69
13 24
49 58
36 91
40 43
69 99
29 69
57 68
1 32
21 57
29 77
2 32
48 95
13 56
45 99
0 66
9 55
18 86
41 93
47 85
6 38
11 73
42 97
39 69
48 75
22 39
5 74
23 35
2 37
1 84
8 53
56 73
28 85
36 88
53 89
3 72
10 61
21 78
34 84
58 79
25 46
5 93
38 65
13 38
47 54
34 78
3 88
33 67
63 94
12 61
44 77
2 95
4 70
23 57
6 40
3 7
54 73
6 44
71 74
73 77
34 69
65 82
10 45
24 36
48 89
7 41
5 85
19 83
2 29
23 95
61 75
40 68
27 94
18 54
11 14
0 63
1 64
4 33
62 64
45 55
8 42
4 61
41 45
20 62
26 48
59 65
3 30
24 91
87 92
55 73
33 81
8 96
3 9
37 91
90 96
18 26
11 33
60 87
3 36
40 91
24 43
61 66
69 83
31 70
29 45
18 99
38 58
0 70
62 94
21 36
27 30
56 89
4 80
6 43
64 76
11 74
96 99
68 90
88 89
11 63
9 92
51 73
24 61
50 88
46 48
4 6
17 75
42 82
25 67
35 73
30 75
64 65
61 84
23 77
22 47
38 50
77 92
51 95
28 62
32 77
7 70
33 71
43 49
8 49
46 93
63 64
36 63
51 65
45 77
28 47
17 34
12 84
12 43
78 94
54 56
73 93
12 59
35 70
28 45
8 81
14 47
68 74
25 62
14 62
17 42
49 77
5 19
3 43
18 30
21 86
86 92
47 86
5 71
80 93
34 61
18 73
9 25
9 88
9 49
4 39
9 84
62 73
9 11
64 75
41 86
10 21
12 85
5 67
74 76
57 90
10 76
54 62
38 72
12 17
29 36
4 17
64 98
77 97
56 72
22 82
91 95
40 54
5 46
9 86
7 16
35 41
75 96
27 70
7 84
14 86
7 37
11 19
45 92
7 33
60 88
38 71
68 73
25 48
6 33
7 28
42 85
94 97
13 75
51 83
2 71
40 94
35 63
4 15
43 67
29 38
78 92
28 49
24 99
11 42
2 31
92 96
21 83
27 64
21 60
67 92
20 95
45 85
33 95
36 42
10 16
49 82
15 17
48 80
10 88
27 67
55 85
15 47
39 84
5 90
3 76
36 89
33 83
37 93
56 70
8 60
35 47
31 38
13 95
57 84
20 67
22 24
8 35
2 92
77 83
54 75
17 25
49 64
44 98
18 61
79 94
62 78
25 38
23 56
22 41
63 78
10 57
27 47
2 80
20 87
11 83
83 85
4 75
10 43
13 35
27 82
18 52
18 22
38 88
89 94
75 80
21 76
6 90
3 54
15 95
2 24
27 72
32 43
46 66
23 72
5 40
85 97
75 97
1 75
54 65
70 99
3 84
5 33
30 70
76 84
18 33
40 64
73 96
74 96
1 60
55 65
23 31
11 89
56 79
50 82
17 72
63 89
5 65
37 80
52 97
32 72
33 57
40 50
81 88
95 98
32 87
89 95
9 89
30 50
6 70
36 44
56 60
15 61
45 72
20 44
15 93
75 89
62 70
36 51
13 60
53 90
2 22
75 79
34 68
14 49
60 75
34 92
13 50
55 76
8 24
1 36
14 74
18 19
55 56
6 62
7 22
45 51
12 58
80 89
66 75
2 44
20 65
38 85
22 64
18 42
4 57
5 10
12 78
47 92
49 56
15 82
28 86
0 65
26 64
65 71
31 45
52 69
33 80
46 50
28 90
17 39
15 89
24 89
24 79
7 90
35 94
50 86
45 73
61 95
30 72
5 16
57 99
37 55
47 98
1 93
43 89
78 89
0 62
56 86
69 74
1 94
26 35
30 81
7 77
2 79
10 96
36 56
50 52
42 57
2 34
23 45
32 69
34 35
71 98
58 65
44 84
34 76
14 85
58 64
36 49
2 13
12 19
55 63
27 28
14 50
59 61
10 66
64 70
18 87
17 73
78 85
21 41
96 98
42 61
33 66
26 67
11 97
29 32
49 95
26 81
3 57
29 93
58 67
27 32
74 89
46 56
29 64
19 86
7 95
69 84
33 69
12 81
38 66
10 78
38 80
58 75
46 86
36 90
33 53
0 17
17 52
12 20
1 65
63 72
33 82
12 79
10 14
47 73
56 71
2 39
21 38
40 47
10 37
22 84
26 82
29 65
