1000
6 994
6 997
0 992
5 996
5 993
3 988
4 991
4 992
2 986
1 987
4 989
6 984
1 981
5 983
4 983
4 982
2 982
5 979
4 976
6 979
5 977
6 976
4 975
5 975
3 973
0 974
0 971
0 966
6 967
6 967
0 965
3 964
6 964
4 960
4 963
6 959
4 957
2 962
0 961
3 960
6 954
3 953
4 955
3 954
5 952
2 954
3 947
2 952
1 946
5 946
1 945
2 948
4 941
0 941
3 939
6 938
6 941
1 937
2 941
3 937
3 935
0 932
2 937
1 931
0 932
6 929
4 933
4 929
2 927
1 925
6 925
4 922
1 925
5 925
3 922
3 918
6 921
1 921
3 916
1 916
4 915
2 917
5 914
2 916
2 910
6 910
3 913
2 908
0 908
4 905
2 908
0 906
4 904
4 901
3 905
6 901
3 901
4 902
0 899
5 896
5 897
3 893
3 892
5 895
5 889
4 892
2 893
5 886
3 885
5 888
2 889
4 885
5 887
5 882
5 885
6 882
3 878
2 879
3 875
6 878
0 874
5 872
3 872
3 871
5 874
3 869
3 869
5 868
1 866
5 867
0 867
4 862
4 864
2 864
1 863
3 859
0 858
4 860
6 856
2 858
5 854
1 853
6 852
1 850
1 852
4 850
2 847
3 849
5 847
6 844
3 843
2 846
5 842
3 840
1 843
4 839
0 838
3 836
0 835
4 839
1 834
5 834
1 836
2 834
4 830
2 830
0 832
5 830
6 825
1 827
0 826
0 822
1 824
2 823
4 824
3 820
4 819
4 819
6 820
2 820
3 813
6 812
6 813
4 815
3 813
5 811
2 807
2 812
3 811
6 805
1 803
1 808
5 807
4 804
4 799
4 803
1 802
1 798
5 796
1 800
4 797
5 797
0 794
6 795
5 790
5 788
5 787
6 786
4 786
0 786
2 787
2 786
6 786
2 785
5 781
4 781
1 778
0 777
0 775
1 777
2 778
0 774
4 772
6 776
3 775
1 773
1 767
0 771
6 767
5 769
2 765
3 765
4 765
1 764
0 762
1 763
2 758
3 761
2 756
4 755
6 758
0 754
6 753
6 755
1 755
5 750
0 753
2 748
4 750
3 744
4 746
3 747
3 745
4 744
4 741
3 743
2 743
6 738
4 740
2 737
6 739
0 736
4 735
2 732
1 732
4 734
1 730
5 732
5 727
3 727
6 726
3 725
5 726
3 721
4 719
0 721
0 723
4 721
1 715
3 720
3 719
4 714
0 713
5 710
3 712
3 708
5 707
6 711
6 708
1 706
3 705
3 703
6 705
4 702
6 701
1 704
5 699
3 701
4 696
1 700
5 696
4 698
4 694
4 691
0 689
3 689
2 690
3 691
4 688
6 684
4 687
6 683
4 685
2 684
3 685
3 681
5 679
5 677
4 675
1 679
1 676
2 674
4 675
3 671
2 671
1 671
2 673
6 670
6 671
5 667
5 664
0 665
4 662
1 662
1 659
5 659
5 662
4 662
2 661
4 657
1 655
3 655
0 656
0 654
1 655
4 650
2 653
3 649
2 650
6 646
1 648
5 647
0 646
3 640
1 645
1 642
1 641
5 641
0 641
6 636
2 634
0 637
1 635
5 633
1 632
4 630
5 628
3 628
0 629
0 630
6 625
1 625
4 623
6 622
0 621
1 620
6 619
2 616
4 619
4 614
0 615
0 616
2 611
4 615
4 610
0 614
5 610
0 608
0 607
5 607
0 608
1 603
4 603
6 601
5 605
5 602
5 603
4 596
1 600
1 599
2 595
4 594
0 595
0 593
1 594
4 592
0 588
0 588
3 587
0 590
2 584
2 585
2 581
4 583
1 580
2 580
1 581
2 582
0 575
4 579
0 575
6 578
3 572
2 571
3 575
3 568
4 571
6 571
2 570
4 567
1 569
1 566
6 562
5 566
5 559
2 558
4 559
6 560
4 560
2 559
5 557
2 552
0 551
0 553
1 553
0 553
1 549
5 546
4 547
2 549
5 544
0 543
2 546
6 541
3 541
5 538
3 539
0 538
4 535
2 537
6 538
0 533
5 533
1 531
1 533
1 532
1 530
6 526
4 530
3 529
5 526
4 527
0 525
2 524
4 524
2 524
0 518
4 521
6 521
5 518
6 518
2 512
1 513
6 510
3 513
2 512
0 510
4 506
6 505
3 506
4 509
0 504
3 507
5 503
4 505
3 501
5 498
5 499
2 499
2 496
1 495
4 496
1 491
1 490
5 490
5 492
4 487
1 487
2 490
1 485
1 488
4 488
4 483
6 480
6 485
1 479
4 483
0 480
2 478
3 478
3 478
4 478
5 475
1 475
4 474
1 472
2 472
2 468
4 466
4 466
3 468
4 463
1 465
2 465
5 464
1 464
6 459
3 458
2 455
3 460
6 459
6 457
0 453
4 454
1 454
0 454
1 447
1 451
6 445
6 448
6 449
0 446
1 445
2 442
5 444
1 439
5 438
6 437
0 437
6 440
1 435
6 434
0 435
1 432
2 433
2 429
2 432
5 428
0 426
0 426
2 423
0 425
1 424
2 420
5 421
4 424
6 422
1 420
2 417
2 414
0 417
6 415
0 412
2 411
6 409
2 412
2 409
1 406
0 406
4 410
1 405
1 408
6 402
5 403
3 400
2 404
5 400
1 402
2 396
5 400
0 393
4 394
4 397
2 391
0 389
1 388
0 388
4 390
1 388
4 389
2 387
3 385
0 381
4 385
4 379
6 382
1 379
4 378
2 380
4 377
4 376
5 377
5 372
4 371
6 372
0 372
4 373
6 370
3 371
5 369
1 366
6 363
6 366
6 363
5 365
3 362
2 359
4 361
4 358
1 360
2 357
6 356
3 357
3 353
5 353
2 349
3 350
5 351
3 346
6 344
4 348
3 346
3 344
1 341
5 342
0 338
4 339
3 338
3 336
2 338
5 339
4 333
1 332
2 334
1 329
3 331
3 329
5 327
1 331
2 326
1 323
3 322
3 322
5 323
4 324
6 318
5 317
1 320
4 321
3 319
2 315
6 315
3 315
1 313
1 311
2 309
3 308
0 311
3 306
4 304
5 305
6 302
2 304
6 303
6 299
1 304
0 300
3 298
1 295
3 300
0 298
1 296
3 292
6 296
1 293
2 292
6 290
1 290
4 290
0 288
1 284
3 287
2 281
1 280
4 283
0 281
6 281
4 282
4 279
0 276
4 274
0 278
4 275
5 274
3 271
6 272
0 270
1 269
5 271
0 265
5 265
4 263
4 262
1 263
2 265
5 258
1 258
5 262
4 256
6 260
3 257
1 257
1 255
3 253
0 250
0 253
4 247
6 250
5 247
4 248
4 245
0 245
2 242
2 240
4 245
5 239
1 237
5 238
6 237
1 239
1 237
2 236
3 233
4 232
6 232
3 230
3 227
5 229
1 227
4 226
6 228
6 225
6 221
6 223
2 219
5 218
6 223
5 222
4 216
4 214
4 214
0 212
3 212
0 211
3 214
0 210
6 211
6 211
4 209
0 208
5 209
2 204
4 205
2 206
6 205
3 200
2 198
6 196
6 200
0 195
3 195
3 194
4 196
5 193
4 191
6 193
1 187
2 188
0 191
4 186
6 184
1 188
4 182
1 182
5 179
4 184
1 180
6 176
2 180
4 177
6 173
1 175
3 171
3 176
4 169
4 169
6 171
0 169
4 166
3 165
1 164
4 162
4 162
4 161
0 164
0 163
0 160
6 157
4 161
1 154
1 155
6 152
1 154
3 156
1 152
5 149
5 151
4 148
0 148
2 148
2 148
1 143
4 145
4 141
1 139
6 144
2 138
1 139
4 139
6 139
0 139
3 135
4 133
0 134
6 133
1 130
6 132
3 129
6 126
1 127
4 124
1 125
6 124
2 122
1 125
5 121
2 122
0 120
5 121
5 114
6 117
3 116
0 115
0 114
1 110
3 108
2 113
4 109
0 105
6 104
6 106
2 107
4 104
5 101
6 101
4 102
6 101
0 97
0 99
6 98
1 98
3 97
1 96
6 93
4 89
3 90
6 87
0 86
6 86
6 88
0 87
4 86
2 85
1 82
1 82
3 83
1 82
1 81
5 76
6 78
6 79
5 78
5 74
3 72
1 75
2 71
6 72
6 67
0 68
1 64
1 64
4 67
5 64
5 64
0 59
4 61
6 61
6 61
5 56
4 55
4 56
2 53
6 54
6 51
4 49
6 54
3 49
5 49
6 48
0 46
2 49
3 44
5 42
6 46
3 39
2 42
3 38
3 40
3 35
4 40
2 36
2 37
4 32
2 31
3 32
0 32
0 31
1 27
2 30
5 29
3 25
3 23
2 26
1 21
0 20
3 18
5 22
0 22
1 17
0 15
4 15
3 16
3 16
5 13
2 12
4 12
6 10
5 8
5 5
5 5
0 4
6 5
1 7
3 5
3 2
5 2
1 0
5 0
0 1
4 0
