999
3 992
5 997
0 994
2 993
0 991
2 990
1 987
2 991
0 990
2 986
3 986
3 982
2 985
2 979
3 983
5 980
4 978
4 976
6 974
0 979
0 975
4 973
2 973
2 971
5 968
1 970
1 969
3 966
5 967
2 963
0 965
1 962
1 963
6 964
5 962
2 957
6 957
3 961
0 954
5 959
6 953
4 956
0 951
3 949
0 952
3 949
6 946
5 948
4 947
3 949
5 946
4 946
1 945
0 944
1 940
4 943
3 936
0 939
3 936
1 938
3 936
6 934
5 933
3 935
4 928
2 930
6 926
2 927
3 929
2 926
0 928
2 923
2 922
6 920
4 922
6 920
3 921
1 915
4 915
6 919
2 914
3 911
0 912
5 915
3 909
2 908
0 908
0 908
6 905
0 908
2 907
0 901
2 904
1 905
3 903
2 903
0 901
2 897
3 895
2 898
0 898
4 892
2 896
5 892
0 892
5 890
1 888
4 886
3 887
6 885
2 887
2 885
1 882
6 882
5 880
0 879
1 877
4 881
5 879
2 874
0 878
2 874
0 870
0 869
5 873
6 872
1 867
5 870
2 869
2 865
4 863
5 861
6 860
4 865
5 863
1 863
5 856
6 855
1 857
5 858
2 857
6 854
0 852
0 849
6 849
6 853
0 849
4 847
5 850
4 849
2 843
0 841
0 846
5 841
5 840
1 840
5 839
4 838
3 840
5 837
3 838
3 837
4 832
6 830
6 834
2 833
1 830
3 830
1 826
2 826
4 824
2 823
5 825
3 820
3 818
3 820
0 820
2 816
4 819
5 819
4 814
0 811
5 815
0 811
1 810
1 813
4 806
1 808
1 806
0 804
0 808
6 805
5 806
4 802
3 799
0 798
0 802
5 796
5 795
2 793
1 793
5 791
1 792
5 793
1 788
5 790
0 786
0 785
5 789
2 785
5 782
2 784
4 781
4 781
3 779
2 777
3 781
6 780
1 775
1 776
6 777
4 777
0 772
3 773
6 768
5 771
1 766
0 771
0 766
4 767
0 765
1 767
3 762
5 759
6 761
1 762
4 762
3 755
5 760
3 754
4 755
6 755
2 750
3 753
0 749
0 747
1 748
6 749
5 748
0 749
4 745
5 742
5 741
0 739
6 744
1 738
0 740
5 737
6 736
3 734
5 735
0 735
0 732
3 731
0 730
5 728
4 728
0 728
3 726
0 728
2 728
0 725
1 723
0 723
3 720
5 719
6 717
1 716
6 720
2 717
3 715
4 717
3 711
1 713
4 709
4 710
5 711
0 706
2 704
4 704
2 707
3 707
6 703
4 701
0 704
6 700
3 698
5 698
3 695
3 693
6 696
5 696
3 694
1 694
1 691
3 687
6 687
4 687
2 689
5 685
0 686
6 686
3 683
1 681
3 679
6 677
1 680
5 677
2 680
0 678
1 678
6 675
2 671
2 672
5 670
3 673
5 672
6 668
0 664
2 668
3 663
6 666
5 660
4 664
3 663
1 658
0 656
0 659
2 657
1 655
1 656
1 653
5 652
3 652
1 649
5 650
6 649
6 650
2 646
0 649
3 646
1 642
2 641
3 640
5 642
0 640
4 642
6 635
6 638
3 635
2 638
0 637
4 636
3 629
5 628
2 630
4 627
1 631
6 627
1 627
3 624
2 622
0 625
0 620
2 619
0 618
5 622
3 620
3 616
6 619
6 612
3 612
0 614
2 612
1 608
1 610
4 609
0 606
3 607
1 609
4 607
2 607
5 606
3 600
3 601
4 603
2 597
0 596
3 600
5 593
4 595
4 593
6 596
1 589
3 588
2 589
0 592
4 588
3 589
5 589
6 588
5 585
1 584
1 579
6 584
1 580
1 576
3 575
0 576
0 579
2 576
5 573
6 572
1 570
6 568
1 571
5 572
3 571
2 564
0 563
4 565
4 566
3 564
6 565
2 564
4 563
3 558
4 558
2 560
6 557
0 556
4 551
1 552
2 550
5 549
1 552
0 546
2 548
6 545
6 543
3 542
2 543
0 545
1 541
5 541
1 543
0 542
4 539
1 539
1 535
4 537
0 531
2 530
0 531
4 529
3 532
5 530
3 530
2 530
3 527
5 526
3 521
2 525
0 519
3 518
1 523
3 520
1 519
4 520
1 518
6 517
2 513
2 510
4 510
6 511
1 513
0 508
0 510
3 506
0 505
1 508
5 505
5 502
4 505
1 502
5 499
4 502
4 495
6 496
1 497
6 495
0 496
4 494
3 491
0 491
3 491
0 487
2 488
0 485
0 487
0 488
3 482
6 481
3 484
6 484
5 483
3 477
5 479
1 479
0 473
0 478
0 471
3 471
0 472
0 468
3 471
3 470
3 471
5 467
3 464
1 467
0 465
0 466
3 459
2 463
0 460
3 456
5 461
3 457
4 453
5 454
1 451
1 454
3 450
0 449
3 450
2 451
1 451
1 448
1 445
4 443
4 446
3 442
1 442
3 440
1 440
0 436
5 439
6 438
4 437
4 436
4 435
6 430
1 433
1 429
5 429
4 428
4 428
4 428
0 428
3 422
0 422
0 426
3 424
0 419
6 421
4 418
5 417
2 418
4 416
1 418
0 417
3 411
0 409
4 409
1 410
6 408
5 409
1 407
0 404
5 404
5 403
5 402
6 402
2 402
0 398
0 399
3 396
6 395
1 395
3 394
4 397
6 394
3 395
2 392
0 393
3 387
0 386
0 386
5 385
3 382
1 383
3 384
6 383
1 379
6 378
5 377
1 378
5 379
3 379
4 377
6 374
1 374
4 372
5 369
4 368
1 370
5 367
6 370
1 366
4 363
4 362
2 361
3 359
4 360
1 357
4 359
4 356
1 360
3 358
6 355
6 354
2 353
2 353
3 353
3 352
5 349
0 345
5 344
2 344
2 342
6 343
5 341
3 345
6 340
1 339
0 336
2 335
5 338
2 336
4 337
2 333
5 334
5 330
4 329
5 331
5 329
1 326
6 328
5 328
5 327
4 327
4 326
2 320
4 322
6 320
0 319
6 316
5 316
2 315
0 317
0 313
0 315
1 313
6 313
3 311
1 307
4 310
0 308
5 306
2 303
5 306
4 304
0 304
0 303
6 298
2 298
2 301
5 296
3 298
3 293
0 292
2 292
6 289
2 288
6 288
6 292
4 291
2 284
3 286
6 284
4 287
0 280
3 279
1 282
4 278
1 279
6 280
3 274
3 279
2 276
3 277
1 272
6 273
5 274
3 267
0 267
2 265
0 267
1 267
0 263
0 263
5 261
0 259
4 258
4 258
0 256
3 257
4 258
4 256
6 254
1 252
0 253
5 254
0 251
3 252
5 249
4 249
2 248
1 245
0 245
3 243
3 243
2 242
3 242
2 237
3 238
5 238
3 238
4 238
6 234
6 234
6 234
1 235
2 231
5 228
5 229
3 227
4 227
5 227
4 223
4 221
1 223
6 220
4 224
2 221
5 220
0 215
4 216
4 214
5 215
6 214
0 215
3 214
4 209
3 208
1 206
5 210
3 207
5 205
3 202
1 204
0 200
3 204
0 204
3 201
2 202
2 198
5 195
2 197
6 198
3 195
0 194
4 194
3 190
5 193
3 189
3 186
6 185
1 186
5 188
2 185
6 183
5 181
6 183
1 177
5 179
3 180
2 178
3 179
1 175
0 175
0 170
2 174
2 173
1 173
2 169
4 169
5 170
5 164
3 165
4 166
2 162
6 164
3 159
3 159
6 157
3 156
5 157
0 156
2 153
4 153
5 151
2 154
2 154
5 150
0 148
2 148
5 150
5 143
3 148
0 145
2 145
1 141
1 143
6 137
5 142
2 141
1 140
6 138
6 134
6 136
6 136
4 131
0 129
1 127
3 128
3 131
3 126
4 126
2 124
5 123
1 122
4 124
4 120
6 120
0 120
6 120
6 119
5 115
3 114
3 117
2 114
0 111
3 108
1 112
1 107
4 106
1 108
1 107
6 107
6 107
1 105
0 101
3 103
2 100
5 98
3 95
6 94
2 94
2 98
3 92
4 95
2 95
2 93
2 91
0 89
5 85
1 88
3 89
6 86
2 86
3 83
0 80
3 82
1 83
2 77
5 79
2 80
2 75
3 78
0 71
6 73
1 75
4 68
3 68
5 66
6 65
5 66
1 64
2 67
3 66
5 65
6 63
2 62
0 62
4 60
3 59
0 58
5 57
0 53
4 56
0 52
1 51
6 49
6 48
3 47
0 51
3 44
6 46
2 47
6 45
5 45
5 45
2 43
2 41
6 40
1 40
4 35
3 33
0 33
4 37
0 31
6 35
5 28
2 30
0 30
5 31
0 30
6 23
6 22
2 22
6 23
2 19
1 22
5 20
6 16
0 17
4 17
2 13
3 17
1 14
0 16
1 15
5 11
0 8
1 9
5 9
4 10
0 8
4 2
1 7
6 4
0 4
4 2
4 0
2 2
5 1
4 0
