1000
60 141
137 260
17 575
975 13
920 150
265 78
966 185
194 97
962 825
22 466
520 12
754 97
980 93
729 855
73 610
390 140
592 376
694 195
309 671
389 807
738 515
642 420
486 833
978 565
413 107
319 251
172 161
23 604
655 210
473 713
541 552
965 265
314 683
342 692
198 149
424 647
979 758
624 904
807 808
54 294
302 174
398 902
635 549
729 648
92 214
886 854
383 460
100 715
762 257
565 753
551 584
663 120
218 24
521 726
564 114
663 579
108 739
715 549
361 341
405 1
177 44
872 651
778 679
708 778
453 107
843 723
523 157
339 396
264 988
115 763
594 434
31 517
891 389
451 350
719 846
990 113
130 748
200 678
744 505
840 112
908 692
257 38
474 249
361 599
23 239
368 280
1 221
57 369
0 794
917 554
358 933
385 533
354 822
133 874
789 553
623 565
230 182
991 443
657 667
754 266
991 957
553 705
831 990
296 286
157 36
32 331
382 241
416 67
591 685
965 881
920 217
389 614
18 650
247 313
616 540
646 700
734 478
748 856
147 526
955 45
710 907
470 957
479 857
899 526
38 170
783 962
384 354
645 813
611 266
416 436
145 861
166 810
477 783
524 284
813 708
745 567
612 494
140 905
976 213
633 64
371 48
603 109
523 813
140 476
95 266
351 926
767 587
316 312
97 129
371 295
878 931
748 242
482 429
1000 19
474 546
733 159
216 769
191 645
345 987
224 101
135 644
663 726
213 832
172 498
965 36
776 764
963 230
959 459
319 834
292 883
631 9
630 156
125 559
526 201
735 401
653 965
235 348
167 663
996 208
391 362
421 960
176 14
1000 244
808 207
296 834
976 951
756 130
716 179
51 575
527 788
444 556
779 729
994 581
169 105
70 524
107 190
259 365
912 628
572 890
542 38
917 950
114 797
931 138
273 477
757 122
443 319
520 320
344 228
352 242
945 943
27 58
105 463
97 677
47 659
447 208
228 51
590 214
30 950
324 523
721 271
406 996
839 985
209 609
105 977
330 189
552 543
537 958
912 28
265 937
340 865
37 873
424 770
508 906
643 113
382 389
839 994
795 673
733 828
672 289
441 518
277 677
867 924
203 167
521 737
894 959
38 993
322 319
235 919
414 110
734 952
171 708
714 549
973 288
979 69
475 489
383 816
849 259
543 870
825 841
775 233
384 323
258 258
605 342
952 80
565 401
228 119
737 88
750 488
913 410
248 672
204 451
611 222
783 245
220 889
162 819
330 766
228 13
509 250
652 636
973 434
222 248
472 400
260 649
903 701
701 278
839 878
34 705
965 193
847 672
73 344
724 542
231 604
9 576
354 430
499 39
70 580
757 664
310 724
627 243
87 273
421 257
15 663
891 690
962 51
592 883
209 496
965 45
662 388
555 112
428 419
990 516
11 754
838 231
503 540
469 529
291 810
589 68
110 212
526 388
850 143
945 204
500 674
228 853
245 307
300 729
724 790
121 695
873 642
377 964
757 153
967 342
295 280
710 99
205 536
306 850
814 68
553 868
447 145
678 512
321 681
831 46
407 391
235 232
149 681
96 369
402 829
778 843
409 55
269 298
300 318
862 925
467 445
283 797
197 354
166 92
697 63
223 80
259 801
933 752
80 204
872 303
8 707
660 45
75 481
340 411
948 879
250 72
639 330
594 277
938 136
714 327
112 943
111 730
337 560
588 354
75 81
496 505
4 270
268 91
940 710
976 338
995 515
416 151
969 85
958 744
161 751
892 547
259 515
227 706
189 879
716 435
853 124
129 870
26 84
71 787
991 473
527 165
39 63
206 391
554 290
170 513
944 769
962 791
129 987
871 403
861 59
899 522
595 636
711 560
714 234
438 503
157 730
587 277
87 735
903 877
446 790
343 229
293 497
408 233
806 939
752 618
175 70
740 116
868 142
436 659
420 92
134 350
382 316
625 447
5 0
90 754
2 863
799 32
404 258
118 79
646 934
772 51
182 541
267 551
76 310
432 375
501 164
631 393
644 131
985 491
337 654
626 811
874 921
111 20
999 826
819 530
938 679
140 936
39 722
464 110
880 193
841 135
289 836
217 614
858 702
974 922
41 912
607 419
963 330
449 730
595 26
913 543
716 367
503 31
910 518
306 342
451 649
468 939
998 215
628 674
25 397
846 316
408 94
773 363
988 341
743 760
638 153
352 461
699 188
147 877
823 370
933 147
649 779
731 903
500 741
926 150
671 999
655 52
795 259
117 788
87 982
403 593
279 15
448 315
676 323
643 669
603 323
30 821
189 229
804 462
203 191
827 921
257 4
638 937
519 498
16 914
24 619
483 987
705 428
597 875
20 921
597 329
115 183
29 194
59 169
579 863
990 335
396 862
534 260
807 85
526 980
901 769
356 959
969 374
845 941
347 295
222 470
113 295
609 207
6 570
615 180
241 388
785 886
40 89
409 919
400 852
954 136
351 792
366 724
419 141
322 806
177 368
218 528
764 459
303 704
557 28
846 582
15 255
479 440
631 468
884 565
503 614
525 959
619 684
841 975
891 67
530 434
836 519
510 361
974 598
583 546
220 287
194 718
577 29
803 909
676 735
699 675
119 834
541 712
287 33
567 329
643 74
710 583
251 441
876 15
100 610
455 51
490 528
180 765
157 334
485 79
447 426
729 860
470 865
222 459
108 135
927 534
601 215
255 236
276 971
733 135
707 120
657 657
586 173
920 970
600 777
637 350
494 632
376 953
455 680
214 879
918 141
527 321
301 268
434 749
664 530
66 960
143 441
115 388
67 523
58 313
129 976
286 151
505 713
337 634
497 924
794 829
643 258
304 668
433 655
739 767
36 316
685 466
150 790
511 631
43 380
875 582
319 607
685 952
446 348
581 808
199 56
784 123
785 773
584 763
598 310
614 213
286 962
82 904
657 979
360 101
12 386
881 75
138 748
103 290
293 478
22 34
117 485
894 497
450 158
760 513
705 734
764 615
497 989
887 52
66 390
352 982
286 245
343 26
511 783
260 650
124 432
591 799
362 550
256 655
565 495
296 837
388 50
723 679
384 813
737 493
637 819
447 787
284 863
29 543
861 699
844 492
875 741
0 147
404 710
355 702
744 578
610 666
583 19
751 358
286 396
678 761
690 349
287 922
594 969
664 5
247 197
179 414
533 897
104 49
684 435
144 991
666 721
913 294
644 993
665 72
286 295
109 558
859 502
330 195
933 866
163 62
747 315
969 196
421 965
86 813
673 728
537 149
577 628
436 640
545 361
261 947
587 620
13 995
212 70
437 174
789 482
740 912
842 787
579 507
878 88
766 710
646 486
41 171
529 780
192 468
627 971
924 800
311 466
915 66
131 244
6 795
651 553
781 518
288 985
623 652
411 774
596 507
856 700
347 709
949 801
315 896
379 928
550 284
579 760
22 751
126 272
170 483
444 197
279 148
712 600
497 277
903 440
278 384
755 714
705 77
480 854
336 2
867 540
909 562
126 324
35 228
809 685
124 648
336 714
189 123
596 123
979 53
860 995
945 185
442 60
771 342
675 635
48 911
30 711
306 262
828 855
832 757
140 407
885 825
857 922
202 65
629 816
867 831
171 273
145 34
839 292
127 12
763 0
883 1000
639 818
707 174
963 313
392 439
778 137
167 548
531 700
44 374
891 365
31 519
937 115
732 173
751 589
606 604
847 120
72 771
908 759
611 470
574 293
319 393
394 696
905 926
143 5
503 330
264 42
195 792
841 905
849 495
242 213
752 497
705 771
668 969
860 316
883 381
27 689
297 489
539 947
173 590
613 449
400 352
799 924
735 603
253 509
968 791
583 656
518 604
416 179
47 539
354 906
767 978
133 806
859 29
943 163
6 729
360 292
905 968
666 591
876 895
380 978
455 476
414 57
234 551
149 515
258 134
241 602
16 465
97 259
161 22
1 382
652 383
91 723
669 708
333 318
361 278
181 991
219 636
674 619
537 718
842 80
793 30
263 438
950 491
128 771
844 660
413 980
130 736
56 860
763 234
272 808
366 339
653 734
425 865
465 75
53 979
380 186
713 676
827 172
950 89
117 774
129 313
77 566
531 149
153 92
158 101
193 841
733 863
830 232
38 895
410 383
983 9
272 602
48 912
525 537
320 559
42 565
383 577
298 553
204 399
88 166
943 6
481 27
962 959
333 671
448 215
937 526
15 131
396 475
168 741
377 752
595 962
100 958
728 296
678 207
178 568
7 747
799 360
411 885
464 671
376 353
57 996
814 95
382 605
709 395
232 455
286 362
395 160
462 743
762 744
550 428
473 515
399 914
858 780
1000 11
542 986
67 684
592 121
374 682
64 725
335 749
669 61
977 502
248 871
464 204
948 322
891 578
933 488
407 653
897 472
375 639
548 716
428 215
491 325
149 941
634 491
414 323
583 938
23 790
278 965
533 13
597 653
703 354
405 881
541 937
483 33
97 893
447 121
538 3
938 456
20 643
607 205
795 359
130 248
119 646
316 581
8 848
758 537
506 366
964 148
734 621
527 657
