1000
855 779
791 158
438 571
569 539
450 411
489 595
17 251
310 56
372 756
401 880
215 486
594 604
670 720
670 748
421 141
230 528
70 95
289 224
166 410
94 475
456 650
527 818
614 858
960 104
510 318
162 595
590 532
374 597
196 14
930 656
162 19
193 913
875 881
647 502
350 642
650 474
92 132
858 261
948 465
976 766
262 721
755 278
935 194
621 300
890 900
528 606
945 468
9 881
49 979
774 506
667 848
859 755
489 177
197 981
693 674
623 16
217 619
650 533
25 437
254 899
82 997
469 466
483 690
664 920
855 894
183 587
577 723
126 82
790 287
213 18
87 605
608 574
200 892
6 632
399 3
710 52
528 781
453 330
800 12
433 217
769 986
786 127
315 223
866 622
848 504
92 194
731 295
280 643
771 268
393 156
11 907
375 714
136 554
122 421
707 271
14 548
142 989
825 449
687 90
312 252
418 496
712 166
379 348
553 673
527 945
165 286
447 897
84 703
999 953
509 341
274 374
434 567
785 782
777 221
350 378
894 7
637 705
465 933
565 308
239 461
529 359
642 554
647 993
887 951
341 698
445 495
724 564
303 701
156 692
105 988
52 496
767 541
474 766
33 347
380 496
928 377
657 551
565 491
329 344
356 321
488 547
626 706
833 818
811 539
103 354
732 967
710 957
354 40
317 910
288 276
150 575
310 988
968 719
103 408
642 10
781 80
224 892
774 286
822 671
910 284
480 998
825 566
554 912
731 91
654 299
866 168
140 153
660 672
635 401
643 150
800 618
264 688
813 655
318 637
334 14
383 679
11 95
674 744
817 419
300 549
869 961
910 626
176 309
275 302
279 946
356 784
830 658
522 155
33 766
817 999
308 959
644 83
492 702
746 432
661 91
986 552
23 728
356 464
879 402
807 342
587 715
745 698
647 635
498 627
27 619
864 451
280 685
293 947
479 134
883 534
734 34
915 921
703 893
685 368
299 444
231 825
789 666
200 773
246 364
572 687
137 758
350 731
42 16
716 711
317 682
691 16
112 130
747 67
146 693
8 88
37 649
553 685
73 678
362 127
199 192
511 464
888 151
673 532
861 178
409 847
427 61
327 27
613 201
390 349
504 101
385 169
347 535
260 664
626 960
338 292
445 108
345 814
326 975
233 224
185 848
441 861
100 827
603 762
753 346
936 394
536 744
606 614
126 426
510 748
493 622
481 201
618 622
190 988
120 242
358 781
117 243
498 590
902 960
789 339
84 137
386 204
860 86
569 928
372 188
633 194
524 79
528 899
536 879
606 320
21 264
233 938
409 223
281 356
115 545
716 143
965 359
82 6
657 191
243 462
130 74
411 192
52 767
840 689
273 624
339 496
832 60
567 405
713 987
798 670
142 238
892 231
90 295
317 380
958 533
72 129
413 767
760 311
924 220
21 35
58 690
992 281
655 748
579 184
175 909
965 524
353 292
515 353
324 550
116 528
178 676
405 136
0 807
603 355
187 894
932 139
293 381
399 522
463 322
926 713
148 840
239 169
847 789
42 393
995 483
757 326
964 667
558 149
858 248
857 985
618 296
54 818
591 267
95 849
471 328
531 246
299 789
849 942
98 191
59 109
618 167
731 198
385 35
47 615
696 304
83 529
143 473
581 657
321 922
219 425
682 271
190 579
750 745
747 14
606 518
749 909
894 649
301 586
958 258
328 738
491 936
515 452
842 797
408 859
793 76
12 476
76 12
775 149
674 948
642 854
216 606
864 586
375 522
240 0
252 378
669 816
110 404
693 853
41 125
331 502
187 864
687 712
525 900
868 845
846 602
696 927
667 112
408 191
406 147
130 400
187 257
342 230
685 335
826 291
726 225
675 226
889 318
821 397
987 106
639 201
985 640
707 895
245 688
151 997
735 666
89 282
260 187
268 124
407 787
243 398
704 583
838 265
274 101
928 924
942 700
252 990
487 963
699 665
718 219
20 576
125 358
471 795
233 549
876 485
460 245
243 232
463 102
531 945
44 489
697 426
719 369
990 697
181 275
130 665
8 581
458 589
200 886
129 147
41 503
655 969
25 948
709 637
214 512
451 603
568 578
896 98
158 841
647 330
802 658
74 302
703 626
984 788
204 238
422 323
433 805
544 253
1 941
927 669
242 858
35 744
872 708
437 220
432 502
27 765
51 455
51 497
72 477
241 768
752 909
285 224
585 868
957 82
105 438
293 343
526 9
905 245
720 715
66 199
842 403
429 785
457 951
980 340
134 674
937 970
280 554
302 877
361 839
849 196
333 106
256 607
627 52
60 100
56 22
368 454
693 39
416 734
218 917
135 751
81 41
667 402
307 394
23 859
318 280
636 67
373 47
840 239
82 347
905 752
874 938
766 297
13 186
686 987
49 994
384 204
458 147
986 826
871 33
827 613
745 423
743 894
110 363
309 958
973 647
763 422
582 803
902 116
668 91
896 615
116 810
539 259
262 243
179 520
712 79
501 10
932 809
889 226
700 438
411 123
29 257
540 788
606 130
457 261
383 348
288 685
463 262
626 634
69 232
62 412
931 983
55 776
175 9
20 523
489 768
277 46
463 890
546 494
433 138
265 437
571 363
575 608
975 198
864 608
871 463
469 854
325 1
355 260
990 564
222 394
815 438
796 647
955 917
593 519
21 23
265 436
978 282
181 549
312 526
331 830
701 270
967 859
662 855
299 313
224 227
775 731
344 257
202 403
207 825
478 546
490 677
75 315
917 722
492 920
90 536
801 640
401 233
214 22
776 355
496 747
246 472
857 932
966 760
755 173
867 455
575 812
567 835
60 328
736 659
210 358
48 209
12 406
247 185
265 755
554 202
201 507
89 39
858 349
965 350
242 779
17 871
574 593
444 937
861 569
531 737
839 43
478 29
1 613
821 786
228 191
865 408
859 477
220 315
754 369
17 126
719 87
839 109
786 708
61 35
915 583
484 323
591 532
263 763
975 207
521 773
33 503
751 963
162 435
692 422
7 121
953 552
45 865
480 190
637 675
278 741
207 709
858 516
736 640
606 389
331 148
836 193
436 163
188 218
582 302
34 723
390 113
390 39
892 779
471 839
559 555
214 554
342 15
65 849
728 57
345 254
240 844
859 182
901 396
28 844
246 834
900 964
211 594
830 517
540 482
325 269
300 462
753 687
562 928
161 4
60 637
7 998
462 947
740 548
575 31
558 57
489 269
310 204
263 91
937 969
157 251
923 504
871 933
989 875
380 133
544 633
250 543
158 395
437 414
131 954
64 783
409 368
813 895
254 640
75 423
686 374
937 280
336 892
919 481
404 193
304 20
102 273
379 108
925 73
993 924
16 323
551 219
666 614
638 872
540 759
402 387
725 263
842 686
27 188
46 570
27 725
108 255
460 1000
136 209
673 700
433 572
693 170
497 794
360 126
15 670
61 853
387 771
405 916
174 267
483 593
876 718
993 659
951 359
286 128
146 394
43 444
20 846
985 11
320 131
630 840
165 231
658 561
314 35
429 166
13 953
311 929
669 873
690 27
129 321
129 991
236 697
128 474
284 722
575 109
929 93
295 24
286 802
542 801
993 769
895 100
104 15
805 895
984 324
136 586
664 575
638 987
131 445
279 650
636 987
372 779
52 55
60 987
638 965
360 442
367 412
887 783
40 40
708 920
691 146
635 812
343 854
876 331
384 402
669 198
175 986
799 142
896 514
666 576
10 188
974 184
768 395
884 910
627 96
251 28
644 877
989 722
802 172
873 987
155 214
635 94
564 665
216 191
100 672
815 54
31 436
651 279
634 660
905 178
675 733
396 583
199 79
661 357
773 906
409 376
818 402
30 596
42 621
697 527
41 767
677 618
826 733
717 776
584 645
390 311
113 212
333 513
303 33
496 828
89 706
813 766
928 745
576 889
736 383
280 550
306 877
61 524
440 554
523 595
790 237
199 492
598 200
730 411
758 159
121 803
4 542
172 197
940 928
134 460
142 212
532 473
724 541
315 781
561 652
593 139
242 311
672 621
187 499
96 448
394 78
451 563
113 781
468 512
64 60
545 270
780 661
74 166
747 55
778 821
129 642
324 383
952 770
669 736
86 30
455 398
358 20
866 360
197 836
921 509
741 441
611 413
284 955
848 665
62 587
539 627
209 275
963 499
415 141
248 312
103 541
787 547
462 785
137 800
752 458
607 615
348 759
532 21
918 519
784 511
129 808
278 34
326 491
290 283
701 122
387 104
655 162
847 814
951 166
896 685
45 67
831 305
710 303
468 863
177 195
928 693
657 355
682 768
488 605
257 625
23 887
626 277
61 337
919 617
283 389
36 822
633 231
455 625
308 883
158 150
685 890
446 25
165 308
688 351
566 955
954 727
102 589
993 112
307 928
192 711
648 639
522 76
591 33
171 487
86 100
629 796
325 652
417 737
116 796
724 125
584 518
69 680
567 544
639 299
829 633
934 65
110 432
124 357
513 779
913 594
779 830
541 408
593 420
992 358
406 906
679 620
896 863
545 902
767 491
896 266
734 640
