1000
190 533
154 63
347 275
341 28
586 607
977 164
71 38
613 321
568 657
43 123
793 913
456 564
490 477
954 687
427 70
134 368
882 91
25 376
973 544
866 464
987 309
9 24
631 445
50 939
30 177
334 269
330 912
658 112
265 736
742 213
354 663
330 108
883 7
141 548
339 581
967 287
288 814
904 14
568 138
985 272
718 12
751 129
688 617
711 476
440 922
106 26
142 150
316 128
480 297
767 430
110 925
366 267
791 227
281 273
832 946
748 36
845 712
908 474
21 122
48 24
859 92
90 340
54 731
835 72
896 346
795 176
936 617
333 133
727 119
102 213
441 221
375 923
386 455
49 394
411 434
596 776
185 142
138 930
706 693
414 391
358 44
465 508
736 763
634 538
56 357
234 183
169 120
178 314
535 842
720 684
469 560
948 891
851 35
308 350
702 544
62 690
397 107
571 133
482 54
481 942
565 618
312 801
604 322
463 428
547 854
641 310
699 56
184 320
772 893
230 57
885 44
460 8
911 561
627 949
594 51
881 409
520 327
641 954
348 845
133 884
840 17
910 294
934 494
891 175
176 6
565 144
999 622
458 114
302 374
74 738
421 959
759 655
258 526
844 284
454 700
773 731
206 481
200 342
141 811
904 156
630 177
25 10
211 800
523 575
651 359
13 483
133 955
585 420
453 867
89 832
778 569
68 858
190 497
743 458
109 715
919 464
783 218
558 301
84 719
893 127
767 591
612 890
405 602
410 855
148 606
600 265
41 316
48 869
171 836
881 382
688 371
291 114
550 924
296 482
792 922
547 92
515 186
775 250
726 762
752 965
741 475
663 383
708 306
206 146
840 692
137 98
647 460
848 577
899 541
468 360
283 20
694 990
563 296
345 560
870 981
131 537
590 555
315 683
650 412
234 19
948 768
883 349
719 465
872 320
228 856
555 257
300 684
162 392
525 83
256 311
549 435
115 329
670 528
311 374
604 25
941 724
267 465
378 891
720 339
844 516
687 725
829 670
128 425
687 132
520 250
103 314
704 793
112 549
677 779
285 585
457 652
444 18
527 914
552 869
719 250
509 610
931 973
278 326
222 434
257 355
403 173
657 739
7 965
668 221
948 19
163 673
96 558
209 57
87 670
329 760
207 463
767 39
591 593
27 153
682 441
672 823
763 841
189 868
135 278
701 316
387 154
50 268
86 31
364 600
659 860
636 764
816 652
834 298
780 637
152 713
528 652
584 870
39 943
14 78
783 454
443 706
215 354
368 876
530 246
563 195
948 629
871 782
999 780
62 347
934 308
162 339
58 730
176 645
311 921
444 996
317 668
837 268
274 163
26 159
462 723
712 128
202 731
199 541
178 793
232 625
44 719
485 684
46 70
920 960
979 552
864 403
833 937
701 586
216 689
242 933
881 319
687 579
856 771
455 130
761 908
995 739
56 28
208 211
288 324
677 237
805 187
902 338
30 71
328 556
18 703
958 918
577 148
893 686
26 381
278 373
367 872
431 117
495 767
310 362
998 556
838 302
805 662
302 343
642 258
38 950
53 439
736 328
683 557
177 217
924 520
15 684
920 956
621 295
308 680
970 646
164 781
677 549
535 465
493 473
474 608
804 938
777 359
25 937
202 442
699 434
592 817
581 322
860 207
151 32
167 897
483 283
877 930
851 555
412 543
35 791
180 682
678 337
0 545
514 485
650 617
331 461
557 115
7 615
82 27
584 574
522 794
603 728
389 672
19 209
294 860
429 637
668 401
724 72
747 752
102 748
218 927
138 750
448 915
777 755
306 370
926 63
737 952
169 73
137 533
707 544
324 464
143 410
686 927
429 134
405 37
539 139
724 649
191 359
162 964
188 570
749 911
844 129
627 540
526 9
785 869
888 728
47 626
988 133
125 566
113 563
643 525
934 406
131 189
989 861
991 217
351 1
865 121
644 919
71 663
59 615
14 305
550 682
319 479
156 813
794 261
453 932
15 180
233 342
152 970
802 878
823 14
455 805
94 134
861 869
135 833
673 183
252 347
782 828
977 814
726 778
6 743
759 499
291 24
283 668
325 945
685 182
241 424
518 19
486 573
965 892
689 196
699 672
948 970
426 313
195 203
562 417
364 948
633 24
830 281
926 712
599 513
833 716
764 25
643 147
811 272
285 217
725 481
924 337
546 6
749 462
483 778
624 271
170 556
198 634
116 818
171 275
448 15
912 930
241 838
291 485
599 995
963 487
983 153
688 988
330 485
861 432
907 572
114 162
322 415
760 23
52 962
842 431
540 402
3 612
525 347
927 465
799 604
760 551
350 131
173 342
992 718
5 886
557 607
470 448
684 400
454 677
181 907
778 906
627 799
138 98
660 248
896 480
479 534
781 330
609 25
687 325
320 184
412 852
292 605
925 177
831 398
999 427
717 667
638 289
932 844
766 983
809 127
405 560
76 437
246 229
957 64
852 748
993 572
409 447
423 675
851 550
577 527
35 118
408 681
831 572
358 756
608 401
167 879
639 529
225 136
428 721
920 326
714 986
128 488
42 959
302 539
101 352
680 690
583 306
90 995
275 144
250 27
742 617
763 542
643 490
550 419
182 867
780 356
302 659
377 424
951 521
189 330
809 70
98 306
601 755
968 237
960 254
898 7
18 64
704 119
778 601
733 11
834 149
728 239
446 125
878 18
800 836
49 157
514 678
84 130
953 264
981 847
419 43
598 841
38 293
947 409
597 483
737 704
330 271
126 411
358 790
156 768
989 206
523 710
588 474
5 642
665 856
318 92
635 585
875 19
396 816
135 636
176 222
684 667
303 324
128 921
916 68
698 724
458 711
660 981
474 344
620 641
700 997
90 970
557 148
96 836
804 44
837 713
854 520
17 874
878 752
320 620
709 775
70 683
461 802
17 952
991 426
367 750
68 142
852 255
617 965
608 459
496 842
398 157
879 832
34 241
772 260
831 828
716 281
978 882
288 288
268 865
12 648
291 773
589 423
329 667
334 774
610 252
475 453
330 387
592 975
994 394
746 102
472 316
582 189
462 433
325 846
857 835
70 309
378 282
729 67
8 607
255 625
863 970
969 915
9 65
747 678
308 219
939 623
938 601
37 501
24 39
386 636
223 684
817 573
864 381
176 311
754 884
967 402
15 473
702 767
722 422
939 808
448 690
406 295
717 682
365 93
383 411
440 154
334 214
192 605
403 657
985 679
689 213
907 566
778 558
454 150
624 709
871 826
32 630
525 741
668 757
871 635
335 23
423 486
142 809
448 118
797 860
837 633
384 456
505 722
1 441
742 967
864 363
761 870
162 155
210 599
98 983
838 499
606 178
237 476
899 512
91 383
393 810
19 55
34 387
613 493
119 325
724 747
4 845
783 221
117 216
257 267
220 804
302 361
542 277
215 251
658 644
965 722
681 633
824 351
827 181
760 544
698 791
922 195
966 54
505 697
15 748
103 533
63 288
950 445
450 390
209 6
168 346
911 745
247 673
410 641
330 66
566 465
173 654
588 875
354 979
107 537
840 330
582 824
124 955
558 821
922 402
140 390
371 272
474 875
551 499
756 244
859 613
718 782
103 947
812 522
182 776
455 824
71 252
453 289
832 323
60 575
553 576
173 688
20 809
118 928
562 911
688 366
418 53
919 608
432 573
550 130
240 571
866 627
51 763
304 221
498 727
180 994
33 560
43 662
306 22
778 709
701 745
70 835
757 846
466 222
454 202
521 502
371 251
228 917
916 224
237 729
157 172
411 64
837 357
782 364
606 792
312 804
984 15
419 104
231 7
239 619
172 36
87 4
703 310
797 66
363 276
263 581
474 225
305 470
142 575
34 701
760 86
579 68
424 410
666 135
184 883
574 317
950 805
827 325
533 261
711 752
202 623
53 60
294 590
520 501
217 994
352 906
617 768
953 588
10 816
79 654
988 997
911 73
455 424
242 637
442 613
349 644
336 613
775 595
652 893
284 698
282 713
523 853
752 486
919 340
931 12
432 373
989 146
226 303
71 830
208 739
365 476
251 483
929 427
207 158
932 837
734 922
154 171
131 278
228 612
116 955
269 321
545 461
174 619
90 232
92 422
579 74
508 976
996 126
934 540
384 898
588 499
229 29
493 761
176 929
177 824
731 131
995 504
648 611
753 152
613 943
302 671
772 636
826 721
93 627
464 787
438 146
869 941
655 828
923 556
490 400
345 724
504 157
122 143
524 419
593 247
415 116
170 923
100 59
979 599
779 780
407 539
322 772
97 433
491 867
745 371
865 789
305 81
137 987
301 319
419 285
182 708
217 427
196 715
707 991
262 282
778 729
384 599
605 38
544 124
592 610
134 963
129 915
279 187
317 334
684 245
266 876
797 817
501 595
722 543
555 391
515 542
792 741
100 543
6 984
657 564
771 977
990 73
588 695
320 939
647 392
444 5
609 866
52 57
937 309
382 749
126 932
112 171
849 273
829 30
876 746
806 334
889 679
402 680
266 456
698 282
767 592
947 214
521 936
349 887
259 752
392 665
261 444
