1000
517 878
391 620
166 433
835 70
846 285
470 980
362 875
933 540
494 384
26 893
300 78
272 601
308 491
185 631
535 0
146 497
883 55
608 831
745 183
786 11
921 578
687 850
609 119
769 7
410 518
779 348
872 43
7 504
753 768
337 54
352 573
817 330
696 682
884 670
641 802
456 322
621 795
108 534
26 395
999 44
586 558
317 902
894 31
451 432
341 773
986 131
636 790
669 228
171 900
801 558
636 754
195 52
157 290
993 597
524 338
111 56
431 442
934 88
506 143
991 354
764 477
103 503
810 569
920 573
997 850
884 144
453 294
441 659
423 408
408 71
89 238
422 478
233 478
638 564
147 447
270 89
98 406
675 190
823 995
258 920
867 12
417 814
678 819
242 33
951 302
866 465
493 135
787 283
518 9
549 602
293 417
231 486
201 793
273 117
226 77
418 846
497 565
125 271
639 52
927 262
521 377
637 235
87 7
300 383
684 629
0 651
935 653
334 707
70 796
326 144
628 242
534 166
210 749
142 360
247 894
303 951
979 778
86 376
225 171
749 832
315 562
350 689
461 927
25 589
754 620
248 800
651 794
773 168
792 184
94 694
314 232
373 198
457 219
822 601
419 492
159 8
783 910
252 106
374 843
511 581
855 373
889 604
289 603
213 895
829 925
78 139
279 385
692 205
130 447
805 156
572 337
310 862
775 904
190 721
128 313
886 103
787 313
203 535
618 137
845 352
617 330
309 129
640 919
555 529
922 976
541 510
565 614
44 356
944 282
691 217
255 656
697 610
334 365
208 789
1 385
913 626
943 841
949 445
309 466
973 867
694 375
803 338
735 551
632 544
264 814
4 822
441 620
905 684
820 425
932 552
997 583
255 286
369 813
809 541
646 867
468 430
193 702
762 747
998 863
155 320
5 847
442 621
781 54
421 283
886 74
821 507
638 580
395 939
218 494
30 656
25 882
419 49
849 900
55 679
260 765
857 908
558 779
877 18
20 53
36 79
714 36
41 44
997 143
422 617
877 740
599 121
444 545
11 867
553 109
177 25
362 693
500 657
498 297
398 961
658 129
705 221
883 643
112 823
307 501
601 593
799 554
542 527
872 223
748 144
491 766
684 292
395 61
680 592
250 510
105 995
510 353
993 567
272 5
374 182
38 758
892 814
349 905
45 749
991 515
157 216
155 985
140 29
387 872
529 726
361 956
926 885
422 677
252 509
666 768
29 467
896 193
65 768
948 912
23 966
279 765
618 491
399 615
165 426
606 657
841 221
606 904
995 141
560 99
415 941
133 502
857 867
393 668
421 64
101 38
231 337
709 546
533 437
365 267
234 731
430 624
165 176
630 968
431 273
818 462
358 550
607 673
631 623
501 133
873 290
930 552
870 106
54 368
363 964
79 623
944 460
443 276
402 630
36 714
896 613
824 131
195 689
499 321
36 278
586 67
836 297
747 420
545 795
971 885
245 177
66 756
267 793
400 198
885 511
25 61
352 294
258 873
428 206
23 670
903 241
155 909
865 125
458 593
62 236
561 290
546 259
981 614
914 663
27 746
367 623
217 823
154 930
197 881
35 982
991 566
864 984
466 660
260 754
361 577
319 679
840 991
977 659
200 951
462 100
730 694
104 761
527 51
218 90
339 384
266 552
807 451
880 272
114 105
487 286
763 243
844 908
973 738
622 757
205 669
713 380
587 960
438 191
755 917
106 75
890 526
663 114
65 794
420 474
784 32
461 329
897 906
300 637
732 826
671 131
171 603
664 794
377 237
360 539
270 165
154 447
871 102
710 474
415 377
433 537
974 894
789 38
20 227
239 654
165 487
513 378
256 169
310 362
809 418
853 902
997 89
926 654
913 928
964 511
329 241
861 166
256 567
7 533
990 151
977 727
16 243
18 691
863 997
72 564
40 999
262 461
934 9
327 157
138 130
592 357
329 802
173 821
51 519
520 489
28 795
336 718
289 41
649 810
205 66
987 155
525 71
854 593
281 382
619 882
297 479
983 516
83 103
562 898
291 619
232 731
189 655
136 866
371 565
779 319
116 505
46 192
636 173
977 903
83 524
650 598
488 788
942 829
554 429
703 504
821 300
336 295
383 103
634 422
195 409
133 655
194 279
379 680
513 915
652 579
452 979
72 88
493 700
906 362
266 279
829 235
864 463
267 422
347 940
651 356
260 901
574 93
989 627
788 918
9 514
142 244
671 861
871 350
252 224
908 672
30 965
954 325
474 353
641 947
791 244
9 91
186 860
835 285
84 261
218 923
508 340
706 334
241 873
961 947
891 582
744 44
333 506
537 630
858 927
559 76
341 451
848 407
496 129
156 659
910 935
341 454
7 211
926 865
613 388
264 399
517 986
231 149
144 68
358 239
868 139
666 584
158 883
643 615
449 579
344 389
866 314
161 183
656 876
682 629
487 241
114 529
512 0
392 716
466 654
730 209
849 992
666 310
774 135
70 825
151 33
216 656
30 234
509 905
445 273
143 346
726 785
493 40
765 555
612 67
871 296
831 591
315 383
942 559
100 948
552 906
67 217
729 68
364 981
577 557
870 508
133 459
363 605
499 401
464 828
290 912
833 169
470 500
337 0
271 749
416 79
436 839
753 654
869 809
250 723
919 328
816 145
386 323
732 139
184 73
239 227
397 353
850 678
653 516
550 424
416 994
283 371
282 164
760 458
801 360
612 4
550 137
327 827
8 287
377 970
336 930
686 658
286 494
987 9
952 568
734 778
4 850
992 272
911 753
565 422
165 550
962 810
554 483
289 134
896 791
518 416
925 727
437 195
888 273
527 707
886 325
485 585
458 452
527 140
184 612
991 158
186 493
660 371
182 884
214 103
981 286
880 216
436 823
846 347
788 158
49 869
469 653
136 840
396 385
326 320
508 330
531 118
756 171
609 612
657 391
730 362
358 551
174 349
673 502
857 325
111 167
98 179
785 784
505 14
866 173
192 329
294 229
402 294
304 558
734 242
770 822
979 368
676 294
261 124
890 93
437 158
236 241
707 518
888 158
2 455
919 44
916 701
935 20
397 948
121 641
956 415
696 841
411 567
209 339
988 674
376 184
418 271
146 466
545 976
498 879
456 536
468 842
280 365
596 704
598 592
693 614
589 545
121 575
848 479
836 245
468 331
602 228
398 751
145 454
974 720
99 649
575 115
127 821
944 648
473 804
400 492
17 392
122 361
40 599
610 37
177 232
309 653
984 97
103 519
708 542
595 475
686 642
78 100
405 715
66 330
129 393
461 839
909 690
288 703
878 863
707 258
234 285
183 165
212 95
494 298
776 434
686 828
686 181
169 223
111 766
201 806
407 355
504 471
320 987
66 637
208 820
28 934
748 944
387 152
344 681
488 112
300 178
814 770
101 272
54 177
416 168
263 136
850 162
531 532
344 974
54 39
45 496
566 385
689 622
636 144
162 234
268 197
804 277
152 165
961 661
951 523
207 191
78 774
458 505
556 229
974 834
661 901
149 795
248 25
87 915
898 462
775 283
195 51
925 268
440 325
443 455
296 790
708 70
284 933
985 575
399 521
700 925
909 606
337 108
210 627
850 895
634 590
286 596
72 325
606 70
643 845
567 400
392 45
758 829
28 18
265 567
74 680
896 623
961 985
100 639
304 188
423 883
495 751
17 645
965 310
418 896
501 61
530 627
369 503
719 212
260 752
249 582
159 894
703 98
6 889
687 11
593 299
303 807
226 611
889 986
998 577
15 558
997 969
125 397
608 511
617 561
839 771
617 667
894 925
595 992
507 325
482 469
469 914
786 168
393 652
269 540
233 553
802 244
104 186
984 761
665 462
199 64
778 942
314 703
535 216
125 460
320 41
10 328
722 739
914 927
737 671
1 166
688 576
5 488
481 114
885 869
133 169
637 946
92 821
21 179
32 840
567 198
547 112
824 273
940 347
903 267
964 676
444 954
555 704
692 21
760 339
603 348
677 869
517 224
529 746
297 964
951 571
767 341
575 710
119 308
722 333
166 143
916 851
429 518
144 448
111 660
642 4
514 187
27 241
640 861
128 207
467 910
8 49
616 897
617 263
912 330
703 135
228 322
313 191
517 45
202 809
302 927
158 932
637 809
597 139
797 407
962 125
771 970
722 318
779 4
805 152
606 569
142 61
127 701
626 917
544 140
347 334
630 324
633 860
246 211
899 739
410 821
766 827
170 975
874 403
332 306
506 389
479 947
942 775
613 164
886 231
571 23
776 425
147 319
908 803
21 669
284 497
536 22
777 596
182 529
800 937
937 447
350 454
445 785
696 108
332 347
854 654
631 410
7 59
611 411
318 930
533 151
577 343
49 214
644 338
588 589
18 395
44 270
776 610
538 944
666 839
716 858
567 12
367 718
183 763
462 541
665 771
607 119
780 490
199 976
209 334
61 155
417 257
321 953
460 657
434 744
374 407
317 378
79 339
957 678
561 317
177 825
180 703
292 601
659 842
241 60
877 700
641 339
271 248
602 961
185 244
998 340
491 558
935 711
