1000
926 916
819 745
771 702
442 67
111 412
898 248
541 387
171 277
36 354
720 388
903 553
316 392
983 375
209 599
973 165
35 276
733 92
194 221
436 12
588 389
183 349
850 572
274 214
510 852
898 647
633 805
218 548
619 222
286 843
507 527
548 282
497 321
408 436
484 784
774 589
4 231
265 896
504 22
85 69
896 411
503 93
310 674
273 715
280 216
486 317
306 863
821 470
560 887
518 54
445 354
471 302
207 704
74 456
250 590
142 160
656 504
106 10
884 660
23 449
411 932
967 539
607 102
603 752
895 616
275 206
947 983
406 885
404 850
86 882
918 174
717 529
949 51
59 653
7 206
166 380
500 119
100 702
460 71
859 916
588 153
523 211
37 514
116 74
290 3
80 900
991 259
3 186
685 755
171 677
83 37
626 353
79 630
380 609
789 412
381 346
836 214
949 700
154 823
555 38
670 320
819 41
263 75
925 817
842 968
949 751
15 440
278 925
758 189
353 319
360 780
971 716
398 50
638 315
75 294
313 399
973 136
334 398
947 622
578 950
312 643
942 656
162 183
850 527
781 733
849 774
670 419
44 26
221 970
943 476
884 717
145 31
907 204
322 87
255 817
238 13
704 632
145 383
163 498
986 829
960 724
426 555
807 973
225 401
784 893
952 32
307 795
283 346
780 794
415 826
883 486
298 579
393 442
543 836
807 994
6 281
547 886
453 486
172 800
502 932
539 582
62 224
630 460
461 944
107 445
485 932
611 398
873 0
37 739
758 86
41 260
346 14
955 985
923 867
490 265
547 377
747 157
164 243
481 700
278 435
646 106
746 63
198 852
686 699
919 747
118 420
186 374
170 939
6 938
410 237
798 841
236 824
476 149
108 28
631 95
195 456
902 87
543 945
930 12
608 103
42 207
240 490
260 834
957 249
519 284
632 273
280 961
104 120
322 261
339 433
636 5
755 882
762 177
819 162
264 812
594 77
901 71
836 217
233 546
475 49
68 95
895 448
762 723
657 812
890 781
2 164
193 635
637 164
787 24
477 975
962 813
249 656
600 597
178 183
470 483
626 641
886 899
555 985
264 608
746 916
823 677
262 736
420 125
169 554
208 53
885 397
549 89
415 77
186 45
613 778
653 900
366 171
481 522
225 683
124 850
504 891
983 262
433 864
655 402
85 776
461 680
743 905
763 466
417 776
713 701
697 962
744 821
490 144
563 255
670 16
492 733
460 591
583 224
76 57
228 707
903 525
519 787
162 235
924 889
877 522
708 596
363 797
847 132
564 509
638 329
7 989
44 678
978 680
53 352
407 912
706 450
162 624
283 413
15 470
246 961
284 877
942 699
908 903
58 664
959 725
138 484
974 818
908 140
788 960
913 199
750 375
504 391
560 317
154 324
341 967
339 263
679 542
641 260
734 30
315 342
26 13
87 42
635 309
777 429
339 412
126 119
977 648
220 364
197 246
359 211
446 279
471 884
174 911
606 116
557 613
890 872
442 216
778 985
337 538
379 17
991 306
688 977
256 277
805 873
633 463
735 427
944 787
863 397
659 521
891 678
551 573
557 318
20 28
920 442
786 605
345 637
284 182
315 102
5 340
549 205
474 933
703 104
165 7
317 547
624 852
528 380
151 295
527 442
290 793
700 723
683 328
680 727
760 874
72 873
110 310
71 374
937 633
936 191
63 576
160 420
904 590
325 301
233 697
729 850
558 914
90 560
613 24
18 43
169 428
274 328
37 460
300 517
2 803
803 472
923 932
527 176
65 283
433 804
883 121
916 878
711 517
204 215
665 548
187 351
549 885
423 155
216 572
588 199
468 167
866 28
161 265
587 876
762 472
369 12
66 979
643 667
346 161
395 206
199 506
989 64
385 995
311 801
444 285
168 113
461 428
511 294
319 695
534 914
244 874
165 675
730 512
779 237
638 893
345 353
471 557
15 86
907 906
345 805
828 8
206 685
794 318
634 463
322 15
417 615
499 322
430 962
946 744
907 578
122 879
805 816
907 158
938 971
793 420
22 21
612 194
664 457
260 346
146 111
397 529
585 414
893 121
601 719
672 749
997 604
177 672
691 47
71 145
852 623
260 937
88 294
392 793
815 242
242 761
455 150
42 715
143 947
638 734
212 145
655 560
171 178
348 73
573 373
683 491
127 723
829 334
847 274
220 174
177 439
517 381
940 578
747 422
609 466
82 476
226 460
618 317
911 881
973 313
618 24
865 27
122 289
582 208
307 768
987 906
919 829
891 739
872 785
377 121
240 608
931 794
930 606
65 283
860 893
374 759
377 673
682 164
564 630
657 597
794 347
554 485
78 940
443 788
422 789
72 321
882 603
370 441
602 921
873 496
650 362
252 112
689 792
302 313
636 707
523 340
698 181
22 725
924 540
183 962
999 306
6 885
655 915
697 579
884 130
375 333
954 239
14 976
233 992
155 946
952 599
172 922
448 384
747 837
917 346
102 717
214 660
507 837
786 301
64 295
454 199
403 463
862 112
540 891
747 90
369 71
40 419
859 780
568 515
889 560
652 135
978 305
852 102
922 158
249 3
104 192
705 956
927 620
38 527
442 811
743 326
57 978
807 282
984 859
558 798
300 702
750 204
727 505
991 171
947 622
187 469
82 795
971 491
928 33
310 98
118 568
396 927
117 684
535 841
660 515
527 612
861 186
236 142
957 862
76 873
491 949
896 598
970 552
775 717
222 475
269 199
497 163
746 158
166 858
307 575
83 45
36 235
238 117
202 533
760 589
469 563
923 55
695 596
178 738
744 825
47 524
109 900
310 155
491 496
986 192
724 547
244 631
197 336
17 155
373 40
311 447
454 617
715 534
511 633
796 632
864 402
700 315
351 521
671 993
634 444
72 362
406 361
187 230
131 358
894 814
661 894
862 828
445 945
82 168
423 492
772 862
277 343
238 950
413 502
516 581
340 654
136 297
780 874
532 724
133 975
117 511
913 793
402 970
302 601
315 881
224 473
23 118
618 83
795 331
429 853
19 53
288 3
89 74
390 340
37 86
862 109
585 456
510 462
204 2
126 464
947 896
773 176
803 399
796 676
296 754
433 402
99 843
832 679
60 702
874 915
171 552
813 321
385 687
649 309
279 511
437 830
741 8
42 873
433 92
891 980
359 528
468 887
89 833
643 204
497 159
798 805
262 46
526 393
702 181
768 211
592 132
967 342
560 320
864 701
830 395
426 858
709 469
713 324
665 671
775 981
596 14
728 852
442 132
154 764
559 753
792 212
348 33
234 710
489 648
590 719
890 63
830 250
94 88
459 399
911 927
908 880
51 637
298 810
632 429
34 923
868 871
178 722
861 168
156 524
892 675
644 828
688 985
426 636
285 70
340 124
831 425
789 822
251 901
279 200
774 770
957 588
264 499
784 430
765 47
741 234
80 325
87 522
220 337
144 353
654 587
743 586
263 925
193 6
802 420
184 473
840 374
286 815
479 436
286 877
276 569
281 811
396 154
964 823
548 851
419 133
705 816
650 259
715 643
80 101
206 151
475 574
831 546
682 902
596 898
79 365
959 534
538 835
381 72
66 941
205 687
928 167
652 273
743 974
29 757
919 476
585 224
329 66
520 557
578 261
926 340
179 367
628 579
885 716
816 53
707 445
65 797
549 585
171 536
905 165
755 335
293 971
351 851
344 217
980 243
639 96
775 672
910 26
74 194
685 880
303 427
308 471
580 425
362 632
37 774
785 501
246 781
195 48
123 179
387 518
125 676
729 6
924 727
410 828
260 83
332 408
987 412
763 288
256 676
879 551
589 423
719 811
596 333
714 165
873 552
872 98
325 970
319 607
690 670
863 318
306 977
606 49
775 948
122 799
328 497
337 873
600 156
676 175
548 616
417 678
515 519
227 482
91 527
745 582
636 84
122 679
718 327
851 35
11 937
972 325
19 164
17 277
250 967
925 50
464 517
703 13
827 297
348 363
36 982
124 518
755 453
537 546
647 564
897 764
753 797
395 877
547 287
208 81
814 872
910 275
975 89
89 206
106 943
311 638
31 403
977 371
373 529
627 267
439 263
721 994
142 895
399 71
965 409
273 779
391 282
816 527
293 786
427 746
259 280
696 99
592 122
71 446
877 418
881 163
210 446
506 762
227 181
102 680
164 524
477 77
667 960
577 466
11 496
613 450
299 497
142 302
329 282
37 115
504 246
863 803
150 92
794 339
38 221
212 229
956 236
711 316
324 302
731 996
939 801
401 14
803 460
462 18
645 674
180 734
455 361
415 116
943 802
164 270
585 172
781 399
343 767
465 750
565 206
463 394
730 32
88 93
687 928
824 911
443 340
645 25
279 950
531 924
762 171
538 181
779 359
398 478
552 611
707 420
70 744
69 612
453 456
782 345
231 354
579 870
455 731
527 540
107 620
399 265
138 136
196 209
720 576
913 51
4 689
16 506
307 84
822 869
136 541
746 474
201 399
89 823
268 538
702 835
433 324
621 712
214 555
634 111
561 142
798 69
217 906
790 266
