1000
254 406
998 709
699 168
781 250
532 917
776 216
546 1000
755 53
421 45
88 651
948 439
691 708
643 16
754 493
141 979
938 858
89 65
191 497
538 473
160 445
855 168
810 403
714 232
311 437
488 767
534 36
674 267
184 958
560 328
114 247
959 109
404 641
140 430
926 970
264 999
653 793
652 582
685 578
99 281
568 370
610 116
613 404
505 823
427 327
150 30
390 339
857 444
437 551
16 902
438 548
585 196
817 868
869 882
448 799
240 42
235 903
470 893
214 763
693 78
829 354
469 465
655 84
62 428
905 86
229 801
953 485
419 147
318 855
223 413
3 773
468 577
381 57
953 467
543 446
719 144
986 153
531 812
797 331
180 104
865 57
506 572
755 275
182 26
989 403
962 621
485 335
616 468
708 33
379 704
248 431
993 126
474 79
704 377
939 294
710 73
200 351
303 366
669 114
623 68
567 639
277 206
69 171
648 327
514 490
371 582
842 382
34 72
323 378
772 199
646 256
649 918
533 721
772 323
917 235
182 800
134 138
817 45
761 932
165 836
211 288
3 239
986 517
847 915
452 219
390 965
280 504
560 881
231 637
114 536
737 252
396 308
297 701
967 556
692 678
532 635
79 626
157 355
977 717
158 134
205 906
314 268
644 578
834 677
771 143
473 923
252 711
181 388
204 692
325 781
683 742
131 158
287 601
852 744
473 52
950 392
745 355
390 898
148 744
978 50
593 438
471 35
928 944
401 910
159 64
802 853
499 16
153 40
708 142
434 437
951 378
467 306
235 848
288 41
788 929
700 932
89 373
771 951
608 268
464 57
161 195
485 911
495 202
152 622
791 94
757 615
826 641
989 958
515 400
66 836
638 786
510 59
751 236
353 349
930 9
984 421
296 174
636 549
926 743
401 805
28 891
580 221
261 445
814 635
347 648
712 346
414 138
243 270
300 89
480 319
34 663
846 199
553 936
69 814
510 775
908 682
424 120
998 405
106 269
990 186
647 909
846 731
970 28
482 500
72 0
887 220
952 994
177 248
527 474
1 205
601 961
523 798
545 881
547 398
502 272
443 726
212 986
54 564
69 78
847 653
243 324
378 990
782 175
395 962
56 711
651 998
254 375
634 833
144 508
494 118
471 78
351 25
271 516
901 465
587 730
137 149
876 241
401 554
387 925
89 886
473 983
600 459
108 314
592 546
430 568
918 169
802 936
903 522
711 745
870 739
100 593
157 669
680 207
868 751
27 328
678 643
422 295
189 213
14 76
566 33
408 687
496 965
65 546
687 518
800 910
588 808
782 635
81 632
394 303
489 474
195 159
355 396
383 216
384 458
495 125
670 347
948 880
357 137
3 18
561 81
449 346
990 443
75 356
432 484
310 754
62 180
590 525
46 764
241 565
441 710
348 587
289 941
202 925
661 207
129 992
618 200
147 197
304 290
992 182
533 502
641 967
715 50
555 723
428 304
346 43
205 239
407 801
778 737
802 416
659 184
76 182
51 181
862 885
994 38
300 623
571 98
46 176
529 32
354 864
901 252
775 772
156 427
179 116
676 14
284 483
692 627
897 117
445 339
687 897
528 567
976 809
204 262
158 841
564 610
318 838
619 850
101 73
516 518
506 344
323 243
886 612
835 95
83 81
536 363
747 424
146 269
288 706
857 828
658 997
773 762
268 351
286 752
336 101
53 336
341 642
355 857
128 933
851 446
694 810
165 9
916 831
739 436
873 765
961 403
288 756
104 228
604 456
784 382
360 578
689 11
524 839
295 994
433 581
249 519
49 732
918 284
346 785
234 944
214 686
368 903
206 92
933 66
273 632
325 651
417 432
219 335
387 191
743 137
767 617
110 601
730 829
647 480
248 554
861 491
507 443
648 726
140 709
843 437
628 727
824 75
340 899
118 341
337 7
995 980
400 78
812 99
426 664
584 575
708 118
785 326
210 917
180 94
498 472
484 462
923 853
357 439
825 429
492 475
811 117
645 976
420 603
127 147
766 81
554 954
506 571
9 532
563 820
934 927
913 434
344 150
626 520
915 929
744 323
475 38
284 878
824 852
507 568
113 597
790 636
160 236
960 29
159 460
83 341
425 984
262 82
823 941
6 90
792 220
3 499
636 338
708 279
142 671
252 343
275 606
679 767
763 756
221 236
434 709
454 925
890 462
578 911
706 398
943 250
155 547
369 573
768 597
361 865
16 467
925 764
779 803
556 561
841 9
335 717
621 53
164 530
747 23
999 340
664 295
676 923
387 882
154 828
451 225
539 916
408 646
978 660
27 186
282 434
245 134
650 138
450 102
320 601
785 278
539 167
628 81
350 242
272 584
590 421
372 344
73 118
50 568
188 295
498 340
510 132
828 280
431 958
524 135
6 357
318 410
886 331
939 636
431 212
947 451
499 138
149 207
804 199
28 329
13 239
179 99
58 567
454 759
368 966
813 513
260 556
45 803
724 797
389 942
878 205
758 160
794 923
165 380
661 290
453 457
248 125
603 958
279 618
846 590
129 440
331 848
404 966
262 40
109 246
708 661
804 328
6 831
3 720
496 306
314 372
560 612
353 660
203 562
405 51
267 780
855 759
894 217
509 575
892 457
705 604
184 84
65 229
855 304
941 632
660 664
273 864
373 382
789 293
223 47
806 563
119 384
244 255
738 715
495 32
660 400
964 677
749 755
853 826
813 528
719 438
476 413
744 775
703 558
240 721
194 205
646 951
907 278
348 593
539 421
841 901
854 657
932 145
688 390
553 299
27 93
74 564
960 679
532 770
815 779
266 546
469 704
842 574
602 968
656 38
483 67
375 224
558 686
69 763
326 912
193 246
980 345
63 782
337 359
25 61
594 731
507 835
331 452
456 235
121 244
466 427
630 36
905 587
776 490
622 359
768 843
842 308
73 701
296 64
588 99
76 161
396 244
745 461
814 958
444 698
476 696
381 312
834 656
830 805
335 896
74 674
817 231
55 1000
946 667
828 664
844 562
550 394
597 80
41 825
193 824
389 910
673 749
365 673
758 402
95 715
763 512
566 174
627 223
555 938
319 602
485 834
507 416
507 186
684 427
85 376
709 676
928 791
457 337
493 627
627 633
746 197
280 956
517 644
20 439
607 649
561 389
724 402
138 277
40 574
73 20
966 743
755 147
187 671
43 51
975 751
125 510
702 916
662 842
316 562
607 115
742 304
26 878
941 748
985 5
989 804
299 390
68 857
421 6
871 3
298 426
857 242
949 233
505 663
1000 445
799 55
725 155
191 629
936 650
663 903
803 294
37 192
520 821
72 147
299 540
785 855
15 541
648 950
837 658
538 604
409 240
661 806
134 133
364 208
916 293
636 111
607 824
258 118
562 351
755 233
871 471
170 863
555 279
558 970
131 574
208 506
571 354
485 133
518 783
610 608
751 233
904 264
461 78
781 211
356 439
668 187
669 879
657 599
394 602
705 606
571 93
801 188
376 381
167 70
728 599
121 640
851 681
781 994
949 751
391 545
752 217
134 932
412 609
246 992
923 11
949 78
212 918
27 471
946 590
324 869
485 738
23 321
818 374
317 281
975 432
285 301
258 960
41 372
515 47
179 554
445 721
677 237
740 318
463 517
437 441
289 702
418 537
385 523
932 316
187 52
826 835
57 21
231 318
120 959
381 439
399 962
683 828
495 313
147 527
632 655
163 811
769 545
518 929
61 495
516 718
89 826
919 782
927 1
1000 315
527 421
305 57
961 172
771 143
773 436
120 784
218 907
407 751
225 182
70 805
937 1000
370 983
824 856
612 516
367 238
229 665
946 58
716 258
463 730
520 90
904 321
317 192
32 524
161 111
943 604
658 790
898 9
70 543
472 848
91 764
944 174
752 863
716 956
105 295
676 964
981 461
829 783
749 35
888 170
43 759
593 180
349 685
879 685
780 445
429 690
56 795
14 54
339 285
77 789
493 783
170 641
919 164
105 219
840 103
571 53
737 500
354 277
592 543
453 507
870 255
149 247
825 847
260 283
275 535
679 380
648 640
87 463
30 648
345 317
11 310
441 691
661 10
299 448
701 934
850 841
972 462
338 806
912 48
973 748
824 659
927 846
197 573
130 740
418 305
447 762
346 69
873 588
881 179
156 768
760 626
553 130
564 943
366 351
726 631
322 21
524 690
565 489
555 290
156 32
70 25
646 536
882 368
619 930
117 377
146 229
930 101
580 348
135 709
103 829
38 435
929 856
752 88
297 550
545 71
392 840
421 878
561 367
2 414
161 317
239 956
219 475
211 883
788 434
835 525
246 767
429 57
817 703
760 143
261 578
767 667
725 203
815 972
181 422
895 656
653 146
583 891
111 488
11 515
582 578
877 330
5 6
528 295
92 390
195 69
335 604
564 841
699 692
302 429
573 85
104 669
948 894
562 925
795 767
706 255
255 348
924 617
524 371
14 0
0 352
612 792
829 129
778 670
48 929
719 284
910 803
644 307
142 842
653 913
899 431
531 590
196 46
632 37
975 177
306 510
472 129
572 410
210 773
