1000
593 871
140 404
204 551
876 967
38 382
466 292
586 207
657 88
722 405
775 510
976 536
565 477
334 823
807 723
459 153
794 570
707 21
540 650
61 127
971 798
991 626
709 886
361 546
295 238
458 125
422 606
910 558
514 112
18 784
237 578
242 53
837 946
901 454
513 33
806 650
166 841
900 539
732 725
664 735
5 8
594 718
32 5
755 62
126 937
669 260
236 893
585 785
529 780
785 324
95 527
567 79
609 488
93 904
626 889
105 775
79 28
505 108
22 220
22 255
399 457
44 193
200 423
541 671
611 680
121 33
187 846
989 805
271 646
251 829
351 340
342 448
913 858
458 847
523 806
507 20
346 655
559 975
735 737
192 702
462 201
554 415
446 219
3 157
930 530
135 909
731 667
712 613
721 334
375 820
629 166
819 260
957 412
863 127
391 341
212 111
968 409
432 988
776 566
265 779
347 155
305 133
415 529
581 258
201 846
739 225
870 28
267 701
392 102
440 619
684 927
97 695
430 983
88 723
818 158
607 718
577 788
158 309
661 242
261 863
542 439
527 650
702 693
294 508
864 607
703 279
836 683
617 883
935 301
302 642
130 521
416 921
205 511
463 383
376 63
410 394
77 365
973 873
401 349
762 280
296 683
458 903
43 873
612 601
988 203
177 477
288 350
689 671
49 134
109 573
774 262
669 950
881 651
381 396
805 996
626 291
423 801
882 526
946 312
356 775
994 905
254 618
629 821
930 401
200 932
678 858
326 356
471 208
910 46
994 771
103 61
632 356
629 915
545 957
438 882
128 278
874 503
74 519
491 573
627 394
823 542
188 379
918 294
204 819
907 145
700 830
986 851
841 335
244 455
46 665
753 713
344 77
56 46
583 468
424 689
489 729
840 866
990 844
111 578
146 697
507 383
523 230
178 637
99 15
550 611
716 544
266 260
189 561
637 934
862 874
272 681
159 669
243 971
869 895
491 149
891 50
531 481
986 33
827 835
843 308
927 261
953 773
657 753
487 238
128 821
490 924
344 775
122 777
828 699
17 998
751 248
709 471
582 717
96 847
463 400
290 413
85 78
904 502
222 191
22 55
416 301
78 317
701 636
712 509
946 736
656 384
809 623
758 706
297 463
267 217
588 622
435 342
920 127
812 7
17 402
862 853
638 831
751 665
249 925
976 22
414 809
450 849
942 548
43 650
849 43
205 34
150 793
966 660
903 56
288 448
439 651
389 555
823 482
812 264
353 363
529 259
652 215
886 342
375 85
8 909
881 818
178 527
536 789
197 926
484 594
127 349
886 781
414 241
918 266
543 281
334 805
686 311
252 129
240 546
688 765
501 860
556 286
591 779
94 890
71 294
557 806
24 15
69 205
755 836
631 521
566 38
467 216
698 772
129 454
362 361
541 793
615 991
933 573
833 360
702 952
189 467
416 141
653 860
161 668
645 151
454 373
472 925
918 376
737 29
399 145
607 675
68 166
976 756
817 705
117 176
933 40
25 61
988 870
189 425
871 416
299 86
151 769
514 100
940 144
733 336
859 907
962 632
325 451
370 458
303 50
136 386
732 290
209 623
396 255
226 134
166 313
543 149
901 111
357 72
869 434
816 482
926 797
54 829
221 712
753 454
825 270
38 924
243 769
986 49
995 361
972 761
827 459
69 934
685 595
166 101
199 412
922 992
503 67
354 172
608 504
664 995
439 457
448 510
171 196
920 22
227 598
989 689
640 709
102 571
604 205
416 145
558 663
470 692
447 763
872 813
444 567
588 290
308 721
277 437
982 725
644 207
11 47
758 781
105 371
48 470
73 580
913 161
598 625
796 874
509 781
256 260
954 436
204 240
272 400
251 296
556 708
969 575
127 46
989 896
186 194
244 34
759 510
293 515
54 50
280 80
429 101
154 470
517 357
977 452
707 483
530 500
742 696
84 360
134 700
437 426
213 448
771 142
118 464
433 63
5 28
761 678
447 761
616 97
301 713
358 587
845 142
697 87
13 434
95 258
182 71
584 481
315 608
832 110
542 420
432 566
751 280
23 245
139 293
583 417
212 391
357 656
76 992
244 898
62 691
239 349
590 775
48 23
876 102
459 734
578 742
731 418
921 107
720 972
756 144
774 818
236 892
839 143
762 225
384 114
189 894
605 731
821 697
71 139
158 475
68 442
185 32
748 793
871 64
923 208
223 284
405 740
202 595
991 38
867 306
255 233
607 426
293 881
945 431
862 41
495 855
573 928
534 231
562 13
637 506
31 569
705 791
17 8
368 970
499 898
496 821
61 881
596 175
576 784
508 809
183 509
509 132
734 133
381 687
415 39
455 540
501 759
59 25
159 636
822 749
865 180
837 179
819 169
572 21
559 622
122 677
181 846
165 421
149 371
880 540
752 705
588 962
880 153
305 825
381 672
601 315
598 17
982 923
457 726
969 588
390 573
36 22
846 249
355 220
36 151
657 957
10 187
452 536
177 916
901 14
809 571
885 89
960 347
177 362
756 569
419 96
982 77
595 526
28 122
783 994
121 82
702 376
846 669
716 843
426 523
98 864
353 625
530 951
721 962
189 553
188 618
456 84
871 873
536 671
643 218
300 69
917 577
988 650
438 400
11 351
60 398
354 239
75 982
661 444
867 626
196 75
73 582
651 603
671 276
35 342
679 419
642 81
366 71
531 841
804 392
94 890
730 27
24 7
612 337
642 613
451 20
288 611
587 119
431 127
328 220
104 748
512 321
785 337
924 573
624 467
556 283
764 301
375 879
217 355
696 829
598 928
438 36
489 367
450 119
104 992
878 963
317 471
206 434
23 48
341 314
3 279
650 854
420 340
904 953
825 598
691 787
347 939
20 361
690 177
965 887
170 986
13 173
31 975
628 708
918 999
966 311
505 334
392 605
316 494
714 895
595 159
861 568
607 616
450 401
626 132
897 494
890 425
637 580
164 882
170 672
987 742
656 996
596 683
502 731
649 570
784 444
860 304
134 136
358 92
184 286
120 710
606 492
465 251
319 261
477 882
620 944
432 908
115 300
612 193
16 336
576 44
329 256
567 123
845 279
185 480
491 541
626 988
382 812
311 172
332 729
420 611
786 562
738 139
807 685
317 22
335 685
615 820
218 645
339 865
792 527
790 843
281 651
39 12
324 615
151 582
973 755
107 953
764 49
457 235
896 108
353 285
300 436
172 169
801 150
331 811
0 122
276 943
653 246
552 351
351 708
468 337
11 574
462 763
213 146
338 705
698 451
661 174
503 241
910 104
568 980
410 758
916 197
150 865
953 872
370 413
360 44
886 342
585 648
506 898
139 483
524 829
777 618
175 422
941 528
337 779
110 761
28 804
200 556
657 216
799 365
217 372
97 199
703 282
832 185
101 442
574 265
870 196
728 754
28 989
592 432
148 500
375 543
613 734
775 513
579 858
98 149
228 99
631 60
413 790
752 844
879 456
606 81
263 555
335 902
682 887
240 597
320 522
373 173
880 17
370 767
546 243
472 580
25 688
433 286
312 361
988 873
105 545
608 344
232 784
418 180
426 803
488 863
346 628
255 172
808 355
577 978
246 795
741 49
870 388
445 351
860 392
434 284
978 769
667 729
158 366
243 281
636 913
574 749
196 559
580 393
200 162
638 819
695 401
75 317
570 183
930 162
405 329
324 913
746 307
681 679
347 448
229 92
959 579
900 254
296 272
3 338
696 606
56 531
667 759
172 124
758 227
513 866
368 690
524 1000
984 926
517 394
611 524
95 822
564 951
174 675
206 34
221 125
347 544
739 704
878 708
774 455
755 587
931 782
782 751
18 666
807 673
307 183
904 966
65 200
816 256
339 274
525 498
288 841
884 28
94 789
773 753
493 473
546 302
574 188
806 711
327 617
709 548
347 707
154 202
513 929
812 528
539 611
298 600
723 390
534 170
553 553
102 35
557 907
360 705
123 934
923 487
321 890
476 163
249 55
355 289
830 775
542 163
108 215
235 869
775 66
752 230
122 437
85 995
612 388
147 249
663 529
15 327
316 309
448 927
465 315
420 575
818 690
940 603
694 442
462 528
153 73
44 294
7 487
713 884
405 74
273 405
768 283
109 93
857 744
828 335
620 110
921 742
249 714
572 135
191 461
86 459
518 573
377 563
587 548
948 476
109 549
153 859
825 516
739 513
383 362
735 197
831 502
935 505
647 797
706 332
675 489
584 628
767 489
182 8
625 357
154 895
774 54
106 962
361 718
95 848
760 540
931 842
311 782
918 515
465 636
379 828
418 442
924 195
77 234
931 402
124 514
873 906
447 449
953 337
11 8
478 673
740 377
687 391
976 742
492 863
648 532
834 42
458 604
982 655
683 58
197 723
564 341
576 856
392 307
699 501
60 705
83 998
76 536
623 727
379 912
652 270
229 423
385 358
766 300
441 292
0 210
405 604
129 178
399 943
327 398
654 126
341 224
428 539
299 282
425 791
551 618
898 516
135 279
445 857
647 374
26 48
8 474
797 405
886 590
44 57
750 550
317 490
