1000
536 550
796 460
696 672
210 738
831 263
924 463
149 14
194 590
772 59
999 653
655 311
896 860
653 391
167 926
533 454
796 206
11 20
14 634
62 599
682 86
251 526
831 925
981 714
114 486
380 0
925 620
27 946
931 769
223 923
680 966
760 116
820 141
867 492
894 400
321 239
75 723
907 10
544 637
381 77
703 461
718 198
60 789
188 187
295 19
149 238
570 482
282 973
981 221
62 65
640 646
887 173
824 160
184 229
853 665
271 600
59 60
181 279
983 555
435 957
123 52
498 606
573 386
154 751
276 660
844 102
428 526
131 269
866 577
499 127
861 994
376 338
650 115
892 488
970 527
721 377
323 870
909 996
97 62
24 981
712 293
182 992
3 253
63 90
624 436
72 0
559 667
656 14
798 4
867 908
4 1
951 172
105 475
673 390
734 882
864 635
2 14
132 405
98 498
131 518
932 848
273 791
774 54
994 107
761 537
615 668
738 451
309 213
131 284
919 662
877 160
365 876
435 804
811 529
997 26
712 788
211 5
817 861
687 887
101 402
609 173
402 198
391 852
892 463
841 37
942 40
727 859
24 8
884 988
446 627
988 799
699 870
448 962
213 978
295 753
618 190
487 312
2 5
488 714
458 874
548 630
458 789
604 239
467 788
752 591
883 308
819 174
522 358
672 256
422 125
671 881
1 5
756 739
642 978
122 661
348 97
778 296
346 426
880 88
471 761
231 290
671 517
13 553
637 602
342 318
561 297
757 100
338 492
489 228
591 412
33 253
469 143
710 538
521 514
812 995
321 638
908 675
345 825
948 951
567 573
902 91
473 103
121 698
947 263
17 16
65 942
406 233
415 449
438 442
893 98
62 164
146 665
644 183
957 734
384 692
963 825
498 375
117 681
72 33
427 437
823 79
982 797
744 898
957 547
684 751
502 407
789 149
729 154
251 347
997 718
534 218
370 846
554 293
659 442
626 312
876 34
434 692
370 964
416 579
154 336
951 291
86 933
424 955
18 568
599 720
26 127
39 612
27 721
611 760
29 357
523 8
930 644
647 110
676 746
297 717
686 95
266 241
374 733
145 221
705 669
289 360
339 910
377 79
300 783
71 739
17 11
928 320
524 693
615 795
774 189
662 86
155 458
929 672
640 609
366 34
45 491
69 26
577 553
242 137
137 613
361 556
652 960
122 102
127 765
5 577
732 603
627 303
659 708
62 584
775 356
69 154
964 84
380 380
484 948
953 361
205 469
105 276
997 60
257 126
281 182
173 378
829 181
580 339
805 170
807 747
874 431
38 15
910 735
22 436
782 135
796 690
851 380
590 613
28 402
124 421
542 687
139 166
683 810
15 884
412 776
101 770
314 227
72 113
710 700
67 720
560 415
425 828
964 737
941 747
521 690
1000 82
938 229
3 63
521 887
983 312
871 166
215 978
494 936
372 653
915 275
126 884
856 385
108 153
978 974
410 395
145 806
488 435
74 68
206 836
424 541
121 42
666 680
580 743
350 610
989 775
355 449
986 522
548 955
197 440
64 390
696 947
487 565
637 6
982 898
344 83
100 257
332 885
78 492
800 184
245 86
4 617
210 654
725 948
254 525
594 344
658 543
157 448
876 168
501 669
622 529
715 853
576 737
284 724
778 291
124 497
909 500
447 407
994 715
263 88
125 907
728 568
567 46
24 844
24 943
578 975
820 12
317 47
598 949
769 110
270 613
459 564
307 137
549 555
177 69
292 951
215 142
696 460
577 386
14 1
600 754
425 575
784 784
896 819
692 340
543 726
463 217
264 366
542 0
306 8
69 551
468 616
760 809
366 36
562 30
833 920
174 992
87 929
449 786
385 708
425 283
892 456
454 921
993 558
390 179
46 452
726 877
750 106
44 665
111 69
940 1000
55 89
27 147
966 921
207 457
860 727
295 321
441 570
487 260
332 473
754 721
132 20
766 991
257 815
478 888
947 438
349 471
767 11
526 216
850 111
16 5
938 530
749 987
633 143
779 197
468 585
410 20
130 817
479 939
213 12
876 544
115 919
211 583
460 189
404 633
418 29
244 807
618 932
159 544
642 502
708 636
454 325
464 475
872 57
882 839
176 457
485 279
182 175
463 867
162 965
59 692
867 603
563 447
119 695
632 696
518 752
980 329
147 873
413 686
165 855
674 35
427 252
266 615
258 481
393 866
12 738
385 882
746 869
237 35
286 79
884 512
387 173
543 1
464 724
219 817
731 145
930 840
929 806
808 623
648 865
347 89
132 544
975 758
44 752
706 262
468 708
312 821
273 24
207 17
504 47
669 775
590 317
910 216
887 717
437 482
349 720
642 852
795 763
220 828
833 983
54 53
497 785
657 798
26 2
943 372
700 607
847 759
342 740
292 205
978 908
109 993
124 161
836 714
826 507
944 962
656 865
250 864
731 978
801 896
658 337
945 395
108 183
317 420
16 965
918 226
108 472
531 83
132 722
582 223
658 257
198 970
554 812
165 100
939 423
398 88
854 824
474 281
679 281
915 234
103 256
91 81
11 46
753 967
709 622
58 987
306 42
589 330
441 444
333 69
76 321
476 149
230 383
163 653
956 843
666 743
729 48
388 803
556 597
335 954
437 213
785 482
471 75
697 228
102 787
935 714
679 173
398 710
83 618
800 79
876 782
587 786
776 435
80 84
80 42
963 824
934 648
670 80
759 269
625 483
361 587
105 79
697 754
985 291
444 499
158 814
548 860
780 398
92 464
427 770
592 380
571 723
227 356
286 256
939 516
373 933
47 21
955 563
401 127
530 697
762 77
837 694
523 846
824 40
354 983
588 398
693 307
509 373
467 598
430 724
832 929
342 535
22 696
349 791
831 194
378 915
211 618
461 400
805 242
300 339
801 441
555 972
897 446
667 119
267 337
300 427
811 517
283 14
454 340
503 357
484 995
620 843
486 706
788 497
785 868
856 135
691 418
134 416
3 1
269 784
643 246
2 1
471 761
729 150
568 562
393 502
4 29
234 787
944 735
769 297
166 305
540 843
178 109
689 931
885 841
76 445
958 149
972 561
880 290
403 853
453 49
289 975
24 128
741 850
509 715
613 620
811 227
377 166
367 126
450 71
699 937
291 909
559 521
285 47
708 119
394 663
382 406
415 451
224 619
514 397
34 239
514 836
837 617
269 592
174 89
8 798
237 599
656 306
516 347
664 263
12 53
582 880
688 393
610 388
179 328
827 818
146 3
999 225
948 504
342 725
188 56
741 944
611 494
62 278
707 914
523 852
676 989
492 819
179 191
205 805
878 489
155 109
852 561
161 422
895 384
683 207
384 864
167 488
286 723
478 567
340 912
813 946
314 368
176 216
497 282
813 873
210 685
32 442
861 191
237 747
529 63
18 111
694 237
537 165
221 205
577 909
100 909
96 485
182 773
509 814
370 275
184 833
96 546
301 765
963 673
665 387
385 122
78 967
907 533
731 299
237 618
438 354
762 60
581 812
23 893
457 280
582 370
404 477
281 79
869 379
485 896
430 826
773 777
494 417
77 676
555 185
970 325
319 65
860 780
447 602
806 507
921 409
782 516
168 257
234 162
518 459
980 593
334 270
965 672
877 716
25 480
759 627
904 93
971 48
874 150
310 355
525 684
471 20
748 338
446 598
548 68
558 712
153 292
493 888
70 558
176 670
793 689
603 10
527 937
429 268
345 213
595 456
233 8
195 568
733 633
715 55
119 342
618 94
468 852
905 554
473 487
288 909
249 100
655 557
642 37
213 977
923 815
811 675
14 7
112 912
581 410
223 105
521 848
958 100
526 50
449 232
267 338
996 230
191 249
738 125
15 105
936 22
264 106
858 321
184 598
772 859
114 526
527 653
234 124
728 53
972 931
1 426
114 1
195 963
426 524
211 773
876 373
26 969
59 937
279 873
102 798
616 11
500 14
834 921
986 971
956 359
7 24
162 787
60 337
399 358
898 252
126 179
913 13
398 822
213 299
957 195
198 760
273 943
592 154
647 329
919 492
798 399
940 747
804 28
978 668
439 313
161 679
626 662
649 669
159 200
863 713
652 183
377 321
28 979
628 715
543 479
502 481
642 311
347 484
577 143
592 810
313 0
794 698
723 806
354 571
817 504
79 956
698 27
420 823
938 279
634 247
158 257
535 858
387 10
907 53
882 980
640 705
572 851
11 19
465 450
928 560
618 309
697 47
618 705
80 425
283 832
689 785
610 631
509 699
118 109
377 149
724 473
966 206
649 65
354 261
768 152
450 706
457 495
355 850
13 23
144 905
301 355
643 964
137 252
783 985
535 39
344 480
887 894
606 345
251 526
838 96
217 317
872 799
268 933
762 727
427 761
716 698
977 699
254 551
159 220
331 287
105 427
144 262
739 297
529 647
114 222
16 486
431 496
782 848
708 801
99 501
33 961
48 946
101 864
455 216
487 536
384 214
324 412
497 280
8 239
83 553
882 758
816 923
12 156
520 559
94 498
4 187
539 981
57 361
148 490
545 147
199 514
806 729
