1000
835 321
145 579
224 584
990 949
152 959
445 480
453 187
736 493
575 94
944 257
272 797
960 366
614 368
996 86
162 915
302 461
718 713
480 185
752 728
456 603
36 577
315 714
988 650
410 427
532 530
816 578
914 360
696 799
431 878
317 164
34 548
796 773
614 781
862 938
256 685
5 99
347 234
434 203
139 520
338 620
687 320
515 502
672 440
119 573
77 173
323 514
992 501
708 47
75 85
220 38
277 514
246 835
434 795
792 255
406 859
937 18
297 980
978 982
150 85
874 961
15 611
420 206
243 744
950 357
924 856
404 943
280 260
10 326
996 995
879 873
241 474
489 292
819 418
303 325
740 90
364 885
342 920
51 566
424 280
65 317
773 175
564 483
903 700
475 123
25 17
458 654
644 40
607 997
437 283
353 917
131 631
659 471
780 581
336 798
533 874
956 855
323 957
106 254
356 486
224 722
533 204
791 763
593 638
294 270
385 326
771 709
246 370
336 32
763 87
820 154
854 124
878 808
213 690
432 249
475 334
483 642
854 321
80 823
334 683
435 83
784 752
660 417
159 73
22 103
825 630
571 116
897 381
250 745
367 947
902 623
281 395
290 932
191 957
481 5
506 747
267 591
121 867
716 545
252 899
544 847
438 192
204 938
871 814
632 489
373 647
113 612
880 620
49 760
989 721
359 406
649 875
721 474
939 410
442 510
561 224
686 149
380 540
436 564
7 393
821 313
519 620
948 978
189 43
378 227
566 951
43 227
254 260
60 707
325 805
230 423
269 493
24 24
316 311
356 131
308 657
429 21
511 643
94 954
343 374
930 977
985 952
914 808
719 477
594 236
545 906
109 362
740 479
803 744
797 820
728 846
443 173
649 940
280 968
46 166
536 699
891 230
153 886
683 694
892 540
394 832
998 972
6 633
882 473
373 146
746 36
717 21
827 601
105 429
685 69
40 340
167 752
76 81
318 881
109 471
631 579
12 951
811 110
449 707
358 294
127 219
527 918
677 639
915 564
367 398
858 307
553 766
257 966
107 245
367 553
768 234
399 458
902 369
196 733
546 333
614 238
797 425
863 399
736 595
533 788
299 893
91 350
851 336
402 515
548 844
865 200
199 80
52 1
188 56
279 93
447 321
2 15
387 801
939 740
64 626
679 476
890 149
214 752
895 628
584 985
691 640
181 461
984 929
561 99
788 8
538 900
733 887
15 8
891 365
145 879
815 1
283 68
733 586
461 622
808 403
483 715
37 707
50 721
1 2
716 163
284 420
516 983
0 0
699 420
213 249
935 544
459 391
219 267
666 970
560 33
965 155
972 152
2 3
374 444
317 22
820 780
0 1
414 860
1 2
510 982
108 738
480 527
691 610
525 757
401 918
417 142
348 224
326 1000
911 656
495 913
722 942
629 68
170 546
389 155
30 958
348 276
382 751
528 696
455 611
179 230
11 1
46 201
389 355
107 98
962 613
722 480
683 292
610 107
6 21
49 959
804 270
759 113
776 47
971 516
863 850
589 618
295 675
181 944
504 957
837 481
76 849
687 355
237 447
792 266
110 173
835 489
947 49
251 611
933 553
425 422
9 14
347 860
349 932
701 948
776 202
969 610
613 550
923 845
971 898
558 402
486 408
320 197
42 604
868 625
786 600
627 274
331 865
311 273
354 469
315 843
947 705
344 490
725 285
701 459
168 162
110 822
811 710
13 1
901 950
0 14
366 579
630 967
563 174
212 60
527 868
138 142
822 868
71 899
369 331
811 588
173 961
976 555
766 829
278 295
394 433
826 794
111 802
35 657
965 620
186 262
719 881
292 20
566 291
947 359
346 771
464 246
484 457
239 478
394 686
95 120
183 747
626 287
430 812
450 690
843 278
299 624
276 83
211 855
297 755
137 190
786 336
74 803
221 841
913 681
866 607
172 31
981 518
478 861
8 20
940 915
341 941
935 394
459 560
810 233
669 816
192 185
978 702
413 179
938 349
1000 130
313 654
590 827
341 253
13 976
780 156
96 778
583 512
975 235
440 659
513 340
113 28
256 150
246 90
546 654
621 578
713 624
677 220
737 632
324 979
260 800
558 676
761 287
196 435
949 716
478 866
473 467
1000 491
994 173
930 80
916 896
847 97
823 10
697 319
892 599
743 975
549 250
382 842
676 637
237 341
379 922
721 300
861 689
354 117
149 546
417 429
658 292
111 41
359 5
797 90
56 2
569 794
838 81
721 804
226 343
620 452
362 299
734 987
281 278
306 956
960 415
504 287
4 84
840 545
595 724
835 212
839 614
134 79
285 717
111 210
632 46
131 920
780 482
414 886
895 224
376 488
879 195
878 354
923 533
206 173
949 955
941 900
812 459
632 666
908 771
843 792
40 574
339 540
113 545
117 185
136 41
633 612
301 951
84 970
531 650
229 40
130 420
413 915
828 503
764 172
99 65
765 139
832 500
733 822
572 665
766 274
166 310
712 725
855 1
132 506
888 994
529 895
606 872
189 985
185 242
65 887
608 955
688 940
271 816
198 100
636 139
714 951
823 610
338 110
852 856
741 667
820 411
840 319
672 646
356 612
101 422
531 743
306 206
545 583
285 743
1000 525
673 651
555 928
134 994
456 936
243 842
691 204
828 796
2 85
199 109
897 238
455 388
930 599
461 857
584 636
318 316
325 866
760 930
327 90
240 330
820 703
524 533
434 953
981 439
789 391
285 435
760 449
641 952
535 369
152 257
117 697
629 608
713 975
589 253
773 961
771 18
517 142
97 586
133 767
79 68
615 414
26 30
712 388
720 755
877 503
469 894
632 594
875 765
422 794
524 637
697 193
362 990
490 86
724 590
240 295
855 300
110 179
126 796
910 560
463 100
400 146
820 284
375 951
647 963
742 723
944 321
756 690
474 461
255 894
31 916
31 184
762 422
188 347
776 55
354 488
510 599
122 590
54 209
461 349
306 688
817 576
799 28
634 892
896 586
153 759
160 713
339 427
991 451
872 33
537 912
250 358
58 619
638 659
259 346
991 146
893 271
25 343
142 556
430 889
155 187
894 814
622 936
921 613
870 350
505 357
9 218
604 351
215 872
975 359
859 132
206 152
346 194
749 377
763 72
432 801
256 412
981 309
881 937
807 880
963 800
926 530
950 858
35 8
642 326
555 135
681 742
635 901
254 155
206 492
143 765
767 607
610 482
7 19
550 840
343 354
388 889
342 201
634 139
816 599
424 211
766 576
762 539
182 819
42 907
152 684
666 90
405 700
218 505
399 973
102 237
65 601
27 71
93 794
713 614
530 96
310 536
396 829
395 488
53 488
15 998
782 893
115 307
148 128
228 561
804 608
520 383
860 446
57 175
10 0
752 68
0 3
848 880
49 130
365 277
842 671
768 960
803 214
814 514
204 846
735 329
9 5
467 820
654 169
213 628
84 267
535 712
770 883
237 703
238 710
560 246
56 772
764 902
644 595
10 21
975 968
117 929
92 387
861 724
227 102
920 997
100 703
159 207
373 628
897 372
643 345
322 151
969 361
395 796
874 278
604 202
367 769
854 215
32 211
638 117
609 454
3 0
491 212
1 1
194 796
797 227
765 95
694 368
205 899
0 0
576 927
776 398
925 330
2 24
285 223
740 342
443 812
972 806
628 484
951 483
892 295
499 980
845 283
480 270
97 741
725 593
73 891
717 923
314 201
29 283
685 128
881 827
991 885
629 505
680 925
385 995
535 978
663 427
158 848
783 821
308 107
381 125
742 516
379 843
556 905
974 561
29 698
442 689
404 940
396 848
286 850
654 728
289 29
50 841
296 310
585 345
381 89
600 369
584 777
933 970
656 861
22 1
535 310
926 984
754 225
712 715
976 470
797 929
988 49
295 340
615 337
44 457
966 657
328 749
926 427
954 633
35 119
362 38
725 572
238 8
309 367
177 754
954 894
11 4
623 432
401 369
570 210
306 709
576 309
275 925
731 264
725 826
3 23
195 588
630 504
64 987
64 16
13 904
530 531
827 523
602 598
26 736
505 913
306 60
670 589
190 908
901 647
288 192
400 342
54 637
239 733
369 987
961 241
538 711
60 70
383 795
467 283
893 305
494 175
302 95
640 632
278 868
145 186
374 608
17 1
207 286
826 539
522 102
1000 707
825 369
701 310
312 492
78 746
745 702
451 450
286 977
603 700
432 47
386 519
468 360
481 192
945 429
1 0
565 185
804 355
380 433
147 639
79 84
89 403
731 699
777 118
959 897
1000 590
298 382
754 785
776 751
491 690
458 815
469 449
841 116
163 377
255 634
18 8
92 321
6 403
252 549
161 10
63 995
511 87
474 312
379 615
930 448
105 625
392 874
9 6
10 769
451 257
981 968
570 40
170 345
75 0
625 391
637 198
837 630
853 279
413 946
706 518
693 951
73 303
218 687
212 130
481 725
41 356
16 488
812 364
857 197
491 276
586 54
669 563
90 789
230 704
280 222
60 443
547 469
941 998
206 936
84 705
978 491
819 164
920 967
257 393
137 349
31 693
