1000
107 708
493 854
56 635
334 167
967 616
550 981
700 481
381 303
598 861
857 504
303 501
104 238
754 781
331 814
634 108
918 107
889 838
616 302
51 98
413 505
216 208
241 304
914 814
719 625
991 665
601 16
307 882
100 2
479 166
205 605
377 873
431 273
726 645
1 28
662 993
25 622
616 775
540 397
427 496
19 253
460 118
760 473
67 414
197 399
143 177
6 658
211 723
125 665
408 63
90 782
147 909
893 143
749 918
482 313
483 891
99 710
76 618
979 879
50 810
654 605
540 182
898 699
640 835
789 684
288 990
292 442
177 955
24 19
326 906
624 634
910 370
791 618
355 647
628 260
757 854
509 774
604 724
562 612
37 89
952 547
858 937
919 720
252 330
438 943
261 459
150 246
381 690
276 843
324 376
266 905
13 10
940 14
627 982
297 717
24 477
483 225
914 140
584 279
848 726
6 360
167 415
8 0
455 414
598 916
650 468
63 456
516 554
245 226
936 492
576 16
6 0
110 641
749 283
341 839
898 511
984 70
185 934
26 10
881 539
647 519
373 663
54 692
529 664
775 838
617 667
781 277
294 902
906 530
6 495
265 541
294 343
19 0
824 968
644 955
327 30
346 682
753 982
506 486
523 160
308 505
509 927
240 610
130 692
999 717
875 75
840 416
763 290
725 662
689 30
970 978
13 1
206 95
620 54
762 822
0 1
104 660
1 0
260 881
910 567
2 12
659 560
979 19
257 118
103 935
11 108
775 883
349 82
419 923
959 524
440 721
101 517
944 492
228 85
633 514
926 682
378 683
477 364
359 78
883 51
2 762
440 820
0 50
537 596
654 332
4 16
842 355
263 534
309 323
201 961
904 727
811 321
368 861
901 32
884 870
735 205
610 487
73 665
802 187
798 108
478 161
71 123
323 294
453 530
176 131
870 78
826 335
968 441
463 726
755 644
323 486
242 343
739 690
265 474
84 579
956 612
516 662
779 974
113 511
36 464
265 719
451 480
428 474
551 229
954 932
172 602
97 976
928 910
123 361
890 269
109 972
626 853
195 117
703 344
33 17
315 34
208 271
717 5
119 636
647 658
109 807
772 771
465 79
573 481
94 368
635 286
388 269
278 587
638 269
56 663
854 969
606 605
82 479
665 514
16 718
424 436
650 326
566 43
870 621
142 774
514 895
62 224
806 52
396 782
701 571
640 185
996 57
268 777
801 657
948 819
684 430
176 656
931 414
22 3
922 830
0 443
322 275
335 572
442 688
0 11
778 706
432 923
905 125
278 707
651 999
323 585
76 911
958 563
91 535
917 508
792 405
9 13
131 424
410 784
217 896
434 717
805 995
374 944
440 864
698 152
300 599
145 703
244 852
808 61
704 722
902 38
746 85
873 131
457 97
920 488
216 343
615 27
20 377
8 376
256 801
20 19
206 681
252 370
919 928
732 521
307 375
904 883
126 80
596 177
814 166
938 110
275 753
761 955
899 55
394 23
83 706
52 845
236 165
575 277
299 564
628 929
449 311
471 663
580 583
849 29
187 904
267 412
715 373
638 377
157 777
26 7
114 218
787 318
808 0
421 506
653 614
130 365
469 436
218 68
348 180
1 8
308 27
932 107
790 930
957 56
501 518
571 441
419 711
324 201
101 733
870 581
191 752
43 72
285 946
393 860
11 1
699 536
140 164
688 378
561 979
887 73
539 153
28 287
30 77
154 116
422 49
192 847
267 888
7 16
796 32
485 887
757 148
122 959
715 807
412 812
329 417
96 295
841 513
744 763
781 29
523 635
778 140
330 540
231 961
503 865
884 830
564 594
385 915
1 2
721 454
200 802
546 700
193 316
296 129
9 185
6 0
0 2
796 802
340 851
907 962
547 657
808 462
3 19
617 445
647 744
323 728
3 940
516 16
987 323
90 661
801 86
825 75
571 390
273 677
230 34
883 879
179 422
403 591
984 607
254 557
209 997
48 341
949 60
843 63
5 550
804 102
792 484
634 861
236 518
973 791
255 196
177 237
968 320
966 740
413 159
259 408
776 356
108 779
438 582
740 75
284 724
512 898
496 922
605 53
48 548
673 735
54 29
31 2
967 202
78 177
0 9
43 692
112 270
156 170
1000 194
679 246
266 933
661 621
576 402
387 983
496 517
134 521
721 677
984 48
249 600
751 201
476 979
437 383
740 169
80 661
468 615
464 566
196 337
914 93
858 317
193 985
21 4
264 542
337 569
404 700
31 170
706 667
602 229
926 700
286 736
49 809
550 488
929 746
782 50
257 524
15 749
631 830
235 108
410 696
758 962
888 159
0 432
563 13
905 454
749 113
567 878
64 962
347 529
4 22
501 904
84 4
32 497
806 492
920 388
46 828
668 881
597 946
145 797
98 514
512 723
845 319
689 904
895 172
610 787
386 967
262 818
312 473
770 968
805 48
517 950
271 951
123 225
42 530
478 135
746 654
642 52
431 312
440 808
169 726
162 693
776 509
91 159
981 939
711 675
797 1000
666 198
829 331
170 707
439 924
93 260
672 323
636 821
53 690
518 963
668 246
199 596
8 737
353 101
46 6
469 406
302 434
92 984
529 790
91 991
147 104
989 185
147 424
368 512
3 16
972 505
623 958
768 44
726 684
867 747
998 506
317 301
771 333
284 589
964 252
355 866
788 82
436 292
181 847
587 767
855 864
169 863
4 6
455 261
993 612
730 816
351 57
978 138
206 130
2 5
156 904
629 852
647 639
223 133
473 613
401 288
1 1
42 283
604 427
132 192
715 505
71 684
829 58
539 961
490 631
337 699
355 888
481 872
783 291
700 13
398 111
841 300
976 181
465 152
214 152
310 365
162 329
589 142
526 273
217 195
44 713
546 616
980 53
17 0
0 3
126 765
970 998
622 716
268 661
414 430
888 105
504 901
8 140
155 924
471 394
0 1
346 371
822 612
544 143
382 333
63 246
869 190
736 36
815 773
944 992
213 175
917 754
220 240
145 864
556 484
529 138
314 934
925 82
664 90
5 26
753 319
5 231
940 125
230 862
206 111
550 762
332 399
214 796
59 930
216 253
855 835
387 721
49 770
139 836
287 117
123 284
683 995
981 374
731 910
570 943
432 99
545 357
977 923
217 467
359 570
895 983
419 688
63 107
598 888
612 688
501 301
140 574
344 956
946 362
194 893
78 413
363 155
186 7
792 106
383 917
15 11
893 994
9 196
473 321
48 263
605 402
375 244
450 291
116 847
942 259
65 348
102 605
911 578
3 33
259 986
373 35
455 168
879 374
77 202
960 959
246 156
491 656
795 17
600 1000
979 964
956 957
343 752
803 807
118 672
728 684
781 503
843 445
821 617
239 866
685 296
608 370
801 563
446 643
473 497
396 223
499 626
555 673
633 574
354 370
32 810
633 444
788 724
733 546
159 676
485 728
16 0
231 53
426 389
684 968
220 436
357 226
465 461
4 4
602 731
364 90
466 997
289 704
246 377
824 57
978 304
6 11
850 637
506 462
711 374
931 184
916 289
896 428
37 993
872 705
209 976
237 929
437 134
631 545
879 216
240 51
981 599
207 454
820 785
477 979
95 722
967 967
276 105
473 995
320 968
488 319
630 819
640 526
831 952
997 678
170 766
835 837
347 692
296 822
779 564
184 744
41 466
33 21
392 701
450 870
300 305
767 873
780 784
984 91
717 402
723 19
848 561
591 182
366 506
422 993
78 849
305 395
955 499
595 77
405 493
937 815
699 970
293 87
350 444
535 852
12 22
125 624
112 868
481 755
130 735
963 572
424 274
693 476
963 173
832 572
14 453
950 790
594 443
26 229
778 805
536 996
855 456
580 664
583 975
134 439
59 880
696 538
317 283
45 878
373 765
106 330
457 567
97 613
711 140
461 804
651 371
233 363
218 370
271 535
794 304
678 275
934 165
530 688
121 794
727 560
50 204
173 909
538 602
598 977
445 131
117 186
767 483
142 909
244 202
23 6
177 333
22 737
394 508
440 116
787 312
120 211
0 18
255 332
147 932
551 348
455 46
180 230
250 578
700 309
192 614
892 400
143 213
311 217
119 735
652 127
326 750
390 283
513 520
116 60
869 524
1 941
325 5
426 184
159 810
493 722
969 508
550 343
1 356
151 468
221 520
316 605
981 423
508 218
226 99
245 6
697 353
910 682
398 344
567 219
534 617
783 984
574 581
87 104
286 94
94 191
52 374
659 426
593 748
468 940
615 226
985 222
513 247
749 382
763 323
600 301
628 390
709 523
834 828
857 777
245 401
223 894
420 872
473 415
850 677
11 455
538 981
622 465
342 585
933 873
396 162
296 858
312 108
29 7
290 651
470 758
476 75
114 442
668 170
366 820
623 609
958 774
921 583
574 531
5 4
427 44
804 623
557 51
682 900
21 62
4 246
751 544
707 639
621 885
895 368
7 2
1 160
230 283
579 612
440 331
0 1
991 897
706 809
952 824
726 137
843 358
3 124
674 411
801 20
151 259
747 557
54 538
396 352
534 956
