1000
259 492
610 556
895 495
368 586
577 823
283 439
659 773
93 812
797 415
670 94
125 303
857 4
693 939
56 226
954 616
306 228
3 0
189 771
1 5
42 234
376 643
949 661
75 75
549 897
390 6
178 30
3 697
560 334
147 305
992 454
971 544
464 955
774 55
582 989
323 919
202 653
183 6
275 331
361 210
620 945
493 591
424 940
364 922
496 422
420 346
32 637
15 931
556 551
82 450
658 884
426 989
674 673
259 383
774 17
217 542
292 981
2 1
674 434
1 0
95 423
866 508
945 289
661 2
242 837
284 128
985 98
173 450
836 432
806 284
604 301
148 810
567 739
785 580
456 77
924 798
543 835
51 789
692 959
923 671
674 132
311 699
590 337
135 228
517 825
689 887
396 625
296 134
207 964
278 821
467 403
648 3
930 902
367 152
797 604
729 451
545 101
50 527
255 416
251 510
930 819
932 903
667 562
484 332
206 938
474 427
17 5
489 663
521 898
315 367
235 417
915 944
19 781
778 424
815 109
627 405
820 551
3 21
451 195
315 498
325 93
420 245
487 743
709 337
195 158
824 57
547 686
394 105
194 675
907 201
889 109
149 343
448 395
851 358
615 903
201 225
930 876
397 465
946 127
9 521
353 789
752 222
546 37
23 6
598 28
168 811
734 37
283 83
0 291
89 696
1 0
0 3
947 268
21 397
742 950
852 637
419 537
103 855
660 383
646 772
913 130
505 74
642 791
495 100
882 623
543 523
246 911
310 66
623 676
170 121
514 96
64 987
638 430
82 810
507 558
334 646
773 84
669 344
663 365
602 975
889 466
655 208
797 561
136 723
827 966
805 332
608 986
298 985
517 112
473 853
263 525
603 102
13 799
293 44
742 884
965 592
535 969
8 781
965 562
409 670
25 48
262 773
795 463
231 552
680 955
970 294
553 192
314 422
35 787
368 792
554 936
539 778
686 828
310 928
37 310
174 925
143 714
426 846
165 461
64 778
30 189
883 120
482 249
114 123
254 628
842 249
814 297
419 284
330 346
505 11
580 333
387 892
771 164
51 636
531 31
460 152
755 608
972 934
234 476
205 330
196 789
412 176
143 314
458 536
665 837
807 954
523 943
283 57
774 718
525 377
760 556
356 168
878 682
848 835
87 652
245 909
95 12
77 514
13 0
380 200
927 618
2 5
2 232
564 277
320 717
842 826
451 850
184 439
4 2
26 725
424 210
715 821
92 300
1 23
575 849
919 267
164 82
27 719
732 30
345 173
80 371
6 49
151 733
512 52
18 85
578 402
583 310
113 775
300 76
742 51
835 237
835 32
832 45
746 655
89 417
19 727
327 410
23 6
318 771
752 198
235 650
410 161
530 863
811 474
5 0
0 5
797 919
587 54
754 865
429 501
23 269
512 152
0 0
321 114
46 709
127 49
904 281
272 242
162 643
904 931
351 754
266 399
548 760
302 527
954 471
956 870
23 308
214 312
783 751
5 1
968 506
306 294
86 345
363 850
3 5
914 327
825 155
11 394
605 965
30 607
305 346
758 845
4 1
0 493
1 5
65 729
806 403
970 255
788 14
171 757
359 17
443 592
534 743
276 840
546 88
11 157
954 356
498 917
219 6
920 155
735 190
36 525
557 817
17 860
895 589
956 462
569 600
732 832
224 681
311 895
760 360
527 376
793 641
243 195
26 707
555 493
730 958
389 983
686 496
213 769
854 712
463 877
803 86
345 892
479 135
737 318
212 129
320 795
20 0
300 292
0 9
756 419
464 562
890 799
116 324
952 667
397 743
330 672
107 235
338 657
24 50
355 341
89 757
879 667
440 853
978 410
981 102
92 310
367 289
964 506
465 693
183 686
815 228
522 73
3 522
246 981
73 222
759 826
113 730
252 241
821 100
23 0
141 884
816 919
123 326
996 425
954 236
78 208
797 432
264 95
44 238
160 428
145 272
35 480
751 137
868 361
9 5
844 612
387 804
244 568
147 697
841 951
2 0
0 6
890 530
939 947
22 11
335 808
63 489
778 825
2 30
69 638
153 397
153 24
621 853
438 737
167 12
190 546
623 869
360 40
408 309
594 213
14 544
356 734
441 600
724 874
873 795
694 210
646 752
350 840
890 75
280 109
848 490
213 835
215 617
200 200
274 553
841 494
379 297
738 145
83 758
571 733
826 160
456 798
747 93
466 277
942 85
24 1
926 971
839 872
887 433
489 589
971 857
5 1
369 325
258 967
2 0
0 0
124 333
47 485
58 641
704 271
3 9
707 512
930 237
15 93
533 143
972 351
680 685
448 770
900 598
499 744
955 404
527 464
293 89
630 320
13 9
945 709
500 232
709 890
343 251
86 870
881 58
269 241
759 378
986 410
92 938
85 596
11 0
95 983
77 430
342 867
1 6
863 213
375 139
736 513
488 53
257 114
940 646
69 272
0 11
351 514
779 657
8 79
855 592
200 21
314 127
867 716
97 42
171 683
884 614
133 499
173 802
835 913
546 402
167 163
360 895
289 324
38 38
496 750
562 576
345 234
436 771
873 730
436 948
80 600
422 323
735 290
989 19
171 73
144 559
947 750
356 899
104 714
536 782
335 320
7 677
14 620
74 656
819 448
165 8
218 874
796 285
26 13
986 973
101 616
588 320
127 39
942 200
612 750
547 514
818 426
20 760
156 754
578 338
50 691
912 208
582 43
937 380
483 176
916 420
39 217
631 47
479 217
356 33
874 147
730 259
17 10
415 97
818 80
861 926
294 692
583 867
856 382
718 674
713 677
810 269
950 538
5 1
196 762
1 24
642 186
645 733
619 80
238 387
452 285
343 989
18 339
146 671
543 100
716 905
495 480
770 547
254 287
926 809
835 663
704 89
874 776
883 476
911 317
352 911
102 174
142 9
651 450
903 657
14 5
30 308
50 55
434 287
280 375
747 398
953 296
966 688
219 162
263 860
305 747
638 301
964 947
635 713
11 1
25 987
764 457
663 412
933 348
71 897
329 357
494 145
4 0
509 516
0 1
178 17
342 885
528 846
674 162
165 501
435 934
166 935
677 652
254 114
944 339
897 10
936 72
470 833
616 30
132 852
287 994
450 825
112 666
2 7
233 5
264 411
486 808
969 872
701 701
582 572
497 334
495 938
688 224
335 421
983 156
880 228
183 721
903 147
689 279
505 563
968 914
53 673
107 739
698 47
184 789
913 556
582 38
12 3
737 308
214 9
312 336
744 840
304 814
637 28
13 105
976 2
747 123
947 351
531 748
628 115
506 977
131 101
231 444
7 122
13 7
809 321
836 398
72 30
691 435
190 109
452 560
517 832
539 379
529 846
403 657
362 172
2 18
781 353
760 223
172 200
203 718
994 6
84 222
518 67
383 560
897 965
936 504
690 566
587 344
358 918
399 897
223 543
643 106
617 813
535 500
52 935
625 824
133 363
763 585
683 703
488 475
543 927
955 436
901 566
998 790
974 865
753 767
753 408
190 46
750 571
29 9
664 220
170 179
409 879
419 940
18 871
934 490
921 671
657 384
759 559
528 644
554 74
170 792
347 299
900 39
983 639
10 12
2 706
86 106
498 111
279 721
119 437
464 456
302 885
852 401
102 19
521 766
573 310
762 966
6 0
606 979
1 23
711 767
504 180
612 561
908 828
86 354
929 562
34 858
683 944
564 513
980 749
470 377
683 833
576 760
230 579
225 92
693 644
448 852
117 501
125 294
883 449
841 140
293 602
899 143
1000 381
836 698
121 345
938 453
734 869
600 710
17 2
536 38
875 882
172 345
13 203
719 846
3 3
1 495
935 657
841 739
645 929
917 138
5 1
833 253
424 429
0 0
802 90
461 645
84 360
226 165
559 851
3 7
805 183
796 368
601 754
887 331
272 879
856 758
764 128
982 661
151 648
415 145
910 632
578 300
345 585
697 514
831 745
701 241
180 288
710 674
636 678
507 308
223 117
879 876
312 246
138 926
886 783
15 2
346 774
73 350
947 675
537 592
614 614
122 445
913 809
404 811
212 818
273 507
17 745
398 76
343 745
629 240
263 512
957 731
550 688
116 14
13 1
684 581
1 0
71 667
0 5
494 551
221 687
622 454
681 937
961 301
883 696
744 620
386 471
893 296
764 53
564 299
117 959
73 234
953 32
29 476
378 529
725 753
111 684
24 673
719 937
915 388
275 703
576 268
947 166
205 760
586 560
245 869
212 929
477 591
996 711
28 0
810 853
104 829
691 845
702 700
261 670
27 71
731 349
492 438
880 428
456 454
931 92
25 769
59 955
10 7
172 879
862 478
153 51
578 364
176 7
218 786
787 36
923 969
198 823
9 8
916 587
487 907
814 166
299 123
954 511
51 509
336 272
363 735
817 789
848 706
896 289
230 619
617 359
621 415
204 420
145 397
229 59
229 184
712 806
642 359
487 644
109 408
714 731
323 707
334 742
547 607
513 139
10 5
26 704
632 959
825 961
159 958
197 109
737 629
5 3
555 168
884 124
95 909
0 907
