1000
414 476
970 479
176 0
320 22
203 17
2 3
855 193
136 590
302 985
931 810
69 382
0 1
97 856
827 420
97 352
851 738
416 898
379 978
675 67
403 603
806 651
146 599
651 296
990 344
610 48
129 908
397 962
511 826
840 531
688 448
153 615
463 507
207 721
710 973
715 4
694 984
226 111
3 9
575 414
836 825
539 883
311 409
328 681
748 31
837 56
373 879
525 851
365 433
154 725
849 58
479 966
518 534
1 1
163 595
287 27
735 910
40 647
3 3
251 224
802 943
188 440
483 688
4 1
365 631
540 281
457 848
838 497
775 966
875 110
866 376
5 0
876 273
0 0
0 10
340 723
550 92
389 525
141 897
661 753
736 196
946 959
802 787
483 573
464 967
434 789
447 595
558 786
669 771
130 466
559 503
862 353
938 859
582 571
991 576
19 0
882 646
563 836
663 681
451 701
863 825
348 266
319 571
332 687
2 0
0 6
953 563
610 116
892 748
972 844
961 619
561 188
962 481
986 791
96 706
545 642
181 698
0 1
887 164
0 2
136 728
686 64
374 593
571 491
517 911
888 799
923 286
570 322
950 30
911 960
89 323
9 0
399 861
167 814
320 164
680 830
160 467
702 367
769 256
201 614
950 577
9 3
461 938
240 100
85 1
0 7
707 603
861 359
607 913
294 874
562 412
153 923
728 476
412 991
825 147
209 780
0 1
940 134
852 177
984 779
3 7
656 1000
402 768
11 327
634 132
172 297
490 207
429 476
329 240
7 5
820 973
241 270
326 484
106 595
888 253
465 322
806 784
443 250
489 136
348 959
32 186
296 543
574 390
409 988
715 527
615 185
85 597
655 46
545 183
132 824
305 54
95 609
908 637
480 103
331 890
132 693
19 8
179 817
124 561
368 364
149 708
57 331
742 928
606 766
22 583
2 11
338 813
933 862
369 999
852 899
728 768
601 302
879 460
967 599
79 484
127 780
7 591
819 286
407 248
748 185
479 551
1 2
806 20
587 117
904 853
629 966
3 1
433 505
1 2
556 179
307 944
266 92
934 298
623 979
365 631
655 980
718 798
531 284
697 586
97 216
275 563
824 228
146 538
573 751
6 0
177 158
1 5
456 991
933 166
906 634
846 805
246 655
675 300
469 521
7 2
553 207
380 114
283 665
330 373
267 966
660 975
516 946
0 4
647 975
686 593
815 913
654 683
2 0
0 2
108 969
275 144
1 0
728 657
948 500
765 928
2 3
469 364
349 473
878 835
41 480
0 2
873 577
433 978
405 625
1 4
478 31
746 669
278 165
709 409
327 760
655 568
942 300
3 6
666 219
762 154
470 875
150 402
32 197
909 433
1 2
881 112
478 671
858 694
505 63
4 1
665 809
597 398
200 907
333 627
578 945
0 4
963 829
13 614
30 250
680 741
668 374
991 782
363 269
670 112
301 690
1 8
861 776
922 185
493 269
61 178
688 444
304 839
497 87
592 292
262 630
730 841
153 314
0 0
0 0
332 228
1 3
391 489
771 109
88 440
209 477
744 244
902 38
559 309
3 2
869 767
441 378
796 526
312 192
388 709
974 903
388 289
956 748
640 951
119 89
902 75
653 117
30 458
682 128
668 802
2 11
301 376
84 830
9 58
729 122
988 91
766 489
181 275
357 785
577 478
677 385
409 226
23 234
971 232
908 312
697 801
616 592
689 191
673 860
297 576
266 617
19 473
280 166
742 304
576 879
201 291
318 371
125 63
403 539
781 955
641 575
12 10
588 139
752 742
424 189
451 320
831 860
884 492
32 87
994 444
61 985
980 929
442 142
746 429
911 452
85 935
165 66
13 1
2 672
1 3
241 865
74 242
537 593
580 759
0 6
916 737
165 577
571 764
59 829
362 516
398 118
5 0
419 412
1 1
826 818
581 709
754 315
119 912
358 304
929 965
87 881
685 742
948 38
650 10
954 486
40 384
12 0
603 54
227 280
883 881
0 408
3 3
512 863
333 375
509 228
203 904
941 322
75 508
0 0
112 482
669 383
663 215
259 581
116 895
79 43
76 922
758 440
1 636
335 442
950 27
65 299
318 797
152 732
14 0
0 1
149 497
86 227
981 225
426 197
6 297
851 397
5 1
228 542
0 10
615 997
533 196
233 750
126 480
20 869
838 709
131 335
67 8
126 121
503 156
404 282
285 99
848 285
142 718
318 946
318 859
388 728
744 154
44 390
126 95
627 146
5 0
0 3
916 626
43 513
172 460
121 440
725 170
913 723
521 981
765 315
165 244
838 82
3 0
998 409
729 510
911 880
29 120
660 616
949 490
870 470
177 568
146 570
4 35
836 747
805 409
747 909
296 270
333 770
537 808
303 367
433 543
907 18
924 940
564 105
202 82
503 161
868 94
451 210
281 501
518 182
952 370
690 936
153 403
769 708
506 266
494 551
280 770
432 928
931 160
688 25
839 344
40 223
334 913
419 62
332 385
198 702
148 284
224 860
402 588
377 218
390 11
10 8
648 222
743 377
337 808
20 598
313 952
345 340
600 816
905 510
531 344
567 435
430 449
883 277
924 743
310 735
729 795
599 97
11 0
0 0
0 2
191 511
689 454
502 580
473 927
532 456
943 957
342 717
236 763
637 476
313 452
59 582
2 0
719 523
535 427
0 19
304 396
523 476
829 33
149 71
462 236
498 568
972 903
516 533
565 276
244 243
863 676
65 618
785 489
820 23
814 897
521 237
475 279
192 720
663 497
753 582
923 223
890 391
531 441
366 535
676 495
10 0
0 0
0 4
682 95
853 561
409 295
527 339
427 388
834 833
815 867
2 0
228 219
0 0
0 8
67 949
955 488
537 522
682 398
483 282
251 497
679 96
95 504
614 533
152 228
45 2
648 261
325 762
236 995
985 366
13 8
671 704
33 748
435 895
601 838
799 368
194 132
729 139
422 35
500 81
8 0
0 5
381 32
666 436
489 472
171 21
58 66
97 160
106 329
274 402
416 17
939 65
882 648
815 992
0 0
880 662
294 978
400 291
645 601
32 462
322 7
433 712
884 520
779 523
662 893
549 816
735 449
3 0
154 600
346 13
0 0
985 625
0 15
127 319
179 211
369 704
388 768
281 66
322 500
208 218
49 312
216 775
954 911
37 201
69 736
508 96
452 387
844 80
239 407
759 372
943 574
652 45
5 3
282 573
94 251
930 37
605 551
240 961
576 624
1 0
823 123
657 97
507 398
111 547
744 95
87 126
51 666
487 927
4 0
0 5
955 842
923 527
824 797
4 473
438 331
322 717
117 498
805 955
4 3
563 74
381 728
493 172
734 668
521 430
613 895
422 965
572 319
353 19
219 355
987 148
244 591
287 964
582 455
540 689
553 236
977 366
761 791
907 526
65 65
326 428
75 469
329 418
6 0
0 0
0 6
673 529
830 323
315 695
778 416
14 643
665 132
6 0
640 827
423 838
202 645
187 71
448 854
681 682
563 615
799 215
603 118
544 294
4 0
259 63
422 134
959 667
2 0
984 127
0 1
309 148
264 593
785 787
917 284
186 938
3 0
656 691
543 240
7 247
546 611
4 4
520 106
189 192
613 303
664 466
89 196
628 361
27 892
870 473
2 3
44 837
396 46
681 844
834 242
176 788
909 983
106 461
832 923
579 78
862 631
2 0
0 2
540 623
841 926
445 542
534 496
3 15
207 628
262 208
547 540
836 763
346 163
263 615
83 542
371 938
744 565
572 639
37 65
573 704
640 476
407 992
773 804
3 1
99 177
0 0
881 933
428 66
662 782
713 48
902 945
424 249
603 223
599 612
6 2
627 82
956 768
526 11
475 456
792 872
758 64
50 812
55 58
43 533
6 4
697 28
69 277
801 299
291 558
427 763
534 808
946 580
387 546
972 518
636 875
618 759
23 362
958 54
854 296
418 649
2 1
15 919
69 482
24 324
681 476
603 787
637 834
625 117
95 882
434 782
86 14
555 867
821 805
10 1
598 255
393 84
2 0
0 16
419 516
390 463
873 892
158 541
476 272
167 695
937 399
489 908
667 423
345 87
791 939
119 295
908 505
895 567
221 998
305 9
800 142
107 447
337 657
338 940
176 451
270 625
15 6
410 910
98 121
836 965
968 415
371 859
574 881
2 0
0 3
210 910
749 534
341 692
970 831
390 960
705 290
218 754
289 461
764 284
293 306
864 332
195 301
728 913
888 530
703 607
3 1
362 829
1 13
18 744
346 379
551 7
325 93
806 66
111 705
649 779
83 946
479 357
442 526
310 196
579 378
353 923
210 612
1 0
0 0
0 9
551 715
709 0
176 833
103 343
763 19
15 388
761 693
698 100
808 2
925 393
3 0
94 15
0 4
430 253
739 568
207 83
709 540
2 0
504 623
400 916
544 364
262 679
2 1
189 906
590 739
2 6
454 649
549 958
505 465
15 915
598 173
760 876
841 459
0 0
512 731
1 892
619 499
821 713
970 966
426 75
808 48
719 470
330 816
543 613
285 507
