1000
90 760
204 595
565 5
186 436
186 99
198 820
337 673
539 178
4 2
668 661
994 925
586 589
607 697
485 684
769 303
1 1
224 910
580 111
915 89
3 1
957 844
634 974
2 0
446 414
191 514
644 421
0 2
216 749
620 169
440 739
929 459
3 0
0 5
312 984
189 579
46 626
735 794
274 342
352 565
3 4
460 340
927 799
434 705
137 259
0 0
0 1
488 904
0 5
955 159
547 33
939 335
152 226
755 553
0 0
10 421
479 29
0 1
860 254
0 3
597 842
571 828
296 566
934 197
594 342
785 339
427 567
186 742
0 0
833 971
0 1
36 614
0 1
395 552
931 241
486 16
0 2
455 701
958 251
779 496
809 413
142 136
3 0
224 765
269 132
673 598
1 5
611 348
148 841
368 853
661 711
631 126
2 0
177 616
301 408
2 0
193 868
488 361
469 850
292 654
506 868
728 997
479 143
4 0
0 11
846 598
401 944
938 562
189 491
905 362
700 620
479 832
904 941
271 368
347 528
285 725
571 970
820 628
9 2
314 79
574 451
1 0
349 403
0 2
342 834
645 408
0 9
403 617
838 706
161 529
815 907
526 974
96 754
948 721
885 93
643 145
412 207
9 3
348 543
189 132
822 253
3 0
169 674
188 16
2 1
130 0
829 378
941 75
444 345
2 1
173 259
1 0
508 242
0 0
0 4
565 660
669 460
704 257
276 781
96 193
15 555
115 122
822 801
539 853
463 761
367 337
95 209
624 260
0 4
390 408
255 509
262 524
539 622
753 983
3 1
960 495
598 389
207 41
855 741
577 870
320 47
4 0
0 2
521 452
920 473
2 0
274 59
619 576
706 884
6 904
452 8
354 256
954 80
559 504
202 398
9 0
676 285
764 733
221 628
38 400
2 0
0 0
695 321
0 2
214 694
741 13
829 829
423 616
360 542
154 643
87 976
2 2
958 324
903 287
560 300
2 1
702 170
265 292
904 90
80 41
295 666
3 0
0 1
850 779
535 710
0 11
780 915
852 649
955 511
240 285
582 413
554 779
707 485
326 791
845 584
693 396
858 263
0 0
0 0
256 13
601 210
1 0
0 0
0 9
275 892
997 134
702 836
899 749
383 148
956 908
360 539
786 188
513 49
9 0
171 18
902 350
315 16
507 324
4 2
995 235
485 700
1 0
0 0
379 61
274 916
456 978
609 565
98 340
357 309
851 427
4 0
818 539
24 614
2 1
685 637
0 0
619 600
1 1
151 604
697 709
67 228
149 343
2 0
0 0
380 665
0 0
0 0
280 374
270 727
2 0
169 453
1 0
0 3
558 174
199 805
854 173
2 1
961 648
1 1
608 799
1 1
683 287
695 848
277 473
992 603
82 13
694 857
4 0
0 0
690 206
809 15
329 878
670 714
313 582
3 1
630 479
1 6
685 398
172 145
530 561
94 34
701 773
407 515
495 742
6 0
0 5
65 21
660 474
536 421
762 394
797 235
903 941
4 13
552 512
179 672
765 739
559 832
776 688
860 957
134 518
478 169
572 130
257 102
353 901
860 41
740 838
643 589
1 6
56 985
715 19
952 844
802 636
529 907
664 81
91 903
914 542
8 1
609 71
708 871
523 913
2 0
146 910
744 515
627 176
718 511
979 92
496 832
765 854
0 4
918 975
647 692
87 558
750 26
858 758
497 591
6 5
155 463
594 529
211 472
993 259
258 528
3 3
745 822
592 228
318 340
711 465
646 783
773 394
681 566
93 460
402 450
4 0
701 67
1 2
247 892
422 575
297 980
3 0
839 967
397 183
594 718
947 603
0 4
259 92
116 748
411 961
65 794
3 9
365 792
483 506
733 423
833 147
756 641
7 665
956 789
519 382
528 524
868 188
110 718
7 1
576 567
867 735
482 345
154 510
0 2
883 571
372 56
0 0
979 969
383 358
0 6
787 910
597 755
864 838
591 64
811 193
524 380
931 866
5 0
0 0
952 899
205 800
918 573
91 423
278 961
323 151
112 49
326 243
171 196
4 4
783 519
294 443
75 461
528 1000
385 951
452 784
605 474
206 357
8 0
832 623
0 10
967 782
873 898
272 411
873 625
913 443
868 63
395 970
838 556
874 965
370 154
678 556
480 291
153 243
708 278
498 708
749 746
488 669
10 0
535 633
1 2
995 440
828 193
294 207
3 2
556 279
947 259
858 255
2 256
903 76
517 216
143 874
622 498
6 0
0 0
119 566
459 251
1 0
0 0
18 139
580 731
617 926
3 0
0 0
144 795
152 75
217 425
980 841
127 245
665 406
598 499
601 849
1 0
258 533
11 827
2 3
312 337
18 961
197 613
3 4
248 855
931 895
768 208
773 414
88 800
703 609
6 1
634 686
559 718
1 3
918 118
125 446
575 527
2 0
850 195
563 75
416 696
166 42
2 2
835 833
484 580
0 1
617 914
1 3
249 945
362 180
204 738
154 809
2 2
132 74
532 897
571 833
370 257
86 948
2 1
823 788
1 1
704 977
443 638
760 393
1 1
783 517
651 895
313 93
2 2
811 679
567 224
1 0
0 0
0 4
209 474
153 365
496 415
891 340
0 1
820 490
466 416
0 1
157 228
868 623
2 3
40 14
185 74
638 214
250 519
364 442
235 908
785 40
820 920
365 166
543 625
1 1
474 402
46 665
873 236
665 97
855 385
140 495
587 924
614 30
665 595
786 724
825 155
233 614
310 955
704 125
471 47
152 133
16 0
881 25
786 1
0 2
295 3
749 403
679 585
476 121
245 783
68 382
635 768
301 587
0 2
922 637
310 747
0 0
58 128
1 0
82 920
752 457
1 0
39 789
140 959
93 817
683 787
1 1
830 906
16 785
832 961
781 984
606 610
191 690
0 1
15 611
37 197
657 651
134 254
570 383
722 251
215 543
3 2
433 761
859 585
118 911
126 186
665 501
736 992
219 87
422 545
598 925
376 325
1 6
970 400
528 283
181 691
346 334
717 580
516 498
222 36
2 605
7 2
195 381
297 393
359 954
0 2
537 912
434 470
0 1
128 633
918 398
1 3
380 759
767 372
590 33
1 0
0 1
119 697
0 4
857 481
846 32
998 863
527 945
552 13
0 1
301 20
0 5
725 392
67 945
359 399
395 134
808 335
806 279
890 591
835 678
5 5
411 116
723 263
134 906
383 754
2 705
3 0
0 5
786 684
19 990
579 133
289 640
976 290
5 3
340 74
157 706
581 989
462 969
217 449
706 178
122 551
180 895
453 18
5 1
631 385
751 355
798 979
394 131
4 0
0 1
788 536
0 2
628 943
917 945
701 725
0 0
0 18
513 948
475 91
616 635
562 366
778 569
953 796
504 246
591 356
603 434
723 701
152 865
58 738
907 499
738 820
54 879
630 51
401 973
86 80
53 773
16 0
369 966
1 0
183 400
0 2
533 235
325 316
113 491
3 9
675 743
151 614
29 802
308 25
304 1000
158 818
604 494
460 176
366 866
965 75
212 896
314 107
256 47
420 199
770 648
853 494
117 803
214 433
328 311
10 0
617 558
0 5
564 780
443 802
725 298
408 930
354 36
716 876
0 0
873 950
0 6
755 343
418 950
3 436
940 176
760 107
962 577
483 883
7 2
673 245
275 942
594 504
2 4
949 20
425 250
778 899
608 175
153 271
919 58
699 761
938 345
604 688
643 186
1 6
754 352
197 648
669 902
260 560
243 723
118 57
526 924
501 701
670 842
752 189
664 429
816 789
438 111
734 215
154 729
909 395
849 237
4 0
0 5
976 990
631 601
151 435
244 993
380 0
1 6
151 156
350 717
281 326
400 6
821 12
22 303
456 264
746 997
37 889
9 0
423 945
1 4
348 996
602 405
673 79
96 824
984 820
609 555
837 579
3 1
179 679
0 0
665 190
0 0
0 1
838 698
1 6
28 858
779 982
582 896
691 886
18 622
819 838
225 969
123 858
119 132
0 1
149 682
525 213
298 991
608 846
3 3
286 348
163 567
945 68
327 608
329 969
421 572
3 0
0 3
900 963
16 872
443 183
3 7
22 411
994 690
288 979
190 863
629 746
842 388
85 892
702 507
971 666
7 0
0 0
0 0
533 745
175 471
416 25
253 287
8 529
593 265
401 280
46 176
322 289
817 297
271 701
719 238
935 304
9 2
927 346
834 749
569 62
2 4
196 479
855 343
415 825
621 680
2 0
104 769
1 0
0 0
13 82
1 0
0 4
554 992
803 861
812 664
823 694
656 655
617 374
155 655
367 934
7 0
0 4
267 309
370 801
101 183
949 566
3 1
799 522
184 445
350 8
353 667
56 159
580 362
94 43
386 940
447 383
819 891
9 0
0 0
594 435
0 0
884 817
712 345
2 13
231 588
146 173
243 129
162 142
501 555
367 146
577 429
517 592
691 681
688 609
536 466
995 133
822 576
606 60
0 0
0 2
166 72
832 189
2 6
338 758
162 324
56 282
754 382
342 608
40 115
671 957
5 562
34 979
