1000
827 206
460 0
0 1
60 131
836 212
1 0
0 2
512 433
522 232
982 864
922 27
4 4
869 345
82 448
787 419
407 906
4 0
0 3
808 386
907 868
918 95
985 210
3 1
847 607
22 542
1 861
2 1
990 779
457 636
0 2
687 741
676 37
870 71
165 436
0 0
720 520
335 479
916 372
2 0
657 626
0 3
699 328
538 785
319 433
1 0
0 0
0 3
745 833
371 551
533 799
943 540
74 389
4 1
884 871
0 3
560 364
154 657
484 776
215 842
736 938
4 0
0 1
743 723
0 1
117 632
984 277
2 0
0 0
0 1
689 488
0 1
21 44
679 575
2 3
118 176
101 502
755 825
299 674
1 1
474 823
804 567
919 359
2 3
515 481
916 484
684 365
397 143
3 0
0 2
744 892
596 181
92 164
1 0
0 1
707 608
0 0
152 153
0 0
310 689
0 3
859 767
364 277
184 176
0 0
271 490
149 163
494 197
0 0
0 0
0 2
924 505
726 662
2 1
567 644
771 271
0 0
0 1
74 201
1 6
394 659
394 961
37 733
882 270
502 713
524 981
2 0
0 1
73 277
933 911
473 835
2 0
0 0
919 974
1 1
255 423
0 2
74 328
981 449
301 542
3 0
0 3
517 415
236 978
322 578
110 637
151 258
207 215
3 1
462 175
151 893
0 1
840 773
244 507
0 2
98 15
550 165
1 5
261 512
913 900
411 908
925 187
552 748
645 529
6 2
736 108
208 952
129 237
619 481
930 66
810 422
694 453
4 0
531 21
1 1
612 376
1 1
28 362
1 0
0 0
0 1
667 122
101 389
363 191
0 1
979 623
476 688
45 825
3 7
927 323
508 618
891 197
503 13
590 66
576 538
414 314
387 890
540 27
971 853
5 0
343 446
0 0
634 453
102 311
423 927
757 714
357 477
4 3
714 32
911 492
656 503
519 538
718 613
138 577
761 859
624 892
420 436
840 947
837 857
2 2
692 448
502 989
316 591
0 1
688 627
230 2
2 0
0 3
244 37
891 135
525 926
0 0
0 0
0 1
8 22
783 282
1 0
0 0
0 1
438 709
1 2
194 934
109 265
739 959
2 0
240 70
1 4
49 651
124 94
38 139
824 595
2 0
0 0
158 904
719 989
1 0
555 686
0 453
173 344
874 58
0 0
279 643
1 0
0 3
405 119
886 908
557 752
428 140
746 45
918 9
4 0
807 514
946 556
262 584
748 212
515 814
5 0
393 906
930 787
942 741
743 20
4 0
0 0
0 343
1 0
0 3
781 984
730 36
86 439
3 1
450 918
1 0
0 0
0 3
632 291
736 751
185 169
0 2
885 271
296 97
1 4
125 456
351 203
281 284
80 948
350 583
5 2
476 311
528 225
0 0
0 0
254 954
950 354
1 0
0 1
54 844
1 0
0 1
462 487
70 406
970 897
418 648
787 323
5 0
0 0
0 0
0 0
0 3
75 99
343 956
528 174
525 322
843 830
243 116
6 135
510 227
5 0
0 3
682 532
26 449
525 208
2 0
868 777
0 2
635 351
199 772
49 772
807 389
0 1
559 18
186 112
908 359
0 0
738 719
1 0
305 553
697 622
981 574
137 874
121 117
3 0
0 0
0 1
480 906
1 0
657 477
779 392
865 332
0 3
754 43
549 65
323 399
0 0
0 0
0 0
0 2
200 29
871 11
524 544
828 274
16 689
626 877
203 312
756 830
720 776
6 0
0 0
0 1
217 34
92 439
2 4
86 445
228 527
783 304
800 597
640 276
299 924
6 0
604 870
0 0
0 0
0 0
152 350
0 5
359 697
200 37
68 694
292 710
179 896
811 276
236 43
0 0
0 0
4 466
462 240
20 833
39 1000
1 0
125 853
486 906
2 2
789 55
276 242
447 189
2 1
400 316
877 378
2 0
290 828
1 0
96 20
136 69
188 789
1 0
0 1
947 892
1 2
665 690
659 850
152 48
1 0
0 4
552 373
952 629
201 637
403 616
2 1
938 546
1 0
0 0
549 558
594 933
756 417
3 0
298 262
0 1
669 480
591 961
0 0
698 852
1 0
740 77
713 61
458 608
3 1
21 324
0 1
48 825
0 0
0 1
580 558
20 408
0 1
57 712
0 2
317 422
722 434
877 330
0 2
546 491
127 746
2 1
731 406
530 525
877 177
637 990
895 719
459 792
631 384
363 438
604 980
13 522
9 1
943 448
934 909
161 148
1 2
730 940
310 242
951 343
53 906
4 1
895 628
0 0
0 0
0 0
0 2
13 84
795 544
501 146
341 934
418 746
721 964
402 658
330 180
0 1
910 597
0 2
808 371
955 24
1 1
192 708
497 358
4 467
800 259
0 0
0 3
151 731
833 447
828 431
11 210
0 0
0 8
486 309
238 629
745 809
901 704
545 628
906 966
168 346
141 697
307 257
1 0
743 177
0 5
456 53
559 922
43 959
782 141
179 973
197 249
247 569
780 617
4 0
0 0
0 0
0 1
278 951
499 26
0 0
965 220
476 103
0 1
840 481
444 610
223 968
126 237
496 165
5 0
0 3
337 32
218 293
329 146
1 1
887 689
262 197
335 238
377 694
1 0
0 1
41 436
549 734
0 0
0 0
0 2
36 894
760 239
353 277
1 5
983 349
837 945
931 176
43 337
347 823
301 889
61 543
4 1
186 568
663 435
74 271
64 547
0 7
451 696
146 738
980 407
209 330
460 910
277 937
27 830
1 0
558 278
637 461
721 934
1 0
0 4
562 414
185 971
589 848
396 542
3 1
207 276
1 0
0 5
360 740
571 10
14 232
893 249
490 929
357 178
444 274
1 2
355 413
422 775
2 5
106 883
867 395
875 105
187 698
359 652
0 0
0 0
0 0
0 0
0 5
231 381
178 153
438 793
858 772
942 586
2 0
0 0
0 6
52 802
786 177
540 275
207 824
81 159
414 529
4 0
0 0
0 1
179 689
708 724
11 292
111 402
4 1
261 301
830 741
388 460
493 509
0 8
787 522
312 486
309 234
932 320
890 951
774 642
919 174
352 213
156 502
3 0
0 3
490 15
29 791
247 227
3 0
0 1
281 703
104 643
39 799
2 5
381 587
653 934
851 963
30 517
239 671
16 66
386 616
168 545
271 619
2 0
0 0
0 1
535 854
582 673
0 0
0 0
0 0
927 66
114 483
2 3
362 140
798 698
405 370
263 397
208 377
0 1
571 457
845 339
185 331
1 1
54 595
0 0
0 0
0 1
679 597
220 805
384 782
603 910
4 3
921 881
250 199
829 850
410 612
0 0
228 813
374 987
2 0
0 1
382 766
777 332
1 0
463 609
0 0
666 771
1 0
0 0
0 1
215 610
996 892
805 19
0 0
0 0
0 0
0 2
704 459
480 628
911 398
599 366
722 784
1 0
780 478
1 0
0 0
0 1
950 78
363 783
729 355
656 865
273 937
385 19
838 435
424 585
773 810
0 1
14 434
1 0
233 5
0 0
0 3
528 271
526 565
686 471
653 344
833 633
416 791
156 366
486 15
451 643
768 59
71 581
4 6
237 507
249 815
212 193
782 995
481 216
878 887
3 4
127 365
375 725
757 195
927 34
0 0
788 708
1 0
564 404
1 0
226 50
891 574
0 0
0 0
842 663
0 4
476 450
993 367
566 846
725 231
505 212
30 437
5 0
26 506
806 81
2 0
0 0
548 77
0 0
650 558
650 816
1 1
320 290
1 2
559 478
700 509
702 967
843 841
652 801
591 405
91 874
362 456
312 449
8 0
0 0
0 7
305 323
973 963
110 737
820 737
782 644
437 382
47 900
2 1
336 754
722 161
554 987
599 605
140 843
795 368
3 1
855 279
566 124
414 701
2 1
97 226
541 697
614 345
1 0
0 0
0 0
0 7
715 83
325 540
780 813
285 531
455 179
156 708
528 633
958 782
610 200
150 123
9 0
993 261
1 1
46 988
356 980
1 4
234 236
894 305
150 420
465 727
183 364
2 0
0 0
102 875
1 0
0 0
102 22
252 646
371 651
420 548
60 499
677 338
83 108
633 750
703 385
439 40
403 90
261 480
49 25
180 93
303 400
428 433
348 255
7 0
0 0
675 111
0 1
200 76
372 281
2 0
0 0
0 1
857 109
385 662
2 0
0 3
664 369
841 172
126 769
3 0
0 0
740 378
933 399
2 2
744 582
503 108
0 0
0 0
348 206
1 10
712 221
140 522
315 904
849 454
624 300
705 363
628 612
55 42
480 754
420 625
800 70
954 638
352 96
13 0
0 1
14 87
1 3
575 986
37 297
990 267
248 803
420 45
1 4
51 294
509 988
495 174
215 392
999 997
0 1
706 812
758 101
2 0
307 760
0 0
0 0
432 891
989 435
230 486
0 0
0 0
0 0
0 1
631 910
81 528
2 0
0 1
432 77
376 737
291 241
575 703
0 0
0 1
316 70
1 1
569 706
0 0
0 0
0 704
511 590
979 479
79 254
