1000
785 0
0 0
369 977
316 836
919 916
548 362
3 0
0 0
0 0
0 0
0 2
701 270
461 695
2 0
248 392
63 326
0 1
941 989
1 0
0 0
801 170
1 2
275 309
912 452
1 0
0 0
792 18
229 377
313 104
2 0
0 0
0 0
0 0
772 493
1 1
489 555
32 979
813 560
0 0
74 838
573 924
1 1
813 709
844 618
1 1
138 290
0 0
116 135
183 28
708 571
709 30
4 0
247 810
551 190
1 3
622 66
482 223
860 482
3 0
0 0
373 903
850 707
2 0
0 0
937 319
1 1
48 478
1 0
184 30
167 545
808 613
0 1
402 526
1 0
0 0
811 502
423 785
1 0
0 0
0 1
469 773
0 0
959 12
1 0
0 0
0 0
0 0
0 0
0 0
0 0
0 0
0 2
324 21
546 395
2 0
0 1
588 887
683 168
1 0
0 5
481 710
255 415
835 693
716 938
672 135
506 293
873 243
0 0
537 133
0 0
0 5
51 432
48 39
364 252
807 839
466 608
2 0
0 0
0 0
0 1
177 191
1 0
0 0
0 0
0 1
716 395
0 0
0 2
291 869
190 365
1 0
0 0
20 243
207 609
1 1
803 575
478 907
335 128
3 1
59 28
345 846
2 0
0 1
268 987
0 0
950 843
557 456
2 1
462 106
0 0
0 0
0 0
832 283
0 0
0 0
0 0
43 696
1 0
0 0
0 0
0 0
173 806
1 6
212 26
892 379
165 499
540 617
463 735
554 868
5 3
238 208
165 657
896 645
3 0
0 5
383 967
511 48
581 282
12 651
870 68
890 836
2 3
91 882
578 506
852 277
304 461
808 533
5 0
0 0
0 4
333 687
725 672
176 268
172 760
943 46
1 3
861 334
836 35
896 519
273 277
1 0
0 1
110 652
621 5
177 490
1 0
0 0
0 0
996 796
1 0
135 369
0 1
558 921
1 2
384 452
139 394
0 1
902 532
0 0
0 0
0 0
0 2
870 742
178 187
1 1
523 563
1 0
0 0
940 175
1 1
715 23
0 3
627 807
100 173
485 498
1 1
78 265
810 479
378 859
3 2
515 833
206 941
0 1
745 638
164 928
0 0
0 0
1 433
1 0
0 5
806 63
986 656
466 833
443 498
494 638
2 1
32 741
1 0
0 2
949 836
402 62
1 0
0 1
464 299
180 214
270 101
213 232
961 488
0 0
0 0
0 0
0 2
43 233
238 871
354 288
1 0
0 0
0 1
927 123
1 0
0 2
820 686
815 320
429 1
518 984
905 723
373 433
470 729
858 360
451 548
545 423
6 6
301 881
563 247
898 961
504 874
776 365
18 820
407 160
0 1
749 829
0 5
454 808
622 31
296 981
517 490
384 86
1 0
476 167
0 1
26 134
1 0
0 0
0 4
422 696
635 517
561 286
732 512
823 95
957 173
5 1
707 234
0 1
455 993
723 976
964 795
0 0
828 775
653 752
1 4
390 163
372 52
499 908
572 534
3 1
93 960
0 0
0 1
461 524
292 480
1 0
0 0
0 2
835 739
165 747
301 259
2 0
0 1
642 3
1 0
0 0
0 0
0 0
0 0
0 0
0 0
0 0
0 0
0 2
342 965
366 958
442 159
524 847
1 0
0 1
36 395
0 1
227 700
0 3
12 753
609 626
388 526
0 0
0 1
956 89
0 2
423 832
420 285
750 680
2 0
433 600
632 152
120 903
3 0
0 0
0 0
0 0
0 0
635 143
1 1
298 737
516 492
312 248
2 0
361 251
1 0
0 0
0 0
0 1
14 787
3 228
2 0
0 0
634 886
0 1
77 701
1 0
0 0
0 2
752 10
989 905
1 1
484 443
506 917
25 155
697 280
346 41
1 0
0 0
0 1
911 458
1 0
0 0
0 0
0 0
0 2
368 965
628 891
0 0
142 985
726 966
926 762
391 804
953 816
0 0
559 935
1 1
622 869
0 0
0 1
775 830
61 341
2 0
0 1
758 538
0 0
0 0
0 0
0 0
0 0
0 0
754 255
735 126
1 0
0 0
0 0
0 0
0 1
30 224
1 1
445 267
1 0
0 1
537 417
238 372
164 1000
2 1
441 334
856 557
1 0
0 0
487 797
538 736
514 153
3 0
386 14
0 0
385 226
152 153
2 0
0 0
0 0
0 1
478 667
575 283
39 601
0 0
0 0
566 353
0 6
321 504
424 11
625 136
867 777
361 788
104 246
6 0
0 3
250 21
128 201
788 503
2 0
0 0
0 0
0 1
837 925
1 0
704 66
1 0
0 1
368 64
0 2
546 0
673 525
1 2
688 159
211 801
2 0
0 0
0 2
650 840
585 684
70 507
1 2
608 346
422 195
353 160
3 0
0 0
0 0
0 0
0 0
0 0
884 607
1 0
0 0
274 144
0 1
867 175
1 0
191 24
412 859
0 1
607 199
0 0
999 934
146 805
0 732
1 0
441 429
1 0
0 2
560 482
658 716
45 518
2 0
993 759
304 323
864 757
2 5
829 284
668 593
997 83
213 325
915 405
3 0
0 2
903 65
791 114
0 0
616 430
1 0
0 1
738 316
1 1
795 850
0 0
0 2
437 672
590 864
0 2
166 284
375 165
0 0
0 0
804 738
521 187
2 0
681 547
827 695
569 794
638 862
45 979
3 2
315 419
702 620
892 865
0 0
0 0
0 0
54 286
238 548
1 0
524 616
0 0
0 2
572 767
962 437
919 473
3 0
0 0
0 0
0 0
793 647
0 1
840 79
0 1
887 195
611 555
1 0
661 713
0 2
525 755
205 419
0 0
0 0
0 0
188 521
604 923
1 1
583 16
0 1
156 111
1 0
0 0
882 542
1 0
0 2
882 934
119 533
1 0
0 0
0 1
55 964
0 0
0 0
870 556
67 174
787 75
3 3
873 786
581 724
570 195
618 837
959 197
3 0
849 923
1 0
0 0
0 0
0 0
332 228
1 0
253 784
153 89
2 0
0 0
0 1
754 276
1 2
447 780
30 138
1 2
314 677
820 13
1 3
897 211
441 612
451 719
0 0
0 0
0 0
0 0
0 0
0 0
0 2
611 128
352 309
862 930
2 0
686 118
1 1
627 984
0 1
548 650
392 314
14 361
905 283
4 0
617 235
501 843
979 818
3 0
0 0
115 540
902 821
1 0
0 0
384 502
0 0
284 389
0 1
86 811
1 0
998 135
889 710
2 0
0 0
671 534
0 0
0 0
0 0
0 2
804 511
232 198
454 84
2 1
571 148
1 0
0 0
300 181
0 0
0 0
0 0
544 692
1 0
0 0
0 0
0 1
386 848
0 1
132 897
712 216
703 471
2 0
169 427
890 508
2 1
158 431
533 538
0 0
921 776
1 0
0 0
0 1
282 247
0 0
368 777
20 578
530 380
174 906
680 528
796 101
224 581
2 0
0 0
0 1
630 558
641 383
1 0
467 960
964 806
135 592
1 0
0 0
0 0
133 389
0 4
634 387
992 988
102 305
359 310
3 0
622 570
0 0
19 238
93 551
1 3
155 527
808 480
946 318
1 1
712 194
440 201
90 973
181 432
771 459
0 0
671 914
0 3
122 142
152 662
752 274
99 499
0 2
527 593
959 891
557 474
736 666
120 612
4 0
0 0
0 4
220 637
726 219
232 587
290 96
930 810
5 0
518 823
1 3
125 875
689 251
973 652
228 95
2 0
0 0
0 0
0 1
165 327
0 0
0 0
339 802
0 1
898 394
694 720
2 0
0 3
849 624
702 955
129 973
0 0
0 0
0 1
151 328
0 0
0 2
545 184
466 905
1 0
923 370
0 0
0 0
265 278
1 0
0 0
747 694
460 201
2 0
0 1
936 151
0 0
0 2
314 380
390 404
2 1
53 785
0 1
24 395
1 0
0 0
400 58
772 845
887 409
619 494
1 1
705 911
1 2
206 118
284 243
368 133
0 1
967 971
466 383
34 805
1 1
241 391
1 0
130 792
627 161
7 132
290 120
4 0
0 0
0 1
910 187
0 1
92 579
391 351
960 361
293 107
3 1
924 255
264 271
2 0
0 0
0 0
0 5
69 622
42 714
989 313
552 162
434 184
2 2
214 352
162 964
2 0
0 3
36 844
653 554
918 219
2 0
474 695
0 0
0 0
0 0
0 0
0 1
970 30
154 200
0 0
0 0
0 6
210 742
621 728
951 308
902 573
176 268
152 887
738 319
175 56
22 927
371 345
573 327
885 534
4 0
0 0
0 0
0 0
0 0
0 0
0 4
873 1000
802 6
626 827
5 194
0 0
925 953
0 0
408 467
1 2
787 378
894 799
0 0
258 464
0 0
132 617
0 0
742 903
0 0
498 574
0 0
103 968
0 0
124 710
0 0
0 1
184 484
0 1
426 256
423 646
0 3
372 477
23 115
375 68
3 0
0 0
0 1
534 675
605 983
997 94
924 366
0 0
935 417
676 501
416 425
1 0
0 0
753 132
1 665
