1000
575 34
24 0
0 0
623 507
408 701
2 0
0 0
0 0
0 0
0 0
0 1
188 102
830 100
996 188
224 550
987 917
2 0
0 1
155 53
0 0
0 2
793 964
338 548
283 241
2 0
0 0
0 0
0 0
0 1
517 795
1 1
460 516
529 839
471 819
0 0
0 0
0 0
0 0
0 1
197 498
198 80
838 97
629 506
1 1
313 297
1 0
0 0
0 0
719 357
417 923
2 1
109 179
1 0
0 0
631 588
47 706
2 0
0 0
799 773
1 0
502 648
1 3
5 938
505 249
475 908
2 0
233 153
0 0
66 223
0 0
0 0
0 0
0 0
977 540
0 1
660 202
0 4
824 592
167 161
826 142
626 973
835 267
884 929
6 0
0 0
544 891
557 741
2 0
0 0
820 200
0 0
0 0
0 0
0 0
0 2
72 337
659 915
0 0
0 0
0 0
284 682
1 0
0 1
159 250
1 0
645 637
1 0
657 201
1 1
287 363
1 1
863 967
164 569
1 0
0 2
283 296
498 669
0 0
0 0
0 0
0 0
0 0
607 597
1 2
855 835
851 9
696 6
1 0
482 672
1 0
0 0
342 336
0 4
117 434
604 889
428 845
12 948
433 962
5 1
560 292
1 0
0 0
800 871
964 822
2 0
0 0
0 1
739 667
13 435
1 0
0 0
0 0
0 1
171 981
1 0
0 0
0 2
130 360
66 706
639 31
1 1
208 500
0 0
0 0
0 2
623 201
230 573
426 568
141 720
417 258
8 936
5 0
409 153
1 1
1000 163
198 763
957 681
1 1
841 387
0 0
309 535
627 332
2 1
388 800
0 0
0 0
0 1
342 483
986 742
999 482
3 0
0 4
982 953
332 837
594 660
273 865
862 692
318 659
235 930
4 1
249 398
1 0
0 0
898 58
1 0
0 0
0 4
965 729
20 373
240 237
398 741
3 1
796 146
1 1
833 308
1 0
0 0
0 0
0 0
0 0
0 3
430 897
523 756
345 93
55 610
146 477
919 555
412 109
4 2
168 705
698 674
2 0
538 825
0 0
922 138
849 932
0 1
838 74
1 1
873 451
737 839
1 0
0 0
10 610
389 266
2 0
0 0
0 2
395 715
244 451
2 1
300 259
0 0
0 0
0 1
463 793
424 646
149 173
0 0
724 207
1 0
841 273
1 0
0 0
500 529
514 487
1 0
0 0
0 0
0 0
0 0
624 118
0 1
423 545
742 311
1 1
918 695
0 1
989 946
1 0
866 444
954 476
1 0
355 390
1 0
0 0
0 0
0 2
997 726
78 523
0 2
846 383
413 621
362 826
1 0
0 0
161 32
396 577
184 111
2 1
833 344
0 0
0 0
0 1
455 529
892 680
1 1
430 838
0 0
0 0
0 0
0 0
0 0
0 1
981 965
428 370
2 0
22 659
916 856
1 0
0 2
930 846
735 23
1 0
671 816
1 0
950 544
282 194
2 1
609 528
761 43
980 199
766 902
292 545
974 199
2 2
124 469
978 746
649 619
1 0
0 1
254 176
0 0
0 1
529 669
1 0
21 938
5 524
0 0
0 1
70 866
273 106
427 323
0 0
0 0
0 1
180 360
278 754
0 0
0 0
540 829
1 1
946 981
708 25
341 632
945 958
3 0
0 1
877 803
1 0
295 676
1 0
0 1
944 219
770 972
331 22
1 0
0 1
376 881
1 0
155 11
1 0
0 0
0 0
0 0
939 646
704 513
0 0
194 787
1 1
230 391
1 0
0 0
0 0
0 0
0 0
276 393
86 336
0 0
0 0
217 372
62 407
2 4
494 58
888 320
743 473
741 464
3 0
468 698
0 0
0 2
356 439
28 575
490 761
86 748
2 0
281 460
1 0
0 0
0 0
552 193
0 0
0 0
0 0
0 0
114 176
0 0
0 0
0 0
0 0
367 64
0 0
0 1
14 844
0 3
432 631
404 16
416 672
948 897
552 872
5 0
612 861
395 734
922 559
503 521
2 0
0 0
0 0
15 526
1 0
959 454
1 0
0 0
0 0
0 0
653 342
609 856
0 0
0 0
0 1
637 530
63 812
0 0
528 400
847 259
964 893
2 0
0 0
199 241
1 0
0 2
24 545
831 228
988 662
885 840
726 10
309 400
5 0
0 0
0 0
0 0
626 814
1 0
0 0
0 0
0 0
0 2
597 411
855 243
882 179
442 359
380 155
156 184
6 0
0 0
0 0
0 1
224 211
17 63
1 0
788 70
1 0
0 0
0 0
0 0
0 0
0 1
726 552
0 0
0 0
542 650
0 0
856 540
1 0
0 1
488 949
916 689
1 0
0 1
177 191
1 0
0 0
775 47
1 2
359 709
22 481
1 0
0 0
0 0
0 1
91 354
1 0
510 836
1 1
946 655
1 0
760 956
0 1
305 736
579 944
0 0
0 0
0 0
0 0
0 1
846 750
710 48
1 0
0 0
0 0
26 909
199 39
811 77
3 0
0 0
0 0
0 1
931 187
1 1
790 662
154 874
0 0
192 361
461 947
489 953
0 0
0 1
189 469
72 851
1 0
0 0
0 0
268 760
1 0
0 0
77 401
534 954
2 2
611 557
228 925
1 0
0 1
326 826
1 2
404 459
357 911
460 266
3 0
0 0
0 0
530 298
1 0
0 0
0 0
0 0
0 0
0 0
0 0
596 200
0 0
640 723
1 0
0 1
209 841
697 127
102 8
980 322
2 0
0 0
70 47
0 4
339 322
797 401
876 456
264 550
1 0
0 0
834 53
768 998
458 905
155 621
1 51
276 0
406 878
0 0
0 0
561 861
1 0
0 0
0 0
0 1
343 340
1 1
792 248
1 0
0 0
0 3
303 137
509 999
980 9
3 0
0 1
475 905
0 1
925 353
732 932
729 60
1 2
245 946
333 200
672 733
0 0
0 0
0 0
0 0
0 0
0 0
664 695
333 166
793 466
3 1
877 694
1 0
0 0
0 0
266 638
0 0
210 603
1 0
820 652
597 530
239 592
190 830
0 0
0 0
0 0
273 419
1 0
815 729
0 0
946 646
1 0
171 735
275 637
2 2
510 23
461 905
0 1
445 788
807 980
0 0
0 0
284 60
0 1
445 122
718 321
1 0
13 786
188 514
1 0
982 374
1 1
923 938
287 816
0 2
132 887
806 4
1 0
0 0
0 0
0 0
0 1
637 721
19 910
330 312
3 0
233 448
1 0
940 309
1 0
0 1
893 133
226 678
979 915
2 1
38 745
578 90
738 921
3 0
0 0
0 1
330 639
247 841
171 142
3 0
0 1
764 174
1 0
0 0
0 0
313 677
1 0
0 1
212 695
0 0
0 0
0 0
327 797
737 614
359 591
3 1
179 737
1 4
761 623
982 583
336 569
114 906
3 0
0 0
139 390
1 1
33 791
681 815
2 0
0 1
529 998
0 0
0 0
0 0
0 1
484 215
0 4
565 765
994 32
66 46
902 898
879 144
3 0
0 0
0 0
0 0
0 0
0 0
0 0
0 3
73 285
597 740
449 976
308 795
1 2
662 676
387 463
1 0
0 1
650 38
883 775
76 99
495 65
4 1
936 930
1 0
0 0
0 0
0 0
504 860
53 79
442 831
3 1
365 186
1 0
0 3
473 661
40 505
96 422
637 673
1 0
0 0
0 0
587 339
863 352
2 0
0 1
274 887
0 0
240 181
0 1
809 104
0 0
0 0
0 0
0 0
786 230
1 0
0 1
296 522
1 4
462 717
395 347
877 569
68 950
415 175
5 0
170 844
733 130
0 0
0 0
0 0
0 0
0 0
0 0
0 1
262 583
1 0
750 413
1 1
280 56
1 0
200 41
0 0
0 0
461 723
1 1
397 979
275 790
286 524
1 0
0 2
622 152
962 534
2 1
764 805
298 250
1 1
765 701
1 0
0 0
0 0
0 0
784 373
1 0
0 0
0 0
0 0
0 0
767 23
0 1
424 349
1 0
0 0
95 51
1 2
220 768
848 620
0 1
53 27
0 0
0 1
523 147
0 2
413 809
672 777
2 0
0 0
0 0
0 1
571 90
1 2
250 283
550 237
2 1
825 109
0 0
723 809
43 743
2 0
0 0
33 786
1 1
843 67
1 1
186 1000
0 1
596 672
0 0
93 519
0 0
0 1
557 548
1 1
308 799
0 0
428 366
380 435
2 0
0 0
0 0
0 0
0 0
0 2
273 405
557 659
22 11
462 229
1 0
0 0
649 604
721 445
300 658
1 0
667 400
1 1
913 748
1 0
0 0
0 1
192 849
1 0
577 312
932 697
776 692
894 91
197 323
273 881
962 109
1 0
0 2
996 110
359 459
1 0
0 1
131 83
708 752
0 0
646 75
0 2
914 232
20 43
891 806
749 913
683 256
2 0
0 0
165 638
1 0
0 0
0 0
0 0
0 2
87 685
813 416
1 0
0 0
0 0
0 0
0 1
705 982
0 0
0 1
632 5
1 466
