1000
489 0
0 0
0 0
0 0
0 0
529 657
500 296
2 2
563 732
466 825
2 0
0 0
0 0
0 1
433 393
1 0
0 0
0 1
199 589
0 0
0 0
0 1
206 626
599 141
1 0
952 450
615 650
2 4
103 957
299 187
733 175
947 152
764 57
952 638
0 0
0 0
593 862
0 0
0 1
94 890
1 1
942 753
359 253
0 1
31 357
1 0
0 0
154 767
0 0
0 1
560 479
0 0
0 0
385 463
914 771
300 508
0 1
787 492
0 2
322 853
889 840
1 0
0 0
0 0
772 957
0 0
0 0
0 0
0 2
541 411
412 646
1 0
0 1
239 833
0 0
0 0
0 0
0 1
281 480
0 0
197 335
1 0
0 0
0 1
147 59
0 1
762 539
1 0
0 0
605 834
402 273
645 93
2 0
0 0
0 0
0 0
0 0
0 0
0 0
51 160
273 53
415 908
0 0
0 0
0 0
0 0
0 0
283 599
0 0
0 0
0 1
715 757
0 0
0 0
0 0
0 1
346 108
0 1
289 431
0 0
0 0
0 0
416 647
577 837
2 0
0 1
796 613
1 0
0 0
0 0
0 1
957 271
738 796
867 821
292 888
1 0
0 0
0 2
58 566
981 878
1 0
0 0
0 1
658 96
0 0
0 0
0 1
756 866
117 298
2 1
939 217
0 0
0 0
0 1
522 823
0 1
85 324
846 399
2 1
18 977
1 1
458 202
0 1
663 217
0 1
322 582
0 0
0 0
0 0
0 0
0 0
0 1
110 959
868 929
0 0
0 0
0 0
0 0
0 0
0 0
0 0
0 0
0 2
297 271
419 320
0 0
0 2
99 777
792 908
1 0
526 869
595 224
509 496
0 0
0 0
0 1
130 504
1 0
0 0
347 646
0 1
927 871
147 423
1 0
0 1
287 732
0 1
481 47
1 0
788 416
1 0
0 0
0 0
0 1
94 559
1 0
922 62
0 0
0 1
193 436
64 874
2 0
0 0
0 0
0 0
0 0
967 165
0 0
0 2
327 435
645 90
148 736
2 0
910 69
0 1
796 911
1 0
0 0
0 0
0 0
0 0
0 0
0 0
0 1
296 561
0 4
49 723
654 482
403 585
795 962
0 0
0 0
0 0
0 0
802 158
1 0
0 0
692 163
432 687
0 1
285 513
0 0
0 1
676 867
1 1
37 618
0 0
0 0
0 1
955 25
266 490
19 991
2 0
616 323
1 0
0 0
0 0
276 551
539 138
760 921
636 424
0 1
132 212
345 137
2 0
0 0
0 0
0 1
590 507
0 0
0 0
0 0
0 0
0 0
0 0
0 0
601 142
0 0
0 3
523 925
178 138
817 586
0 0
121 910
1 0
0 0
0 0
134 164
0 2
808 588
444 274
464 790
2 4
225 840
177 741
494 333
416 849
0 0
0 0
153 937
1 0
0 0
0 0
0 0
0 0
0 1
601 268
827 99
2 0
0 0
363 136
1 0
0 0
465 927
887 107
0 0
0 0
0 0
555 162
1 1
359 894
1 0
234 170
1 0
0 0
825 937
0 0
827 884
0 0
101 761
1 1
919 861
1 1
943 859
274 124
1 0
0 0
0 0
836 179
959 547
1 0
0 2
308 23
624 792
2 0
0 1
383 59
0 0
0 0
600 764
52 883
0 0
0 0
0 0
0 0
506 898
1 0
304 714
1 1
760 799
785 179
476 896
3 0
0 0
0 0
0 1
290 336
289 873
1 0
0 1
502 767
1 0
0 0
0 0
0 2
130 226
117 543
668 748
2 0
0 1
896 626
344 458
374 895
0 0
0 1
351 571
116 27
2 0
0 0
146 817
0 0
0 0
0 0
0 1
800 814
0 0
0 1
945 798
0 0
0 0
0 0
0 0
404 835
0 0
0 0
0 0
0 1
890 655
0 3
610 331
80 48
46 90
0 1
60 215
1 1
322 665
0 0
0 0
599 749
1 1
914 606
1 0
0 0
0 0
0 0
679 193
737 640
108 28
449 286
1 0
0 2
27 305
304 267
2 1
238 550
1 0
0 0
663 274
0 1
737 171
497 958
0 0
0 0
0 0
0 0
0 1
978 552
1 0
0 0
37 303
0 0
526 840
928 542
2 0
0 1
435 248
137 944
0 0
0 0
0 1
374 280
399 550
0 0
0 0
0 0
0 2
790 968
44 187
1 0
0 1
617 5
0 0
0 0
274 139
118 17
289 667
1 0
0 0
0 0
0 1
350 721
1 0
0 0
660 796
1 0
0 0
0 0
0 0
0 0
680 547
1 0
0 0
0 0
625 136
0 0
0 0
844 235
348 853
708 617
0 0
0 2
588 808
615 726
1 0
703 560
1 0
0 0
0 0
0 0
0 0
435 458
944 746
2 0
0 0
0 0
0 1
702 798
809 457
0 0
0 0
0 1
811 417
926 774
0 0
497 247
0 1
182 450
1 0
730 944
0 0
0 0
0 1
703 228
1 0
0 0
0 0
0 0
0 1
166 431
1 0
0 0
0 0
0 0
299 616
958 304
2 1
755 525
554 83
346 686
2 0
303 290
1 1
297 845
0 0
0 0
0 0
0 0
0 0
0 0
0 1
908 692
192 807
2 0
0 4
454 156
531 731
405 809
203 348
329 818
817 697
753 839
6 0
528 222
1 0
0 3
557 534
727 181
767 622
296 479
3 0
0 0
716 539
1 0
0 0
0 0
0 2
507 733
891 361
1 0
0 1
87 10
0 0
0 1
542 342
1 0
0 0
421 187
1 0
805 11
0 0
0 0
0 0
0 0
0 0
0 0
386 674
0 0
0 0
0 0
0 1
165 852
1 0
0 0
0 0
0 0
0 0
0 0
509 184
1 0
0 0
0 0
0 0
0 0
0 0
0 0
0 0
0 0
0 1
734 915
584 922
123 708
489 261
39 353
80 115
0 0
0 0
0 1
847 145
18 679
557 458
0 0
0 0
0 0
178 38
1 0
0 0
0 0
0 0
0 1
405 513
0 1
255 257
0 0
0 3
312 503
294 411
637 919
3 1
78 480
0 0
0 1
97 501
658 922
2 0
0 1
929 405
70 784
1 3
619 239
955 338
285 269
410 236
1 0
511 691
0 0
0 0
0 0
384 776
1 1
880 918
1 0
0 0
0 0
0 0
0 0
859 826
663 356
0 1
180 265
1 0
0 0
0 1
922 504
8 238
2 0
0 1
846 137
0 0
0 0
0 0
0 0
0 1
220 177
0 1
762 568
527 246
777 394
3 0
284 712
1 0
0 0
0 1
897 287
1 0
0 0
0 0
0 0
0 0
366 214
157 591
1 0
0 1
515 725
1 0
0 0
0 0
0 0
0 3
851 581
239 244
382 22
576 939
861 6
4 0
0 0
863 398
1 0
0 0
0 0
0 0
0 1
209 419
1 0
527 125
0 0
0 0
0 0
219 561
0 0
0 0
149 731
1 0
0 0
70 475
1 0
0 3
411 829
907 107
912 348
762 965
402 815
2 0
0 0
0 0
0 0
0 0
0 0
0 4
665 30
904 988
938 880
101 817
3 1
681 426
38 133
888 275
2 0
716 390
543 722
2 1
673 219
0 1
627 828
0 3
454 871
395 90
84 663
3 0
0 0
0 0
0 0
0 0
0 0
501 174
168 902
1 0
0 0
0 1
321 997
0 1
407 288
0 0
450 858
1 0
0 0
0 0
0 1
912 509
0 0
0 0
0 0
0 0
0 1
994 160
309 363
743 729
3 0
107 87
0 1
974 573
1 1
647 674
1 3
596 682
63 303
144 119
827 48
377 693
5 0
0 0
0 0
0 0
0 0
0 0
0 0
0 0
0 1
807 424
0 0
481 990
147 753
2 0
481 345
273 287
1 0
0 0
0 0
0 0
0 0
0 0
0 1
514 665
432 338
166 531
0 0
0 0
0 0
0 0
0 0
17 914
937 794
2 1
248 603
0 0
0 0
208 134
0 0
0 1
873 623
675 634
0 1
1 692
395 439
2 0
0 1
795 690
0 0
0 0
0 1
975 197
1 0
284 838
0 0
0 0
73 950
1 1
763 47
0 0
0 0
0 0
626 294
0 0
149 510
1 0
398 523
1 0
0 1
781 411
1 0
0 0
0 0
0 0
0 0
0 1
605 633
397 79
1 0
0 0
0 1
168 699
1 0
0 1
967 49
681 517
1 0
385 567
1 1
591 35
1 0
119 406
236 682
2 1
212 783
1 0
0 1
790 697
0 0
0 0
0 0
0 0
0 0
0 0
0 0
0 2
109 366
809 788
2 0
294 326
552 451
0 0
0 0
0 0
0 3
584 558
964 94
791 151
369 260
0 1
783 840
691 70
680 736
3 0
0 0
375 490
0 0
0 0
0 0
0 1
108 584
1 0
528 293
0 0
0 0
0 0
0 0
0 0
0 1
246 537
134 2
815 367
2 0
0 0
0 0
0 0
0 1
188 116
886 344
2 0
0 0
0 766
