1000
100 0
0 0
0 0
0 0
0 0
0 0
671 42
1 0
0 0
0 0
0 0
0 0
0 0
0 0
0 1
384 474
1 0
0 1
680 49
1 0
0 0
0 0
0 1
371 626
1 0
0 1
694 956
0 0
0 0
0 0
0 0
0 0
0 0
0 0
0 0
0 3
866 857
721 271
776 938
449 764
3 1
348 100
1 0
0 0
0 0
539 600
1 0
0 0
0 1
65 358
0 0
0 0
0 0
0 1
838 27
1 0
0 0
0 0
465 549
1 0
0 0
0 0
457 270
0 0
0 0
0 0
0 0
0 0
0 0
0 0
0 0
368 783
1 0
0 0
0 0
0 0
0 0
0 0
0 0
0 0
0 0
0 0
0 0
0 0
0 0
705 322
1 0
0 0
0 0
0 0
0 1
92 766
353 697
678 778
2 0
122 639
0 0
0 0
0 1
704 319
0 0
0 0
0 0
0 2
931 113
72 800
1 0
0 1
379 649
0 2
789 769
471 26
848 898
3 1
746 20
1 0
0 0
0 0
0 0
0 0
0 0
0 0
0 0
0 0
0 0
0 1
862 215
0 0
0 0
0 0
0 0
0 0
0 0
0 0
0 1
170 524
1 0
0 1
733 140
1 0
0 0
259 170
0 0
10 322
1 0
0 0
0 0
0 0
0 0
0 1
136 21
1 0
0 0
0 0
0 2
580 183
306 230
0 0
0 0
0 1
738 18
0 0
0 0
0 0
0 0
0 1
62 632
1 0
0 0
362 884
651 180
1 0
0 0
0 0
0 1
189 489
105 329
2 0
0 0
0 0
0 0
0 0
0 0
0 0
0 0
0 0
0 0
0 0
0 1
329 728
0 0
0 0
0 1
139 808
1 0
0 0
0 0
0 0
0 0
0 0
0 0
0 0
0 0
0 0
231 475
0 0
0 1
356 219
0 0
501 845
1 1
407 55
0 1
447 573
320 65
2 1
116 460
1 1
392 574
0 0
79 186
1 0
208 77
984 598
0 0
0 0
0 0
0 2
845 409
278 168
2 0
0 0
0 0
0 2
547 234
290 117
0 0
0 1
366 118
1 0
0 0
0 0
0 0
0 0
0 0
0 0
0 0
0 0
0 1
741 788
1 1
999 139
0 0
0 0
0 0
0 0
0 0
0 0
0 0
352 970
451 60
0 0
0 1
886 940
1 0
0 0
0 0
0 0
0 0
0 0
53 185
0 0
513 94
0 0
0 0
503 47
1 0
0 0
0 0
0 0
0 0
0 0
0 0
0 0
0 0
129 989
0 0
0 0
0 1
287 63
1 0
0 0
0 0
0 0
0 0
0 0
0 0
0 0
624 539
1 0
0 0
0 0
0 0
0 0
0 1
618 190
1 0
39 245
1 0
0 0
0 5
173 997
447 477
4 417
21 22
91 920
1 0
0 0
0 0
376 605
1 0
0 0
0 0
0 1
137 762
1 0
0 1
353 354
500 303
1 0
235 77
0 0
0 0
0 0
0 0
0 0
0 0
0 0
0 0
0 0
0 0
0 0
518 399
348 13
1 0
0 0
0 0
0 0
0 0
0 0
0 0
0 0
0 0
0 0
0 2
222 125
647 562
1 0
0 0
0 0
0 0
267 41
1 0
0 0
0 0
0 0
592 941
1 0
0 1
5 27
1 0
0 0
0 1
387 19
520 129
2 0
0 1
618 248
0 1
428 577
887 316
1 0
0 0
0 0
0 0
0 0
0 0
0 0
0 0
0 1
921 316
1 0
422 478
0 0
0 0
0 0
0 0
0 0
0 0
0 0
0 1
626 504
860 363
0 1
131 972
0 0
0 0
0 0
0 0
0 1
287 239
0 0
0 0
0 0
0 0
0 0
0 0
0 0
0 1
591 618
0 1
854 426
1 0
213 853
836 863
2 1
271 777
0 0
0 0
0 1
434 628
0 0
849 995
1 0
0 0
542 385
0 1
462 827
0 0
0 0
0 0
0 0
0 0
0 0
0 0
0 0
0 0
0 0
0 1
247 908
1 0
0 0
939 106
0 0
0 0
0 0
0 0
0 0
0 0
0 0
0 0
0 0
0 0
0 0
0 0
0 1
21 721
1 1
560 670
1 0
0 1
516 792
541 378
215 200
1 0
0 0
0 0
602 502
0 2
603 20
328 677
1 0
0 0
0 1
296 303
0 0
0 1
691 674
0 0
0 0
0 0
0 0
0 0
210 396
0 0
322 814
1 0
0 0
0 0
466 935
1 0
0 0
0 0
0 0
0 0
0 1
308 180
0 0
0 0
0 0
0 0
986 239
1 0
0 1
726 947
1 0
0 0
870 608
0 0
0 0
0 0
0 0
0 0
0 0
0 2
556 546
239 29
1 0
0 0
0 0
0 0
0 1
606 766
0 0
0 2
497 971
846 36
2 0
0 0
0 0
18 117
1 0
0 1
48 938
1 0
0 0
0 0
0 0
0 0
0 0
0 0
0 0
0 0
0 0
544 394
109 100
0 0
498 109
1 0
0 0
0 1
26 630
1 0
0 0
0 0
0 0
0 0
0 0
0 0
0 1
373 976
0 0
0 0
0 0
0 0
0 0
0 0
322 612
27 185
1 0
0 0
0 0
0 0
0 0
0 0
0 0
0 0
0 0
0 0
0 1
521 558
0 0
0 0
0 0
0 0
131 379
0 0
0 0
0 0
0 0
0 0
0 1
347 4
0 0
0 1
291 378
1 0
0 0
0 0
0 0
0 0
0 0
0 0
0 0
34 305
1 0
0 0
0 0
0 0
0 0
0 0
0 0
0 0
0 0
0 1
667 404
1 0
0 0
0 0
0 0
0 0
0 0
0 1
169 794
0 0
0 0
0 0
0 0
0 0
0 0
0 0
0 0
0 0
992 25
0 0
0 0
0 1
739 369
0 0
0 0
0 0
0 0
0 0
0 0
0 0
0 0
0 0
0 0
0 2
133 390
390 738
0 0
0 0
0 0
0 0
0 0
0 0
0 0
0 0
0 0
223 847
107 255
2 1
361 562
0 0
0 0
0 0
0 0
0 0
0 0
0 0
0 0
0 0
281 792
0 1
907 406
1 0
0 0
0 0
0 0
33 178
1 0
0 0
0 0
78 25
1 0
0 0
0 1
991 981
1 0
0 0
0 0
459 790
1 0
0 0
0 0
0 0
0 0
0 0
0 0
0 0
0 0
0 0
0 0
0 0
0 0
0 0
0 0
0 0
0 0
0 1
773 370
1 0
0 0
0 0
890 185
1 0
0 0
0 0
0 0
0 0
0 0
0 0
0 0
0 0
0 0
0 0
0 0
0 0
0 0
0 0
0 0
0 0
0 0
0 0
831 192
0 0
0 0
0 0
0 0
0 0
0 0
0 0
0 0
0 0
0 0
0 0
0 0
0 0
0 0
0 0
0 0
861 543
1 0
0 0
0 1
791 105
0 0
0 0
0 0
0 0
0 0
0 1
882 510
1 0
0 0
0 0
0 0
0 0
0 0
0 1
869 198
0 0
0 0
0 0
0 0
0 0
0 0
0 0
0 0
0 1
5 205
0 0
0 0
0 0
455 306
0 0
0 0
0 0
0 0
0 0
0 1
504 243
0 0
0 0
0 0
0 0
0 0
288 292
56 10
0 0
0 1
197 202
1 0
0 0
0 0
0 0
261 645
0 0
0 0
0 0
0 0
0 0
0 0
0 0
0 0
0 1
388 926
1 0
0 0
0 0
396 40
1 1
375 666
0 0
208 486
912 470
0 1
150 241
784 431
758 612
1 0
0 0
0 0
0 0
0 0
0 0
0 0
0 0
0 0
25 978
1 0
0 0
0 0
0 0
0 0
0 0
0 0
0 0
0 0
0 0
0 0
886 627
0 0
0 1
403 203
0 0
0 2
319 885
778 777
1 1
65 974
1 0
0 0
0 0
0 0
0 0
707 324
0 0
0 1
494 84
0 0
0 0
0 0
0 0
0 1
640 881
0 0
0 0
0 0
0 0
434 43
210 887
0 0
0 0
0 1
318 335
909 653
1 0
0 0
0 0
0 0
0 0
0 0
0 0
0 0
0 0
0 0
0 0
0 0
841 478
1 0
0 0
450 433
264 828
1 0
0 1
704 71
0 0
0 0
251 728
0 1
558 402
0 0
0 0
146 673
371 413
1 1
437 625
1 0
347 54
0 0
0 0
884 279
1 0
0 0
0 1
105 979
0 0
0 0
0 0
0 0
0 0
0 0
0 0
0 0
0 0
0 0
0 1
442 292
1 1
376 362
1 0
428 277
1 0
0 0
0 0
0 0
0 2
532 961
45 501
0 0
0 0
0 1
927 399
0 0
281 0
1 0
0 0
0 1
203 735
1 0
0 0
0 0
0 0
0 0
446 926
0 0
914 198
1 0
0 0
0 0
0 0
0 0
0 0
62 13
0 1
461 154
1 0
0 0
678 636
1 0
0 0
0 0
0 0
0 0
0 0
0 0
0 250
540 880
