1000
58 0
0 0
0 0
0 0
0 0
0 0
0 0
0 0
0 0
0 0
534 651
0 0
0 0
0 0
0 0
0 0
0 0
0 0
0 0
0 0
0 0
0 0
0 0
0 0
0 0
0 0
521 338
0 0
0 0
0 0
0 0
0 0
0 0
0 0
0 0
0 0
0 0
0 0
0 0
0 0
0 0
0 0
0 0
0 1
647 975
1 0
0 0
0 0
0 0
0 0
0 0
0 0
0 0
0 0
0 0
0 0
0 0
0 0
0 0
235 206
0 0
0 1
245 923
1 0
0 0
0 0
0 0
0 0
0 0
0 0
456 427
0 0
0 1
381 68
1 0
0 0
0 0
0 1
395 560
1 0
0 0
0 0
0 0
395 880
173 745
0 1
139 906
1 0
0 0
0 0
0 0
0 0
0 0
0 1
488 52
1 0
0 0
0 0
0 0
0 0
0 0
0 0
0 0
524 246
0 0
0 0
0 0
0 0
146 414
1 0
0 0
0 0
0 0
0 0
20 899
0 0
0 0
0 0
0 0
766 370
1 0
0 0
0 0
0 0
0 0
0 0
0 1
986 129
1 0
0 0
0 0
0 0
0 0
0 1
269 48
1 1
958 172
458 994
0 0
0 0
0 0
0 0
0 0
0 0
0 0
0 1
147 238
473 706
0 0
0 0
0 0
0 0
0 0
0 0
0 0
0 0
0 0
0 0
0 0
0 0
0 0
0 0
0 0
0 0
0 0
0 0
0 0
0 0
0 0
0 0
0 0
0 0
0 0
0 0
0 0
0 0
0 0
0 0
264 266
1 0
0 0
0 0
0 0
0 0
0 1
203 857
1 0
0 0
0 0
0 0
429 59
0 0
0 0
0 0
0 0
0 0
0 0
0 0
0 1
672 543
0 0
0 0
0 0
0 0
0 0
0 0
0 0
0 0
0 0
699 795
731 823
0 0
136 376
1 0
0 0
0 0
0 0
0 0
0 0
0 0
0 0
0 0
0 0
0 0
0 0
751 668
1 0
0 0
0 0
0 0
0 0
0 0
0 0
0 0
0 0
0 0
0 0
0 0
0 0
0 0
0 0
0 0
0 0
0 0
0 0
0 0
0 0
0 0
0 0
0 0
0 0
0 0
0 0
222 453
1 0
0 0
0 0
0 0
0 0
0 0
0 0
0 0
0 0
996 953
0 0
0 0
0 0
0 0
0 0
0 0
0 0
0 0
0 0
0 1
141 478
0 0
0 0
0 0
0 0
0 0
0 0
0 0
0 0
0 0
0 0
0 0
0 0
0 0
0 0
357 289
1 0
0 0
0 0
0 0
0 0
744 790
1 0
0 0
0 0
0 0
0 1
826 830
1 0
0 0
0 0
0 0
0 1
383 381
1 0
0 0
586 982
1 0
0 0
0 0
0 0
0 0
0 0
0 0
0 0
0 0
0 0
0 0
0 2
470 837
394 288
1 0
0 0
0 0
0 0
0 0
0 1
725 789
0 0
0 0
0 0
0 0
0 0
0 0
0 0
0 0
0 0
0 0
0 0
0 0
0 0
0 0
0 0
0 0
0 0
0 0
0 0
0 0
0 0
0 1
835 67
0 0
0 0
0 0
0 0
0 0
0 0
0 0
0 0
0 0
0 0
0 0
0 0
0 0
0 0
0 0
0 0
0 0
541 84
0 0
0 0
0 0
0 0
0 0
0 0
0 0
0 0
0 0
0 0
0 0
0 0
0 0
0 0
0 0
0 0
0 0
0 0
0 0
0 0
0 0
0 0
0 0
0 0
1 125
0 0
832 915
870 212
0 0
0 0
0 0
0 0
0 0
0 0
0 0
0 0
0 0
0 0
0 0
0 0
0 0
0 0
0 0
0 0
0 0
0 0
0 0
0 0
0 0
0 0
0 0
910 648
1 0
0 0
0 0
0 0
0 0
0 0
0 0
0 0
0 0
0 0
0 0
0 0
0 0
0 0
0 0
0 1
557 249
1 0
0 0
0 1
617 968
1 0
0 0
0 0
0 0
0 0
0 0
0 1
216 0
0 1
127 916
0 0
0 0
0 0
0 0
0 0
0 0
0 0
0 0
0 0
0 0
0 0
0 0
0 0
0 0
0 0
0 0
0 0
0 0
0 0
0 0
0 0
0 0
0 0
0 0
0 1
335 59
0 0
0 0
0 0
0 0
0 0
0 0
0 0
0 0
0 0
0 0
0 0
0 0
0 0
0 0
0 0
0 0
0 0
0 0
0 0
0 0
0 0
0 0
0 0
0 0
0 0
0 0
0 0
0 0
0 0
124 822
0 0
0 0
0 0
0 0
0 1
710 183
0 0
0 0
0 0
0 0
0 0
231 100
1 0
527 485
1 0
0 0
0 0
0 0
0 0
0 0
0 0
0 0
0 0
0 0
0 0
0 0
0 0
0 0
767 79
1 0
0 0
0 0
0 0
0 0
0 0
0 1
863 367
584 392
0 0
0 0
0 0
0 0
0 0
0 0
0 0
0 0
0 0
0 0
0 0
0 0
0 0
0 0
0 0
0 0
0 0
0 0
0 0
0 0
0 0
0 0
0 0
0 0
0 0
0 0
0 0
0 0
0 0
0 0
6 708
0 0
0 0
0 0
0 0
0 0
0 0
0 0
0 0
428 395
1 0
0 0
0 0
0 0
0 0
0 1
333 11
0 1
799 175
0 0
0 0
0 0
0 0
0 0
0 0
0 0
0 0
0 0
0 0
0 0
0 0
0 0
0 0
0 0
0 0
36 915
1 0
0 0
0 0
0 0
0 0
0 0
0 0
944 615
0 0
0 0
0 0
0 0
0 0
747 260
1 0
0 0
0 0
0 0
0 0
0 0
0 0
0 0
0 0
0 0
0 0
0 0
0 0
0 0
0 0
0 0
0 0
0 0
0 0
560 561
0 0
0 0
0 0
0 0
0 0
0 0
0 0
681 407
1 0
0 0
0 0
0 0
0 0
0 0
0 0
0 0
0 0
0 0
0 0
0 0
0 0
0 0
0 0
0 0
0 0
0 0
0 1
905 663
0 0
0 0
0 1
661 367
1 0
0 0
0 0
0 0
0 0
697 822
1 0
0 0
0 0
0 0
0 0
0 0
0 0
0 0
0 0
0 0
0 0
891 738
1 0
0 0
0 0
0 0
0 0
0 0
0 0
0 0
0 0
0 0
0 0
0 0
806 860
1 0
0 0
261 98
0 0
0 0
0 0
537 287
1 0
0 1
703 700
0 0
0 0
0 0
0 0
0 0
0 0
901 522
0 0
0 0
0 1
703 153
1 0
444 250
1 0
0 0
0 0
0 0
0 0
759 758
0 0
0 0
0 0
0 0
207 535
578 381
2 0
0 0
0 0
0 0
0 0
0 0
0 0
0 0
0 0
0 0
0 0
0 0
0 0
0 1
759 722
0 0
0 0
0 0
0 0
0 0
0 0
0 0
0 0
0 0
0 0
0 0
0 0
0 0
0 0
0 0
0 0
0 0
0 0
0 0
0 0
0 0
0 0
0 0
0 0
0 0
0 0
0 0
0 0
0 0
0 0
0 0
0 0
0 0
0 0
0 0
0 0
0 0
0 0
0 0
0 0
0 0
0 0
0 0
0 0
0 0
0 0
0 0
0 0
0 0
0 0
0 0
0 0
0 0
0 0
0 0
0 0
0 0
0 0
0 0
0 0
0 0
0 0
0 0
0 0
0 0
0 0
0 0
0 0
0 0
0 0
0 0
0 0
0 0
0 0
0 0
0 0
0 0
0 0
0 0
0 0
0 0
0 0
0 0
0 0
0 0
0 0
0 0
0 0
0 0
0 0
0 0
0 0
0 0
0 0
0 0
0 0
0 0
0 0
0 0
0 0
0 0
0 0
0 0
0 1
510 704
0 0
0 0
0 0
0 0
0 0
0 0
0 0
0 0
0 0
0 0
0 0
475 46
1 0
0 0
0 0
0 1
757 935
1 0
0 0
0 0
0 0
0 0
0 0
0 0
0 0
0 0
0 0
0 0
0 0
0 0
0 0
990 766
1 1
351 296
1 0
0 0
0 0
0 0
0 0
0 0
0 0
0 0
0 0
0 0
40 748
0 0
0 0
0 0
0 0
0 1
893 218
0 0
0 0
0 0
0 0
0 0
0 0
0 1
126 769
0 0
0 0
0 0
0 0
964 956
1 0
0 1
364 60
1 0
0 0
0 0
0 0
0 0
0 0
0 0
200 320
0 0
948 483
0 0
0 0
0 0
985 238
1 0
0 1
828 584
1 0
0 0
0 0
0 0
0 0
0 0
0 0
0 0
171 660
0 0
0 0
0 0
0 0
0 0
0 0
0 0
0 0
0 0
0 0
0 0
0 0
0 0
0 0
0 1
172 756
0 0
0 0
0 0
0 1
192 527
1 0
0 0
0 0
0 0
0 0
0 0
0 0
0 0
0 0
0 0
0 0
0 0
0 0
0 0
0 0
0 0
0 0
0 944
