513
354 271
226 306
442 31
46 254
405 269
342 304
445 272
196 186
173 350
498 254
136 234
356 246
278 153
20 449
412 129
193 369
162 410
67 473
400 405
11 303
41 294
209 211
145 383
367 64
444 386
400 184
59 65
252 436
126 485
436 410
382 479
307 481
431 123
203 382
305 424
432 51
406 17
460 197
243 86
143 52
289 184
491 238
449 28
104 149
320 213
500 265
138 255
223 39
278 463
488 119
167 438
213 335
443 235
309 106
392 125
117 91
20 334
487 335
478 425
190 436
488 183
76 289
79 91
183 464
91 287
319 357
108 430
192 87
341 347
345 63
492 354
28 437
226 192
496 183
140 103
505 122
402 267
362 459
483 486
504 303
365 202
15 43
259 497
402 465
333 256
52 373
447 265
475 252
318 386
332 212
312 0
440 376
501 178
304 329
121 169
10 132
62 6
137 295
303 10
298 460
380 131
392 462
347 276
109 242
90 449
228 417
441 53
428 314
40 447
184 153
273 506
409 177
100 55
206 94
52 65
455 172
288 169
403 23
429 217
340 128
151 419
48 302
447 281
285 116
32 445
447 450
508 397
168 192
463 225
300 117
131 344
354 182
107 403
301 98
218 446
83 421
399 227
216 433
62 31
460 465
197 442
59 155
138 121
23 90
221 410
179 187
383 22
293 173
82 296
384 229
485 236
329 339
238 213
260 126
415 93
222 252
201 452
455 200
451 117
93 412
509 179
144 218
439 424
116 155
193 245
353 317
87 140
232 59
211 484
512 153
100 200
143 249
406 467
273 97
10 201
308 279
359 293
139 486
2 67
382 158
17 390
279 22
384 394
343 258
227 201
496 373
205 212
142 393
115 448
137 278
31 265
234 407
227 383
455 231
311 253
319 497
142 442
324 442
483 249
22 290
77 488
400 254
42 251
12 231
33 460
182 9
237 248
497 217
291 130
113 341
156 67
190 475
137 278
288 418
234 210
417 123
113 6
305 198
512 57
507 298
24 161
483 282
211 121
318 193
401 440
473 233
322 13
452 30
355 12
482 341
490 288
138 5
402 9
381 71
461 471
74 435
485 76
339 433
179 477
328 378
373 248
195 399
296 58
14 62
468 467
380 427
181 124
166 91
195 262
482 507
284 418
194 335
398 345
373 28
362 0
469 480
279 469
413 222
427 357
17 282
282 478
415 8
42 315
70 161
504 72
458 349
200 93
297 7
347 152
43 396
354 235
261 390
430 279
195 345
38 117
196 167
241 327
71 57
166 433
139 158
263 370
366 79
284 333
154 123
453 49
92 142
323 485
170 500
97 438
369 269
374 81
422 37
144 511
160 403
247 503
58 69
494 115
288 470
102 455
2 404
344 400
456 448
261 125
318 159
354 138
301 387
487 18
145 37
381 153
111 264
200 461
40 413
494 350
323 162
414 96
74 390
251 38
450 382
332 257
472 322
211 280
491 148
390 210
37 406
253 61
354 58
108 401
40 208
105 362
405 33
339 396
297 320
297 415
137 461
401 119
114 479
29 216
408 303
168 305
244 187
363 384
34 287
16 381
290 338
87 343
371 437
362 509
510 17
331 477
356 172
30 99
331 140
28 454
80 214
366 283
225 17
103 141
23 332
139 44
36 21
175 269
350 391
90 471
152 221
89 396
200 151
314 356
448 103
314 458
262 510
147 245
149 322
14 46
499 199
466 36
213 223
484 310
235 242
511 18
24 236
271 358
457 365
269 127
468 473
280 367
62 215
507 318
211 11
382 369
247 402
509 59
498 435
402 290
261 115
343 468
63 164
53 45
305 473
329 49
140 278
158 224
383 49
282 307
267 108
132 448
283 168
82 109
263 192
339 396
89 52
404 463
34 508
116 282
67 20
312 239
388 189
167 435
191 198
343 484
202 154
326 506
45 213
280 247
467 400
119 361
148 315
187 311
183 66
173 447
441 317
431 229
451 59
255 240
499 178
20 431
294 376
155 392
363 435
185 82
476 485
398 81
199 3
393 55
110 176
494 323
395 441
183 204
108 237
418 209
270 447
256 220
394 229
94 187
126 255
264 127
31 354
269 453
261 216
60 9
162 212
182 234
7 452
382 116
238 472
74 45
56 372
215 506
443 458
448 1
481 70
229 471
174 368
346 342
420 91
354 482
228 309
453 162
28 7
443 44
123 89
360 230
86 308
232 173
32 62
153 50
110 170
321 390
487 188
54 385
348 400
126 423
336 178
173 126
10 413
73 178
458 460
416 225
281 473
460 399
455 75
85 457
408 82
447 339
92 136
375 154
357 131
489 372
437 303
282 192
168 412
222 82
487 472
179 155
