609
229 597
403 90
240 543
575 147
385 375
77 19
236 8
441 31
579 68
81 582
114 148
403 113
400 149
476 533
3 525
414 319
352 252
365 285
572 458
384 9
308 108
18 526
363 380
187 325
239 37
202 34
41 190
500 58
331 322
1 195
140 213
266 56
485 444
197 216
349 70
481 45
16 11
458 117
527 293
279 377
595 17
23 358
384 295
217 427
487 93
66 282
528 551
303 457
40 598
315 606
241 358
465 182
36 191
203 517
110 551
586 542
346 235
320 70
100 295
590 252
151 15
324 337
215 441
340 117
541 9
571 351
308 400
73 425
551 16
211 202
277 205
53 243
51 258
449 162
283 379
461 237
499 52
261 442
391 508
472 465
416 326
572 537
213 212
24 169
91 445
236 189
105 335
400 267
193 461
181 553
551 55
361 67
165 65
493 331
109 228
439 431
457 160
476 544
507 8
607 88
82 322
529 93
337 489
494 92
214 94
434 95
286 350
365 274
292 463
85 397
102 115
160 46
158 90
468 119
597 298
517 280
385 585
209 130
386 469
309 432
22 278
504 320
10 361
396 369
337 182
567 328
138 426
113 255
9 397
322 515
320 116
312 22
86 124
235 184
299 578
444 351
567 67
341 123
549 144
489 360
402 603
113 446
466 143
532 170
60 121
170 207
490 15
578 313
192 137
552 129
347 80
269 586
113 478
219 438
458 50
178 75
221 279
567 86
462 357
385 23
564 542
153 423
249 30
141 26
84 332
461 351
606 509
489 154
292 133
268 377
601 604
4 523
372 110
496 216
345 386
35 426
231 571
497 36
252 426
257 394
434 30
377 495
266 486
506 508
238 197
598 165
403 604
101 223
390 120
24 394
528 115
262 80
184 404
478 259
324 12
525 62
44 591
306 480
170 446
129 478
103 284
349 446
207 152
86 31
5 432
78 552
29 318
576 11
270 335
472 347
485 385
264 38
534 503
311 604
401 99
545 331
409 348
446 168
598 211
498 242
203 467
219 43
340 563
13 493
514 503
332 1
606 28
389 536
222 483
587 360
387 25
598 398
407 251
286 477
76 176
151 27
592 286
497 198
606 408
11 226
183 509
7 389
397 469
333 343
116 152
253 112
568 275
525 447
491 510
35 75
38 476
431 154
89 341
294 8
77 98
536 587
554 37
234 150
599 562
379 151
542 503
390 121
561 27
563 386
290 403
403 312
528 80
38 506
340 234
156 336
273 535
552 475
287 131
274 445
360 352
122 582
19 319
9 289
25 600
158 506
477 551
208 355
360 482
316 437
313 266
579 443
523 523
547 553
561 59
272 402
429 60
428 555
187 141
265 258
546 437
438 190
5 400
289 128
135 304
515 404
313 581
601 59
271 405
521 72
220 243
31 371
84 332
270 426
387 404
268 395
544 213
563 344
386 224
284 437
380 247
208 47
12 467
487 152
70 382
206 390
565 100
456 206
551 14
194 537
221 456
403 319
563 83
590 76
419 594
594 515
477 3
281 286
43 258
199 150
408 157
485 472
207 524
236 313
580 90
460 517
474 458
549 138
60 564
385 476
446 242
562 21
352 525
167 270
377 509
164 322
494 581
243 116
194 338
355 395
532 78
253 523
449 437
405 87
581 136
487 552
120 361
444 577
319 411
129 274
250 146
34 379
217 71
372 163
508 56
6 199
84 572
228 54
219 306
316 449
125 362
136 410
447 352
461 492
244 577
6 209
593 476
467 199
342 489
12 463
570 219
519 517
118 268
400 558
116 76
467 280
138 240
41 385
403 468
262 39
82 503
249 428
449 285
304 264
488 143
361 77
3 400
590 186
440 364
315 474
324 210
391 226
0 193
431 39
425 58
90 219
14 599
375 414
521 287
533 108
273 40
197 443
150 467
375 48
201 602
12 593
89 252
74 305
153 197
263 60
11 90
0 574
476 119
352 262
588 165
213 402
393 307
31 593
520 258
74 546
442 575
401 462
223 228
350 373
442 541
592 466
329 94
293 377
501 455
253 144
332 421
122 443
264 475
6 414
303 593
160 177
300 238
260 104
130 447
440 362
516 55
360 303
159 607
307 253
324 344
574 317
38 478
39 398
543 354
19 243
501 144
267 517
154 76
555 408
520 40
383 447
435 173
365 484
383 24
597 272
202 232
190 139
413 542
140 299
527 336
488 178
236 108
152 40
84 379
458 76
118 586
262 393
531 265
281 215
424 232
459 160
330 446
429 96
142 160
344 340
465 542
152 9
413 585
308 77
450 445
282 370
588 508
94 609
410 164
421 326
273 39
546 178
94 440
69 579
498 140
151 275
388 367
342 200
568 601
296 330
516 499
534 289
476 180
353 98
279 537
368 204
483 29
299 559
207 139
251 208
553 560
189 55
595 497
80 366
355 383
123 257
304 560
481 82
31 324
380 335
306 14
506 13
184 314
506 323
528 586
164 411
599 91
590 482
282 144
121 452
441 394
321 175
2 213
242 47
94 428
131 445
119 526
46 8
356 499
367 387
600 363
311 146
213 136
450 340
460 425
348 142
64 282
353 356
150 535
496 270
445 205
198 279
485 13
215 25
534 223
271 237
176 527
4 526
447 553
483 504
36 419
196 607
240 338
524 27
467 72
363 334
116 478
563 279
269 454
581 313
501 349
82 288
102 457
586 388
385 393
409 552
541 422
83 47
60 390
323 426
123 74
374 438
100 362
70 336
599 245
30 398
461 224
223 364
37 402
204 358
113 476
366 397
310 350
63 435
122 22
