875
273 233
5 335
136 127
477 583
817 372
198 537
141 313
413 632
730 270
598 22
606 52
643 175
306 244
181 54
151 697
792 123
136 718
259 581
811 667
816 537
108 315
555 796
792 676
851 671
156 819
65 632
413 328
557 396
766 705
140 857
381 107
574 788
403 110
150 544
722 398
367 814
602 502
607 773
299 380
513 797
95 488
733 425
21 581
735 711
278 536
324 698
71 178
126 612
21 666
129 614
572 703
502 314
669 761
811 511
342 820
375 247
159 281
589 305
629 288
129 707
570 656
697 622
55 305
462 697
559 374
439 705
128 549
30 302
722 696
470 764
12 42
517 544
742 226
349 49
88 451
319 529
693 646
676 239
547 467
434 204
400 49
788 569
831 870
337 606
217 632
468 628
320 124
767 56
726 13
518 637
604 250
738 489
274 359
570 260
199 399
505 287
828 640
762 858
758 182
256 245
308 501
479 636
220 69
489 614
310 22
670 582
525 222
484 828
29 675
753 261
796 162
770 320
814 241
511 502
830 128
801 290
104 48
637 215
483 796
377 686
614 436
252 130
711 453
626 490
41 310
840 400
821 529
721 45
615 504
78 388
485 46
162 748
849 225
34 128
346 844
185 697
464 358
56 378
586 17
162 678
201 556
445 487
463 732
403 419
502 300
184 255
755 388
275 811
564 815
161 708
564 565
645 562
23 299
548 803
302 715
870 558
297 522
633 185
4 566
556 729
552 179
654 400
802 637
249 25
758 624
745 25
199 165
531 88
871 780
691 721
753 583
775 150
757 241
713 90
534 369
611 126
415 584
174 259
69 468
475 721
201 350
802 65
751 234
104 250
731 508
198 618
469 79
685 829
716 622
679 98
46 813
182 126
382 404
677 326
839 730
736 246
726 496
201 814
379 427
671 99
186 776
177 162
871 567
212 870
790 312
19 159
875 8
76 757
688 52
618 315
283 448
240 351
467 670
692 796
823 181
238 134
450 617
288 666
592 259
335 266
534 557
43 392
2 819
750 422
157 544
540 338
62 118
759 743
616 871
774 748
815 135
570 260
772 147
295 419
144 714
167 494
68 396
150 226
801 839
204 225
222 94
305 408
670 175
170 142
678 12
762 247
512 94
146 433
7 624
501 128
672 756
662 290
816 427
444 114
162 613
384 406
278 629
538 236
748 782
819 602
669 46
116 610
660 656
652 347
353 511
350 697
832 755
596 172
569 93
612 837
804 210
515 340
414 874
538 751
201 75
281 560
454 582
343 839
563 684
196 94
46 560
458 41
609 629
410 740
405 201
48 700
167 241
129 702
148 328
859 409
465 0
541 258
47 441
814 650
527 76
197 572
379 182
517 236
20 861
120 249
564 476
269 244
771 528
159 709
597 52
576 830
56 618
238 234
698 856
790 193
250 520
110 424
378 715
770 763
384 110
714 199
867 280
705 632
520 143
149 655
492 786
624 396
459 773
145 502
406 535
241 381
511 383
646 308
374 88
147 55
84 767
596 377
613 45
660 552
669 274
627 749
117 94
300 279
790 60
553 444
858 3
104 242
409 391
524 836
448 212
645 656
127 138
596 614
407 862
327 660
858 311
15 240
37 601
728 771
406 667
52 398
87 862
870 280
156 63
35 387
560 606
710 723
840 310
325 310
416 846
254 839
678 319
218 502
105 452
710 817
528 837
145 492
615 798
355 289
719 674
686 167
810 707
150 240
540 719
487 468
210 179
846 715
584 332
783 546
716 853
68 148
679 330
721 490
699 716
680 486
848 826
599 452
108 590
336 250
48 247
321 388
690 75
168 252
97 527
868 669
321 854
549 349
432 468
86 650
723 611
731 322
869 113
632 521
646 633
868 200
450 38
727 181
210 518
649 91
205 801
808 124
185 807
266 17
180 736
360 340
138 712
464 121
147 205
134 529
436 282
848 649
203 94
325 264
578 691
221 550
248 365
562 225
134 475
579 594
578 331
313 520
7 809
653 347
709 832
618 64
666 101
326 429
659 770
593 573
770 594
676 289
531 399
695 435
409 265
29 13
353 305
283 312
457 289
157 36
395 683
839 532
58 455
336 465
867 613
843 783
843 320
514 837
775 359
206 117
575 294
377 717
415 534
447 436
307 147
314 285
451 322
691 406
836 255
657 542
346 683
606 144
688 113
349 516
546 469
212 750
342 744
757 439
696 3
574 804
566 817
259 182
682 645
692 360
177 511
191 289
401 799
290 596
67 502
490 171
91 547
609 416
821 541
626 241
213 627
618 552
222 766
804 85
74 306
196 384
349 511
80 282
848 592
128 667
552 732
489 422
783 758
352 43
97 127
3 792
346 523
803 650
262 724
93 692
98 17
672 311
525 167
432 179
62 256
457 72
867 59
730 501
718 734
479 480
727 267
181 452
154 615
621 83
490 35
501 812
679 71
410 78
801 616
297 470
46 142
814 740
755 179
382 632
602 75
610 638
875 39
447 221
570 636
80 847
808 500
306 338
606 434
53 483
447 392
825 347
362 563
352 667
794 179
563 385
839 358
535 798
852 451
250 420
599 161
477 167
104 534
699 506
170 402
522 575
868 434
688 413
844 601
549 201
794 190
672 217
111 769
669 52
552 353
173 248
569 742
527 858
400 242
66 448
840 823
34 549
795 415
585 337
414 48
619 273
141 809
396 520
173 465
272 830
169 862
768 65
629 423
558 168
830 98
488 546
662 847
102 396
601 533
370 231
580 408
848 79
77 246
538 351
826 536
146 662
21 154
229 395
417 624
718 590
464 739
130 867
704 187
445 31
496 158
479 808
579 458
212 868
325 591
73 543
749 868
643 345
778 494
258 257
272 152
794 400
677 789
358 798
210 659
834 453
29 697
449 440
352 26
222 335
333 429
116 368
358 150
153 188
633 55
646 204
533 724
756 110
570 103
107 109
278 642
403 361
465 843
300 655
839 171
762 522
664 99
445 469
262 217
749 82
114 237
310 189
25 376
433 691
359 735
694 806
245 252
457 504
390 46
642 826
98 709
750 520
620 410
606 712
44 375
856 51
671 633
564 635
815 625
810 65
595 414
434 374
220 392
727 364
785 836
371 340
120 858
590 731
105 719
157 774
497 302
289 139
188 817
237 657
460 563
394 121
347 467
671 617
285 479
35 617
132 574
160 478
674 314
498 268
479 810
373 833
592 356
720 766
131 766
604 863
770 240
61 43
548 356
344 174
532 248
592 746
638 760
721 99
867 290
613 733
495 319
738 629
10 761
214 661
710 139
823 620
358 810
375 27
541 196
117 122
198 868
525 152
338 867
232 159
103 263
688 585
354 178
737 774
366 309
242 679
377 193
679 248
118 379
357 536
311 204
55 846
225 825
653 18
813 482
84 449
730 788
510 352
622 343
779 299
612 172
875 821
206 731
865 376
416 796
587 771
94 388
762 574
310 643
614 646
347 356
449 850
801 243
653 673
310 298
764 259
679 836
705 240
622 413
322 862
735 315
404 687
834 804
749 862
497 829
328 409
69 422
264 838
301 362
549 414
453 522
322 577
773 321
366 640
260 240
326 632
563 269
678 340
821 791
569 577
442 436
478 356
415 451
779 637
340 559
173 582
518 379
836 763
765 41
65 807
757 796
823 222
266 786
458 329
68 304
606 507
690 783
407 517
87 628
764 769
363 850
330 747
645 228
146 352
6 804
768 406
850 762
204 616
743 31
774 438
121 283
678 583
127 35
355 561
129 466
482 751
464 646
798 804
101 440
539 833
538 455
253 763
805 489
466 482
701 548
121 401
534 852
517 603
392 809
407 571
224 33
562 775
64 427
703 671
295 523
516 664
477 118
439 291
54 654
465 180
377 271
815 81
484 63
233 633
578 582
684 621
312 806
563 133
847 533
91 58
300 498
661 686
379 319
20 522
70 332
65 580
84 186
644 186
594 40
200 284
527 540
849 118
311 836
412 543
459 635
