913
331 2
591 752
299 552
158 651
810 321
378 653
689 396
731 817
882 608
580 662
196 9
533 327
652 368
744 266
8 556
577 178
714 474
458 42
25 699
766 610
250 349
728 197
528 653
783 302
13 823
696 826
172 13
577 333
137 251
277 209
367 572
142 96
570 219
40 531
153 867
226 181
536 563
857 728
705 531
836 271
787 493
555 140
283 315
14 561
7 442
296 34
102 506
440 49
894 371
451 40
782 104
816 828
89 286
598 355
4 830
427 478
901 332
620 270
389 535
176 614
760 40
781 117
671 630
788 19
741 236
581 595
385 355
342 215
889 687
78 304
462 574
198 48
822 243
753 815
626 424
874 222
476 760
607 615
100 91
395 392
885 712
224 708
536 510
655 199
240 707
79 0
807 723
243 566
807 897
817 81
619 684
762 612
889 240
755 286
583 502
212 323
334 193
559 873
431 83
476 188
483 626
843 825
699 249
763 333
264 540
291 869
720 512
326 856
872 757
802 169
276 904
796 313
830 402
17 15
479 765
170 65
155 640
71 389
889 368
125 383
214 797
287 95
851 574
449 330
828 44
682 337
98 109
53 230
596 276
621 235
223 834
525 151
779 351
438 465
399 607
320 279
567 284
313 54
628 467
379 340
573 726
216 767
665 98
479 582
306 528
815 16
711 664
505 766
865 877
274 179
356 755
109 424
539 177
289 219
815 569
434 879
715 526
828 166
664 98
808 709
426 151
748 417
33 747
883 221
655 55
379 432
702 153
731 849
561 114
315 216
803 351
885 133
95 220
350 743
759 676
573 496
699 541
649 746
61 483
253 110
638 627
599 636
673 576
556 365
434 665
383 435
6 120
354 576
190 258
558 537
165 694
204 254
872 551
245 253
830 458
838 723
397 659
813 398
447 2
796 431
827 689
656 661
745 264
731 173
520 173
164 700
313 104
561 253
121 452
581 511
790 115
821 811
397 858
118 440
162 611
457 98
395 292
385 550
701 898
616 610
769 509
869 775
833 833
79 889
715 625
144 473
176 776
246 220
254 13
220 834
722 675
374 358
120 843
509 760
105 266
92 420
19 787
670 493
734 148
602 452
779 613
850 469
708 368
3 248
907 802
120 300
386 6
820 642
481 773
430 578
540 853
617 365
234 529
588 532
696 555
645 842
516 839
495 413
524 891
785 849
371 449
390 731
11 436
424 498
228 284
892 778
19 312
345 873
821 184
39 822
228 658
244 289
6 217
658 576
850 235
659 541
364 743
118 182
438 808
184 218
390 329
211 645
550 682
261 277
738 723
274 143
751 114
228 697
804 783
905 642
595 64
494 154
678 455
39 414
204 583
672 630
663 42
211 98
660 690
255 820
781 72
395 69
378 309
424 343
673 659
459 664
596 807
26 709
575 361
858 289
906 139
365 713
226 875
65 704
122 342
865 125
46 360
460 132
906 759
623 247
345 254
789 672
633 896
556 160
628 651
675 44
503 837
112 32
292 256
858 506
196 332
6 492
802 109
245 444
368 586
513 194
437 354
815 607
72 177
827 629
316 752
598 337
625 525
548 796
119 909
382 623
677 16
346 362
906 528
743 770
324 569
123 616
19 380
875 778
418 665
247 630
524 214
860 137
581 686
624 458
180 755
499 53
234 227
549 690
561 786
164 684
143 173
862 389
859 70
574 909
351 268
319 743
445 348
768 841
810 740
474 363
787 907
45 229
76 647
849 312
816 119
738 243
567 889
68 345
493 282
484 511
235 127
518 167
543 866
781 785
750 562
498 21
783 36
144 833
188 789
526 378
608 412
619 602
881 783
71 868
890 227
436 780
741 335
530 623
187 616
549 38
389 679
592 6
844 487
857 600
858 462
62 823
73 811
267 851
219 464
47 109
842 350
739 18
649 603
158 281
413 581
649 702
556 251
490 572
451 51
346 274
704 831
831 636
633 263
191 383
518 13
484 301
109 596
652 483
21 466
99 890
782 333
419 345
116 689
50 670
789 601
746 257
226 754
799 103
180 182
365 193
426 188
788 596
566 566
597 725
656 886
630 368
720 85
43 43
355 777
845 162
574 422
683 697
804 399
354 202
352 631
434 804
440 171
190 219
65 710
559 575
293 867
429 800
26 235
614 830
472 653
82 59
132 440
661 111
511 668
173 396
773 130
363 491
837 65
36 601
416 814
504 582
445 184
637 703
486 684
547 847
127 832
854 434
903 672
604 409
48 278
103 665
295 554
794 174
518 207
546 79
654 402
341 40
88 600
495 303
638 809
724 614
781 104
642 729
531 665
829 766
213 402
497 62
321 105
856 300
258 813
473 401
536 775
364 148
69 47
558 281
528 0
157 835
658 93
405 274
581 400
730 767
842 401
536 11
208 873
654 770
583 817
604 678
471 316
285 820
815 660
666 809
347 410
76 78
523 641
860 665
458 515
834 302
482 273
879 10
591 753
847 190
857 655
405 140
533 34
284 286
199 233
223 519
898 263
728 645
727 188
531 613
218 683
92 399
344 701
46 707
883 500
824 616
187 527
129 323
39 155
804 13
643 636
818 618
276 682
0 774
102 742
813 783
353 654
287 154
658 391
112 581
785 289
795 567
567 829
93 436
889 891
908 272
6 19
157 554
438 613
821 856
553 482
722 839
664 814
24 700
335 11
480 272
97 770
443 802
374 45
870 258
666 169
811 429
418 89
757 786
145 668
697 821
852 591
48 667
872 541
169 331
749 758
705 458
271 288
601 817
334 131
767 276
541 17
620 151
139 84
40 753
319 580
381 31
628 817
489 12
391 781
791 882
819 447
588 815
129 642
727 224
190 185
26 431
823 221
614 590
897 615
404 161
903 390
325 224
450 344
647 343
153 285
773 398
776 317
737 737
5 680
748 545
769 15
405 662
285 739
491 504
551 905
219 30
457 198
409 833
864 117
358 421
788 587
511 102
660 417
128 24
593 422
65 61
75 689
140 371
614 329
175 742
567 142
314 96
822 83
295 94
506 911
362 309
218 214
287 139
307 769
148 282
502 124
288 696
797 421
165 752
806 731
406 818
714 236
226 68
673 779
463 36
434 437
552 195
214 697
654 568
449 830
173 598
269 437
339 528
388 177
57 24
759 487
531 35
799 646
748 652
614 697
662 625
339 640
343 340
541 442
402 296
835 367
151 704
692 572
311 546
682 675
28 198
179 325
275 463
376 316
600 33
424 460
595 359
639 353
797 123
881 167
130 658
81 495
337 125
147 619
851 831
779 42
111 311
791 290
405 809
873 824
627 810
394 491
457 782
45 282
240 613
427 688
186 687
554 754
684 99
242 411
905 498
164 21
478 528
217 174
677 458
401 149
658 317
158 393
455 695
390 425
126 875
190 859
488 2
823 754
852 344
410 475
884 895
747 127
257 502
508 756
182 649
728 139
616 708
548 474
239 202
444 818
38 687
393 390
56 408
0 135
490 262
407 484
765 634
125 650
8 176
527 608
870 789
515 262
273 592
900 522
761 454
797 678
621 193
120 562
72 330
381 877
401 547
466 571
410 109
873 825
820 179
498 698
242 63
842 175
835 445
752 216
305 554
759 60
379 485
489 249
787 691
188 51
172 160
197 824
30 300
456 225
93 550
402 447
353 693
523 913
588 563
703 164
374 338
486 602
469 327
496 478
451 376
254 422
804 163
188 764
378 590
825 238
420 149
437 458
34 415
221 842
350 211
391 885
26 528
728 884
503 332
377 852
684 95
2 513
23 172
290 455
69 910
154 631
535 107
741 317
863 121
368 891
627 698
662 294
779 850
809 100
703 370
526 516
735 907
20 857
86 335
590 385
69 507
252 539
494 898
744 652
609 283
407 516
544 372
252 566
252 406
275 575
19 437
530 13
687 723
470 615
904 88
483 63
99 589
481 857
146 94
337 407
582 246
155 669
346 210
48 33
675 821
559 128
742 795
630 899
674 316
696 143
489 810
855 713
632 133
285 96
171 472
412 222
377 269
217 471
481 230
426 513
510 856
386 798
804 808
732 383
615 306
236 836
504 762
66 373
117 155
195 856
849 396
574 896
316 786
85 301
362 640
147 249
754 185
88 371
544 891
393 763
871 618
880 211
129 777
708 736
161 582
228 310
58 885
187 554
