425
212 336
351 222
372 12
211 160
44 234
136 170
107 80
106 33
64 78
423 76
321 386
330 17
373 418
64 328
339 371
70 144
49 158
190 3
244 70
128 339
192 388
61 332
108 48
298 126
267 48
298 52
254 243
267 203
1 26
248 164
171 277
350 86
101 185
386 97
185 298
310 68
54 270
36 405
228 360
37 52
282 307
78 155
57 18
128 379
310 339
3 15
410 260
169 170
137 132
156 324
297 279
335 312
372 250
168 228
153 81
345 89
134 394
25 12
308 252
371 25
242 29
97 118
317 318
222 375
277 79
323 330
47 74
305 197
50 241
336 314
51 417
196 141
324 36
313 317
270 165
141 341
159 235
55 291
320 238
233 188
209 388
92 126
226 359
418 149
21 269
395 80
359 421
52 333
412 280
78 381
22 216
325 7
170 299
380 297
4 290
2 306
199 214
414 321
291 216
425 50
386 266
420 333
180 110
147 238
49 148
283 215
289 167
316 337
144 186
96 79
23 38
122 373
44 395
364 255
209 9
36 85
85 408
129 283
319 169
186 5
300 419
0 222
25 334
27 363
397 269
304 280
379 358
100 35
15 318
393 248
411 146
211 14
45 29
311 419
19 230
332 3
367 409
281 218
214 71
273 281
169 199
123 15
418 37
115 106
236 59
302 417
100 74
91 373
190 117
20 380
300 233
156 268
357 93
306 191
177 205
167 394
288 379
401 221
26 190
75 46
43 144
390 233
146 303
252 176
176 64
76 201
415 81
144 370
31 194
80 199
311 408
335 87
373 26
116 259
272 64
420 112
268 121
218 194
60 86
349 250
409 8
257 425
409 368
134 248
106 115
169 232
361 164
423 390
155 60
56 320
152 422
245 338
30 14
61 350
131 424
338 178
171 375
403 82
252 43
232 76
412 80
131 91
158 6
13 193
191 256
339 212
398 409
174 151
162 292
37 48
289 253
336 70
237 46
273 349
401 250
20 0
72 139
214 102
153 385
167 397
102 258
259 17
20 213
412 332
173 140
288 138
269 275
249 128
342 238
290 55
96 326
71 117
406 279
139 180
142 285
93 332
405 103
130 188
262 371
177 137
226 299
387 169
305 417
305 4
225 191
181 46
15 300
250 361
177 181
388 342
143 156
363 304
54 58
337 165
24 106
16 220
283 364
408 300
357 331
361 365
356 106
280 36
48 59
275 265
153 160
274 207
298 311
190 324
56 360
130 74
14 126
174 16
129 339
51 212
365 177
265 134
139 155
417 332
364 115
133 117
335 192
102 128
139 196
188 245
128 206
251 388
120 65
346 319
377 242
81 82
213 344
235 277
282 155
392 212
188 33
367 27
313 339
320 348
239 84
338 46
43 342
214 42
99 368
38 15
54 376
92 235
325 321
171 400
135 4
214 15
72 41
153 97
199 306
156 96
310 390
345 60
31 213
190 162
293 210
27 16
162 282
409 188
121 320
265 307
289 256
78 343
18 41
151 408
47 285
139 334
387 193
393 341
60 6
63 197
399 137
129 247
230 295
83 305
266 83
355 168
185 382
302 374
377 25
173 43
408 247
365 413
178 185
214 143
70 287
186 269
259 43
412 63
94 369
368 330
205 184
229 74
23 200
263 188
412 178
58 116
360 43
158 147
222 181
403 408
257 273
284 194
317 279
376 62
126 417
413 186
311 398
317 411
126 348
286 324
121 423
9 28
209 132
390 23
94 216
320 160
20 2
38 359
175 94
351 326
332 380
277 241
197 13
127 355
78 3
272 211
325 118
184 166
0 2
11 302
415 242
15 58
387 259
3 374
73 40
44 325
358 36
74 315
326 358
423 187
181 400
175 70
337 366
332 76
196 54
353 108
12 101
72 245
299 342
193 303
72 420
219 392
250 227
247 246
160 360
166 30
58 245
17 110
235 304
179 287
332 396
