1000
237 232
926 304
560 193
740 78
642 297
666 438
773 371
447 554
343 363
333 739
431 228
411 878
143 949
38 336
133 5
212 828
623 112
202 164
856 809
825 672
799 811
230 327
102 798
653 634
554 758
536 312
356 643
749 532
735 745
162 436
33 194
29 548
343 493
860 545
722 478
656 843
611 495
94 650
506 92
673 22
996 977
673 140
989 112
73 699
1 707
712 625
158 677
41 813
961 846
729 707
603 319
813 671
527 864
331 150
887 457
201 446
287 206
438 944
763 279
4 278
778 1000
264 875
843 899
944 694
741 872
187 274
639 86
573 930
155 970
357 30
825 704
369 78
734 92
586 708
508 406
438 659
216 55
21 342
650 65
933 876
77 230
746 183
181 666
332 341
881 365
593 42
369 214
571 361
834 896
300 415
40 540
38 277
857 973
562 167
650 57
808 217
744 530
918 882
997 628
693 292
470 797
48 366
173 889
721 842
108 295
755 219
126 165
895 26
41 314
947 511
157 611
96 16
747 595
555 706
486 981
756 699
931 42
745 333
737 985
203 383
375 584
197 737
842 137
758 649
790 374
971 241
440 158
761 330
297 673
69 443
808 779
274 408
933 734
955 561
480 237
337 355
121 974
420 887
156 96
284 766
874 37
40 39
649 481
109 1
477 246
847 103
831 935
411 364
867 946
935 846
846 375
755 707
460 248
625 690
721 158
705 382
260 88
453 153
827 438
253 71
611 225
555 611
198 675
430 610
827 140
82 928
782 71
486 682
682 457
275 737
499 935
375 902
238 592
489 623
902 177
441 944
517 538
148 383
254 196
144 924
638 896
934 38
321 894
213 543
415 302
715 37
707 52
146 797
131 968
629 52
842 757
656 200
585 436
739 679
572 91
400 153
283 358
146 829
317 474
708 494
642 272
834 624
447 6
889 643
426 596
219 36
670 456
309 827
337 546
282 85
784 583
686 166
964 635
628 151
18 571
781 504
428 947
912 225
739 434
887 388
431 19
454 992
602 363
137 363
175 376
535 410
381 459
274 299
200 893
76 259
837 31
541 845
451 332
828 83
34 404
340 23
166 134
352 390
244 138
241 258
824 735
129 452
838 467
919 294
954 348
481 65
797 887
281 1
562 774
71 579
649 168
551 205
602 169
147 235
977 777
450 526
23 58
846 412
295 829
434 255
83 74
657 257
30 268
426 957
547 703
673 858
391 228
94 814
864 494
660 820
719 287
397 29
230 377
181 111
719 453
736 949
250 824
60 57
610 936
493 229
656 611
12 355
107 103
816 340
562 491
805 985
270 25
167 791
883 667
897 751
189 164
454 140
760 282
257 20
528 149
21 949
0 732
281 650
814 988
236 842
77 423
660 311
361 196
39 275
524 16
943 778
844 353
795 425
645 553
654 202
103 386
153 87
251 245
731 559
775 682
848 775
24 537
87 417
963 583
323 646
989 3
345 543
928 879
924 868
686 245
314 545
322 301
141 357
294 963
122 918
66 180
869 939
856 827
97 153
619 505
951 431
374 910
366 68
89 773
749 83
878 353
829 827
561 399
219 724
571 514
289 129
464 343
627 93
543 770
293 202
791 538
968 345
536 367
522 578
155 872
652 356
645 987
157 975
107 997
255 204
135 2
615 755
258 304
221 251
211 814
110 625
913 634
446 988
983 762
238 46
997 184
88 987
539 90
540 246
426 716
719 386
739 652
639 108
915 726
317 447
172 878
741 179
708 519
472 209
367 904
520 397
174 607
334 231
890 484
738 312
133 488
96 502
761 994
477 736
345 622
914 818
385 897
38 864
453 832
408 892
679 375
470 148
518 112
464 838
225 170
723 540
693 647
524 259
739 691
926 975
379 879
594 313
5 220
35 669
331 228
316 30
518 95
11 650
36 405
6 298
379 864
143 625
534 967
312 959
144 185
959 394
760 359
804 548
371 780
628 249
674 712
30 967
780 327
861 31
230 656
83 293
780 347
878 930
648 501
393 958
83 931
360 348
458 325
949 259
708 717
655 463
256 822
988 924
977 977
97 858
776 454
319 609
266 582
149 748
116 408
294 795
649 464
478 451
445 878
766 305
248 417
112 391
559 734
482 857
465 947
116 389
476 686
660 82
415 303
277 250
831 167
664 383
796 216
144 789
398 942
375 762
875 195
340 360
675 854
634 313
521 505
657 105
552 156
915 620
61 295
217 207
19 915
210 722
951 348
133 77
136 396
241 942
359 316
668 958
990 485
827 269
805 565
985 6
288 15
444 300
369 807
831 426
798 748
450 184
972 790
483 239
221 442
959 973
594 56
152 39
128 286
911 173
927 678
775 933
299 687
515 133
966 460
608 130
744 658
531 779
55 656
272 478
682 952
246 461
374 533
137 118
582 440
327 792
820 678
480 590
484 441
208 676
783 559
575 873
167 918
570 913
679 241
396 365
964 660
541 360
34 68
526 150
827 620
896 223
516 376
639 457
350 559
12 489
676 320
503 74
600 271
10 277
155 56
20 185
367 264
460 801
852 366
600 816
811 294
740 322
926 270
847 783
424 366
579 775
924 881
298 373
684 756
556 502
679 688
507 611
601 325
151 932
195 192
272 377
165 131
684 557
931 790
820 740
168 613
696 891
818 450
773 143
427 83
720 886
974 158
361 454
203 350
942 527
36 201
552 549
596 288
896 401
848 745
905 506
68 491
984 679
967 922
37 225
182 193
29 412
527 207
433 89
241 807
160 894
774 719
594 820
745 452
167 235
998 728
547 790
48 315
209 599
540 605
259 896
936 312
837 859
718 334
659 821
640 586
110 740
697 621
717 534
310 13
35 749
878 945
23 221
641 36
704 55
214 80
383 47
988 607
240 678
421 119
936 588
716 70
317 444
175 751
242 0
685 305
739 481
275 310
115 161
197 373
541 751
834 637
703 920
576 714
267 421
402 795
13 768
735 333
312 143
673 360
51 335
569 153
948 250
341 940
581 547
141 447
882 119
498 163
988 657
590 563
244 19
982 340
325 969
714 456
181 137
768 803
972 414
446 189
107 89
601 951
151 847
44 442
419 634
255 531
238 949
490 177
432 808
306 393
869 699
231 408
455 640
894 371
265 146
22 602
659 974
37 748
789 624
778 590
299 195
756 584
493 705
319 324
684 723
365 798
741 859
647 759
759 906
184 610
177 11
458 789
657 878
741 416
236 415
81 33
975 954
241 521
442 762
161 123
830 695
558 916
324 284
367 402
453 599
57 412
396 636
355 7
404 63
213 799
6 614
762 990
759 303
425 975
656 882
477 805
381 442
501 201
804 238
812 184
64 697
368 481
873 690
891 403
363 299
312 35
710 348
366 796
979 705
100 818
472 179
573 785
93 883
929 629
769 196
361 890
121 191
263 667
997 431
765 106
638 60
783 652
918 692
543 913
663 233
752 439
165 464
849 864
429 121
761 473
479 48
689 780
718 97
863 891
326 729
441 863
27 402
771 3
716 881
1000 172
417 286
341 826
144 822
413 640
205 300
700 299
837 798
651 604
534 902
831 359
128 662
175 393
711 235
981 763
1000 465
614 24
102 597
418 6
474 12
350 71
846 871
552 891
658 209
824 290
286 163
272 534
740 895
88 887
428 185
734 144
180 435
444 838
645 277
182 228
257 186
218 682
372 494
500 564
669 135
985 190
512 287
389 814
749 298
333 802
766 814
759 695
991 338
382 320
807 979
931 827
817 216
99 466
122 887
418 384
511 28
65 148
967 515
589 292
262 757
350 267
505 567
942 316
589 409
530 225
701 550
809 930
356 12
155 449
239 618
509 190
991 266
906 716
58 761
998 50
761 586
15 476
162 971
554 901
901 636
500 272
418 402
302 48
630 642
320 679
103 937
680 925
812 658
520 359
872 593
109 911
701 778
970 704
875 183
850 281
832 527
539 200
128 826
944 945
156 249
491 694
983 623
205 519
846 326
32 962
217 652
150 847
184 449
819 355
264 202
779 382
503 640
829 23
403 173
863 56
588 217
248 119
330 322
865 935
11 485
299 448
12 256
33 636
714 320
606 322
952 611
320 374
458 61
9 109
120 617
628 143
161 948
816 709
14 553
359 955
685 421
746 821
743 974
285 549
843 723
269 873
974 989
864 354
101 476
3 933
418 615
478 58
690 115
554 903
866 814
765 527
149 75
555 81
289 162
986 582
768 332
698 672
20 106
143 102
540 839
155 765
517 811
405 556
343 358
280 153
647 113
964 518
73 697
662 443
262 84
328 583
918 759
340 724
302 162
492 796
990 96
880 207
274 630
290 576
410 195
787 95
350 414
132 689
104 414
737 703
243 420
21 33
719 423
305 958
319 441
87 659
186 30
496 487
91 458
654 495
725 99
131 555
203 622
424 742
851 99
675 979
572 722
140 126
51 641
280 381
913 911
343 490
185 872
319 700
520 432
145 868
293 482
865 169
110 369
18 869
739 260
847 467
441 839
259 618
87 73
770 834
98 552
138 578
137 568
755 750
458 919
110 562
51 489
543 540
107 773
