1000
20 96
6 15
58 78
31 74
60 79
25 62
66 38
20 10
95 3
21 75
69 96
47 85
28 75
13 46
43 71
60 50
10 96
20 30
81 49
96 99
5 2
58 96
62 99
49 70
1 43
2 7
74 4
30 40
35 19
2 21
100 86
25 66
57 86
55 39
38 66
86 58
75 0
54 71
68 15
26 43
49 87
2 9
45 72
38 66
38 44
98 63
23 91
35 38
46 36
95 83
67 89
44 24
68 71
31 91
7 94
76 4
57 86
83 64
82 19
79 90
29 98
55 36
7 7
84 59
36 46
5 62
22 52
19 100
42 78
99 68
7 99
64 32
83 1
90 10
18 62
66 62
49 41
12 63
28 55
66 58
55 48
98 27
20 51
13 65
0 89
47 74
26 59
90 13
86 81
56 45
49 84
89 71
3 85
97 15
69 26
22 80
0 0
9 65
60 26
5 67
83 26
40 29
61 53
96 52
85 92
90 28
24 4
62 89
15 74
84 2
43 30
6 16
37 4
81 79
41 38
59 51
74 35
59 44
40 73
42 76
79 95
85 75
5 86
10 16
48 69
46 75
28 38
56 39
42 89
67 81
14 99
50 43
4 17
95 9
53 69
64 47
59 92
39 7
16 13
97 34
75 42
35 82
66 69
10 33
42 40
34 82
48 20
11 73
51 45
20 42
14 63
2 15
92 31
49 36
18 40
67 39
36 20
94 26
74 78
85 52
19 25
1 66
6 73
81 15
9 4
32 37
23 8
23 96
6 69
46 57
44 52
96 43
8 90
25 22
56 15
72 1
68 82
19 81
80 9
50 70
20 41
20 51
62 47
74 88
21 73
87 98
29 12
54 3
87 64
23 90
95 18
50 25
63 48
8 61
38 38
15 15
25 35
83 67
48 37
42 98
32 23
1 99
53 2
46 75
8 29
29 91
52 61
33 29
43 34
1 13
66 89
38 4
38 23
73 43
84 86
61 46
40 15
58 36
54 100
89 22
63 74
21 0
87 66
94 43
84 69
76 31
42 46
76 3
23 68
63 80
86 11
49 45
33 10
70 93
24 64
46 8
82 1
31 9
8 26
87 8
93 81
65 99
65 4
67 74
39 71
93 20
73 5
64 85
51 45
70 37
45 8
34 19
1 13
99 27
57 49
10 42
3 66
72 65
39 51
48 68
11 3
47 69
40 10
21 57
13 21
38 51
94 20
65 81
74 93
4 32
97 62
53 17
83 43
19 48
99 19
17 88
72 59
46 33
81 20
30 41
88 48
90 88
33 54
62 28
40 37
76 2
52 0
99 88
96 43
51 66
5 76
28 22
31 38
60 74
52 39
96 61
21 6
18 12
7 81
17 21
100 13
11 41
20 78
69 45
32 27
45 1
27 83
55 48
61 17
92 87
40 55
78 60
83 40
32 81
13 77
6 10
43 73
19 89
88 89
30 92
54 9
14 34
48 2
5 46
6 84
84 8
26 45
64 75
91 34
90 47
39 73
32 66
76 3
0 35
5 69
3 51
65 12
80 17
24 35
26 78
89 9
53 68
97 5
27 0
84 75
52 15
74 38
84 16
0 56
64 47
99 68
62 49
63 83
90 4
64 15
52 7
16 15
53 52
91 3
82 71
93 96
58 94
100 15
73 80
12 21
3 14
79 76
82 70
72 67
0 50
98 27
33 7
4 39
86 8
32 34
43 63
74 29
38 30
75 5
63 21
3 41
93 65
8 89
84 98
95 22
10 90
35 71
54 67
11 62
63 62
88 15
84 98
36 3
42 19
58 44
11 22
17 62
35 5
57 75
8 29
90 1
20 27
66 47
67 9
68 31
73 39
36 30
77 39
25 61
2 56
77 55
50 55
46 93
45 49
2 75
84 89
59 39
73 83
71 37
21 7
19 13
33 34
22 77
85 77
54 98
11 22
53 8
7 61
60 53
58 50
24 48
3 97
89 92
73 69
35 6
87 76
60 64
67 90
26 64
36 85
97 12
31 73
0 46
11 17
23 97
14 84
13 23
17 19
72 11
38 0
22 8
17 19
6 95
85 25
84 45
56 71
28 75
79 43
20 29
34 60
60 36
91 48
4 17
96 92
94 16
15 59
13 59
72 17
14 12
65 85
97 7
41 25
51 6
19 64
40 48
39 75
88 50
43 55
54 34
18 66
63 4
93 40
95 61
87 80
32 58
41 88
11 74
41 94
45 9
99 23
10 74
10 4
82 92
67 77
4 12
2 78
92 36
78 61
35 18
17 14
87 88
13 91
96 39
78 36
33 84
62 57
14 34
57 10
60 45
74 34
19 50
72 35
56 58
51 79
8 96
59 37
19 63
73 52
94 2
63 63
53 66
5 96
15 26
97 18
1 77
80 60
92 35
86 19
29 15
42 56
8 11
77 36
38 31
60 88
32 60
47 75
25 51
71 29
85 65
93 67
27 68
62 65
56 12
4 10
70 10
13 28
24 42
47 96
35 36
31 69
25 16
31 87
31 75
38 40
22 38
6 77
64 81
82 52
21 40
75 56
1 3
82 72
81 85
77 17
5 32
98 25
4 38
64 5
42 39
52 3
14 16
57 33
66 37
89 18
27 94
67 38
45 27
78 57
51 58
94 54
98 2
28 50
71 92
35 70
54 11
53 11
17 20
2 70
51 49
23 38
28 34
51 37
100 23
18 60
27 44
81 69
59 26
96 73
76 99
10 14
81 29
28 72
44 94
28 69
22 6
39 41
95 27
66 72
71 100
47 12
87 29
44 5
17 79
48 90
52 57
40 48
27 14
17 7
84 49
52 70
10 47
33 22
46 35
39 83
96 86
80 86
28 18
69 26
2 82
11 32
60 61
66 88
10 36
17 4
66 57
25 92
20 37
66 96
78 19
10 78
5 84
46 76
20 45
35 49
33 33
62 19
54 40
28 97
76 20
73 87
14 2
89 38
70 12
46 9
29 76
17 50
77 82
46 89
67 48
31 61
64 11
80 8
17 48
78 43
37 98
15 86
14 8
45 97
2 94
67 92
83 11
86 75
94 18
51 66
91 63
49 59
10 28
56 27
19 40
60 27
6 87
32 56
37 41
83 6
40 81
56 77
18 98
99 37
67 32
33 76
48 66
28 12
75 17
66 2
37 3
7 42
96 89
61 74
16 6
13 27
16 24
11 16
62 11
90 38
16 49
89 74
76 1
76 97
11 3
47 20
7 7
65 71
46 90
34 82
40 40
79 49
9 20
23 78
73 58
41 53
21 38
32 45
58 64
33 68
19 8
13 43
30 33
87 19
31 12
35 79
55 59
26 53
96 14
24 90
68 67
84 99
31 43
80 62
78 85
63 72
17 7
84 59
30 18
55 71
100 62
25 86
37 35
10 45
68 67
44 38
5 20
18 41
66 41
59 92
68 16
70 46
1 59
76 61
18 1
2 51
0 76
77 91
42 23
17 16
24 40
41 79
72 81
50 54
96 29
17 71
15 56
66 22
40 95
96 80
53 79
54 45
92 28
59 63
55 83
54 44
75 98
67 57
64 34
1 49
95 50
57 15
81 90
57 0
0 10
31 87
76 4
75 23
31 58
88 33
92 75
42 43
23 72
3 23
44 23
7 38
82 83
0 18
49 23
62 62
77 94
39 4
48 5
68 96
26 84
2 10
80 24
29 85
78 66
89 71
41 67
21 85
43 37
60 26
26 96
70 13
72 95
50 77
13 56
22 73
69 82
48 77
59 37
36 97
69 4
4 96
67 3
11 32
52 49
49 59
6 10
80 82
3 91
24 16
73 80
65 79
57 60
7 95
46 91
31 2
84 34
65 21
6 11
26 19
35 24
92 82
12 16
19 69
51 21
27 19
74 19
98 99
20 10
10 40
9 59
88 20
48 18
61 67
68 38
21 73
90 26
44 88
68 5
18 24
69 76
23 69
40 18
60 92
5 78
58 66
88 94
62 72
69 47
13 51
95 47
46 30
33 91
58 39
56 48
44 39
9 96
29 64
99 79
63 78
93 97
45 35
74 2
54 86
31 42
78 32
79 27
21 97
21 65
92 99
56 7
52 16
48 59
62 100
18 90
15 71
80 13
80 68
1 52
50 62
10 48
43 36
32 1
67 52
100 79
0 31
23 12
34 42
91 26
100 92
43 78
46 21
0 11
35 0
61 87
1 70
48 0
38 56
84 96
7 27
41 14
96 6
28 92
29 31
84 48
70 38
44 94
71 98
41 88
48 9
92 96
29 12
57 64
76 18
83 18
20 38
63 14
92 69
18 61
41 63
53 48
40 14
79 75
82 58
43 5
82 53
92 79
54 54
53 43
29 78
2 48
91 0
90 97
41 14
42 14
1 48
54 63
73 89
58 37
28 75
89 37
49 38
5 15
28 18
21 99
74 74
72 2
59 26
18 69
98 83
61 50
57 53
55 69
62 15
70 62
36 7
11 3
57 56
12 84
41 7
32 5
91 45
51 18
89 68
40 75
69 4
94 34
37 24
73 10
36 58
85 35
32 65
