1000
65 96
24 10
92 92
77 85
65 73
25 73
10 98
88 22
78 35
24 2
30 20
96 22
46 64
51 96
96 51
38 88
32 78
61 39
21 52
90 6
86 56
33 69
80 54
64 0
29 43
89 92
16 16
21 4
78 54
61 83
2 53
78 85
100 62
44 41
82 55
3 42
99 23
11 4
66 19
75 12
57 52
46 49
18 60
59 46
74 92
67 37
66 5
29 65
77 69
8 48
10 96
54 67
85 96
92 79
16 92
72 26
89 39
80 73
88 25
59 60
56 67
87 15
88 8
91 57
9 59
23 62
17 7
5 73
39 9
18 57
50 82
78 76
71 73
13 2
22 34
15 75
2 32
62 8
51 50
29 96
38 2
36 69
14 23
61 92
86 54
92 6
50 55
69 96
35 42
50 42
33 4
67 12
40 69
81 61
81 35
60 84
54 47
22 53
7 33
45 5
9 51
79 74
52 20
69 70
81 8
55 26
79 94
47 48
57 44
23 16
46 51
4 16
34 4
81 95
35 1
56 83
76 38
99 82
27 67
90 20
42 37
11 48
54 84
46 100
78 61
58 15
5 55
89 72
44 48
95 57
84 52
84 63
62 95
90 95
28 91
20 31
13 69
77 95
48 56
20 65
71 92
97 81
8 44
14 80
25 35
8 16
51 27
80 85
7 48
67 78
46 43
49 55
83 69
41 53
89 52
25 16
35 80
88 94
66 56
100 75
38 7
44 39
48 83
28 98
6 61
55 20
11 58
70 0
16 8
42 61
100 8
67 7
84 57
88 22
61 10
62 42
98 26
59 33
25 0
47 24
95 10
45 25
26 33
51 98
48 62
11 9
41 49
11 28
44 42
63 70
53 48
96 85
59 88
71 23
20 56
66 9
81 72
74 75
14 41
86 65
43 59
9 34
80 79
67 31
85 97
16 67
31 78
34 75
17 35
26 100
18 56
47 19
49 54
38 93
38 4
79 80
33 21
83 73
28 29
77 14
48 97
63 57
68 87
4 2
15 56
0 71
93 54
38 84
53 95
27 46
66 27
83 91
11 43
36 29
40 85
34 78
36 85
81 9
88 96
61 71
29 41
9 84
17 32
26 91
66 74
17 85
44 54
100 85
72 73
36 26
14 5
1 87
41 93
56 44
7 95
46 45
72 56
89 37
69 7
33 37
96 8
81 79
43 28
21 17
81 17
15 31
42 17
88 76
24 50
84 37
46 72
91 37
2 25
55 34
97 79
65 84
47 76
72 17
68 74
83 28
98 26
97 40
55 47
79 9
91 3
100 91
30 33
46 27
37 90
55 23
28 3
0 40
49 91
68 87
13 76
85 5
54 42
39 98
12 2
92 65
50 87
87 96
32 34
28 10
65 3
79 81
74 43
70 30
6 45
79 65
56 59
35 57
93 31
38 9
57 38
35 95
100 60
78 74
55 90
43 7
87 0
19 97
22 39
29 7
35 5
95 59
73 18
98 6
95 19
65 42
39 46
81 78
33 86
64 21
16 45
82 18
25 57
32 71
18 90
70 29
92 92
57 20
94 58
10 21
69 70
60 19
97 75
5 24
29 98
7 24
91 38
35 84
89 34
18 11
71 88
23 21
32 89
27 4
3 32
92 87
95 42
96 30
79 2
91 20
100 23
26 80
88 34
6 16
28 83
5 81
10 18
17 54
68 91
22 50
92 99
85 45
2 90
75 86
20 83
8 38
7 9
30 46
63 4
11 44
15 82
18 28
93 88
69 0
34 72
19 36
19 33
35 22
93 41
48 60
17 22
81 69
39 28
42 62
72 11
75 45
64 86
58 69
70 82
12 88
99 74
34 4
88 32
75 72
82 15
87 23
64 34
27 100
45 66
60 85
60 62
66 25
65 60
16 90
17 54
10 9
24 59
11 59
44 7
52 43
2 78
18 10
26 77
32 68
43 3
48 56
53 33
56 2
44 1
20 71
63 90
31 59
46 50
78 77
48 23
38 14
55 3
48 38
31 62
29 100
75 56
58 30
39 87
88 5
40 3
87 51
32 72
92 16
70 100
15 67
41 49
100 50
31 11
83 47
22 74
76 31
87 100
12 58
4 2
70 3
51 96
13 53
10 33
99 89
49 23
47 74
8 24
14 70
6 94
58 7
95 47
51 15
53 95
49 83
70 93
98 50
20 49
69 24
40 37
98 33
35 64
47 27
98 2
32 0
77 87
44 91
15 66
1 91
5 41
65 34
23 54
47 38
67 5
74 42
34 69
42 61
26 94
14 76
3 49
48 3
13 21
0 50
91 39
62 68
68 85
48 85
63 23
49 100
17 35
32 85
40 64
12 42
70 69
64 65
10 10
86 37
99 23
21 72
24 49
75 59
48 96
94 31
14 77
46 82
84 63
97 84
1 10
95 25
29 97
70 74
69 5
100 7
23 38
21 21
80 83
48 10
86 2
55 0
73 88
17 31
20 73
100 86
42 43
49 3
68 17
54 9
54 9
53 5
55 72
65 39
38 48
31 7
63 90
31 59
78 94
0 48
13 32
9 54
64 47
79 61
68 82
35 37
86 74
38 48
8 80
81 22
7 46
86 37
38 5
13 68
52 57
44 47
14 90
37 66
55 72
28 84
18 1
14 95
78 100
19 92
97 84
55 89
69 38
17 69
6 20
50 98
80 25
1 41
21 14
23 92
33 7
28 97
62 70
87 62
38 3
64 11
34 56
33 95
94 42
49 78
27 4
5 100
94 97
73 44
87 25
9 95
0 43
28 71
57 34
44 93
64 47
23 82
21 72
4 92
42 11
70 66
58 25
79 22
43 49
46 95
100 30
39 10
67 65
19 30
30 31
39 79
64 77
95 56
31 51
47 34
10 91
61 5
10 32
56 35
81 9
9 3
62 54
49 10
56 30
24 68
1 90
42 98
80 60
84 30
85 68
0 99
83 27
84 2
55 13
60 31
67 61
100 37
11 15
54 85
66 42
58 72
69 30
64 29
98 23
20 8
36 53
75 87
15 77
2 19
18 98
99 94
96 77
61 70
63 77
89 25
12 22
49 55
43 76
33 60
98 93
28 22
23 52
40 15
73 55
85 67
61 5
18 49
56 44
39 5
48 89
30 49
84 28
44 17
15 68
4 66
98 12
46 55
19 22
7 9
94 67
65 66
45 38
10 63
33 53
32 34
4 83
50 6
30 31
25 27
84 44
59 15
7 52
32 2
31 57
15 40
49 74
33 85
13 1
76 76
95 30
21 25
11 2
19 76
89 41
96 59
4 47
7 49
19 95
49 61
36 73
67 25
98 27
49 66
89 9
84 79
10 67
21 7
92 86
17 100
75 43
57 89
72 37
48 34
38 99
78 11
59 17
23 2
82 86
67 55
4 9
21 6
74 98
55 34
30 68
59 82
59 62
94 69
73 88
89 46
10 67
46 72
95 0
54 43
64 51
26 17
8 57
29 84
47 95
57 24
47 3
43 73
35 90
25 43
91 91
76 65
50 91
57 17
54 93
23 96
63 31
79 15
42 24
28 0
79 26
51 90
98 69
69 60
30 44
89 58
82 91
77 27
20 49
97 100
2 95
58 39
7 2
92 13
83 96
44 19
36 1
91 90
9 45
10 21
13 27
2 6
88 69
37 76
40 34
67 18
65 54
49 96
50 2
96 44
46 70
33 67
10 60
59 69
90 10
89 34
29 40
45 89
78 96
35 80
82 60
22 39
37 66
37 40
57 29
80 90
93 52
23 40
69 81
32 84
58 33
46 11
90 25
27 55
22 98
40 19
6 10
93 96
90 78
72 5
82 25
98 4
78 4
78 87
92 53
10 61
62 21
81 95
83 64
19 21
74 32
49 91
92 31
34 98
18 25
77 19
1 94
10 78
36 79
6 91
4 78
91 92
91 100
75 9
72 93
63 88
16 77
49 76
36 97
42 37
60 5
76 31
84 70
96 80
94 95
60 97
52 0
26 50
81 99
83 70
38 34
10 53
24 89
53 34
91 26
77 21
17 55
4 60
21 92
34 51
98 58
73 47
16 8
56 59
88 21
36 96
9 37
29 73
19 6
25 15
32 27
82 70
36 97
90 78
85 58
19 72
36 52
74 78
82 73
52 32
68 59
87 36
90 4
28 2
60 35
89 11
84 57
17 88
6 88
3 63
6 2
66 73
38 30
96 32
71 33
67 44
22 77
66 77
17 90
18 73
38 24
66 92
100 62
55 19
92 97
23 11
14 43
69 68
15 92
51 17
25 44
8 57
96 91
16 84
54 96
83 15
47 7
34 39
27 69
97 77
72 90
63 19
19 33
37 74
52 69
41 7
3 46
84 73
40 70
95 31
69 90
43 57
38 15
31 99
18 21
48 53
45 12
40 33
3 62
91 62
51 50
54 6
17 41
9 84
79 6
3 26
17 67
87 44
56 68
65 80
13 69
8 89
83 33
86 10
39 26
40 29
3 4
77 51
2 51
22 9
2 80
8 88
42 1
30 93
68 18
4 33
14 29
90 52
