1000
83 76
14 44
32 35
7 2
100 70
30 64
37 81
63 85
81 68
30 61
4 32
1 32
4 52
46 59
55 4
83 56
26 39
31 25
58 86
39 52
67 72
19 7
15 69
58 52
6 60
57 44
91 21
74 12
58 79
70 69
99 28
80 13
29 49
69 29
7 55
23 49
83 79
3 50
8 69
78 78
70 53
93 20
3 72
39 56
74 91
36 62
1 25
84 40
89 76
70 23
0 34
0 32
44 26
93 57
55 70
40 0
99 96
0 72
80 5
94 25
59 28
87 22
25 0
56 2
12 83
31 16
48 72
41 69
44 100
54 75
41 37
21 78
8 33
41 73
41 89
82 43
92 74
77 98
17 66
17 76
90 35
77 68
0 60
68 99
19 10
4 78
79 75
74 65
43 47
79 95
21 75
63 18
42 90
80 60
63 44
71 35
32 51
42 91
5 25
32 40
34 7
36 51
50 5
77 98
72 25
91 50
82 10
45 19
8 65
40 33
16 85
62 29
67 53
15 63
3 42
17 47
10 39
43 54
5 63
70 83
61 24
87 74
71 72
97 85
96 71
35 98
91 94
64 86
1 88
14 40
88 88
44 8
87 41
32 25
52 83
28 77
94 42
32 34
63 30
61 1
26 73
36 39
90 64
100 49
47 96
86 83
38 51
45 26
53 61
53 90
82 62
82 86
15 79
2 32
80 77
42 8
96 63
70 71
79 37
83 92
91 27
42 43
50 96
21 31
57 46
99 97
52 26
32 33
23 51
20 5
21 42
53 80
55 27
53 0
19 32
92 80
20 37
92 70
52 94
63 75
56 24
89 8
72 20
60 72
82 38
22 13
20 19
98 28
78 13
31 53
93 74
62 20
23 99
0 34
69 80
96 82
20 95
48 28
80 67
18 33
68 8
43 17
83 31
52 54
77 42
27 80
93 35
22 96
71 24
35 87
68 80
36 8
46 6
9 13
44 38
17 85
74 29
61 55
46 85
51 99
58 22
90 20
46 36
99 26
93 81
4 22
65 22
27 40
83 100
98 5
22 48
5 40
87 96
34 39
66 79
90 45
48 59
47 92
11 67
69 11
65 80
96 72
82 44
83 84
88 29
62 68
38 5
33 28
12 46
100 47
98 94
38 22
7 68
54 80
88 0
92 72
84 67
16 56
100 74
37 48
98 29
42 2
30 24
61 63
90 24
3 54
20 88
100 37
23 7
11 76
38 47
69 47
88 21
44 2
19 92
23 9
19 24
41 26
1 3
81 54
49 19
33 27
94 42
91 71
50 21
9 92
72 44
32 65
78 95
29 78
29 26
34 52
28 13
22 43
52 25
81 41
93 62
23 26
32 16
75 32
52 19
72 56
16 74
58 64
42 6
33 58
82 48
67 33
6 56
60 3
23 17
40 32
88 41
18 74
57 39
51 63
51 23
1 81
50 98
63 3
82 6
100 33
48 91
1 7
63 55
63 95
3 22
24 13
47 30
39 37
94 75
31 63
67 67
90 2
79 81
10 32
77 69
22 29
11 22
22 51
56 99
4 29
59 63
3 16
48 35
63 80
49 64
81 68
67 55
10 46
39 63
31 75
90 9
32 100
45 33
11 93
33 99
17 72
56 82
78 35
10 69
94 82
90 35
25 8
39 36
41 59
26 57
73 90
51 36
98 17
23 57
91 27
98 52
45 10
26 78
38 76
12 0
14 0
24 34
88 3
12 27
75 92
67 84
0 3
41 78
23 96
7 47
6 86
77 0
45 46
41 89
90 52
78 23
74 45
41 86
80 24
70 86
14 84
23 72
22 4
33 64
29 21
99 41
34 48
95 98
82 39
31 41
61 22
16 60
79 93
59 48
74 34
2 1
24 52
47 24
74 91
59 27
23 22
47 77
48 66
78 87
16 48
78 9
92 57
70 54
3 95
32 4
4 3
48 83
7 66
29 46
96 25
32 48
2 42
77 93
16 28
95 93
23 59
68 87
90 49
68 0
60 84
42 54
33 82
70 67
100 21
98 99
55 18
66 95
28 73
61 23
0 48
27 71
3 93
75 18
93 83
90 78
82 98
7 70
90 0
46 97
13 6
60 61
7 78
88 7
84 21
4 32
62 68
3 76
21 89
64 5
20 82
38 20
34 84
40 58
23 33
34 69
37 53
73 74
40 83
85 79
74 77
70 14
54 8
69 33
88 45
94 70
87 24
77 81
87 77
27 81
26 6
80 14
44 71
68 33
2 24
20 30
14 52
24 68
72 23
10 53
31 60
34 70
99 74
32 83
68 2
63 96
94 99
71 2
63 45
49 3
49 77
85 52
40 29
37 58
98 72
51 69
38 15
19 1
82 39
87 0
24 82
56 71
7 15
37 45
32 37
40 68
38 95
71 60
21 88
89 22
36 77
51 74
37 77
20 42
37 15
89 76
38 91
79 18
0 75
47 30
39 12
47 74
57 9
34 100
47 12
39 56
8 19
8 54
92 28
35 49
94 83
39 69
41 21
34 55
62 33
64 55
73 33
70 2
92 64
46 58
77 10
21 100
72 0
12 48
31 2
48 33
98 100
33 62
96 79
46 29
84 11
80 39
4 52
44 10
13 91
94 52
20 83
48 5
20 89
6 58
37 62
42 26
33 31
56 37
51 80
55 25
16 73
81 87
8 82
94 47
25 60
67 56
49 17
12 34
32 12
40 71
40 37
79 89
36 7
100 68
97 52
24 86
1 34
96 35
8 80
71 82
23 74
38 82
8 3
71 10
32 20
40 0
100 49
52 98
51 94
74 85
96 93
53 38
63 14
1 32
83 95
52 1
13 24
38 98
21 25
69 45
8 61
23 56
1 41
53 34
18 25
46 51
38 56
71 10
69 100
51 94
59 45
6 97
10 42
76 10
67 4
53 95
88 20
100 82
31 42
6 73
40 1
44 31
89 58
64 82
67 81
53 21
52 47
32 99
90 38
37 84
47 48
57 95
66 22
32 34
72 53
18 13
27 84
55 93
39 74
67 87
39 58
12 86
46 22
45 58
12 4
72 76
91 69
7 99
34 45
26 42
83 6
71 27
50 54
35 4
67 71
3 36
23 99
39 70
24 76
98 44
6 26
79 96
24 73
80 16
87 39
2 58
85 31
80 54
34 0
84 12
28 2
90 49
14 43
45 39
56 98
63 37
71 67
64 92
16 49
27 16
92 91
59 95
87 5
46 6
8 63
11 54
13 66
91 93
5 25
47 64
14 7
55 7
7 63
53 59
18 53
96 38
64 60
53 3
7 67
40 3
77 94
7 68
0 36
21 39
100 85
74 92
25 3
56 5
53 22
78 54
26 53
42 67
77 0
13 73
32 7
44 89
64 54
76 66
61 88
8 26
69 72
38 42
44 1
83 41
79 93
46 15
45 73
100 38
3 78
4 40
48 12
91 59
45 54
61 54
20 57
23 13
84 20
51 25
90 24
38 36
7 64
22 75
88 44
88 30
53 14
61 77
4 79
27 12
35 75
61 68
39 94
43 41
100 8
80 13
71 39
96 20
2 80
65 37
27 21
81 49
53 51
47 33
56 63
90 99
65 96
41 77
17 83
76 76
12 42
42 7
61 89
39 51
17 61
80 19
25 94
29 45
58 15
28 0
71 40
27 47
79 44
29 29
70 63
10 43
39 73
52 60
35 61
5 59
49 41
50 89
93 7
27 67
17 35
22 55
58 98
36 22
87 31
58 74
99 55
59 20
86 65
56 86
62 61
39 89
93 23
45 19
2 14
34 5
40 76
11 74
76 19
95 52
75 93
13 53
76 18
70 55
70 97
46 0
19 88
96 46
38 50
92 84
73 92
39 57
92 28
6 75
54 13
87 14
43 90
90 26
45 25
56 44
48 86
46 51
13 38
0 11
27 77
2 69
45 42
13 13
89 58
27 28
2 56
35 52
35 20
71 31
4 20
5 11
92 20
82 47
15 96
67 79
73 7
6 20
94 14
69 95
55 48
94 64
56 63
56 58
34 26
51 47
91 41
95 91
69 99
18 18
6 82
33 41
21 48
73 3
39 54
77 14
35 22
34 92
33 93
85 58
16 65
55 20
57 94
64 89
63 7
41 62
5 63
52 9
14 36
96 60
63 39
38 40
73 41
53 33
79 27
5 62
49 31
53 87
5 23
16 68
53 59
34 45
86 73
37 32
6 15
72 39
79 1
4 4
48 89
22 6
100 58
85 37
35 10
95 32
53 96
80 68
55 45
85 98
25 3
94 61
69 47
85 98
69 66
3 27
64 49
46 77
47 73
52 33
91 100
4 55
24 73
32 66
99 27
50 97
91 14
53 13
16 5
96 99
11 1
65 16
80 78
23 53
53 73
7 53
90 13
79 25
47 51
43 8
10 31
71 4
87 94
3 90
79 88
81 32
15 19
79 81
86 42
25 20
41 80
66 33
17 53
65 39
38 30
62 34
44 67
77 94
59 81
4 77
71 34
16 57
86 47
34 45
82 68
36 60
76 39
85 63
73 67
