1000
8 28
59 88
22 71
53 52
97 2
76 69
93 99
36 22
91 94
57 42
83 6
6 28
57 35
21 5
67 13
12 21
35 2
40 46
67 100
22 52
12 93
78 54
69 40
73 88
43 92
10 31
2 41
35 30
60 76
14 2
40 25
32 59
51 93
12 53
12 43
17 100
47 9
51 62
65 11
23 80
43 35
20 92
80 69
21 49
16 85
28 81
69 10
83 68
37 61
23 52
11 2
81 46
20 55
3 15
38 46
30 29
7 15
17 37
83 67
89 7
2 96
96 72
78 91
9 87
32 96
61 83
19 2
39 74
60 72
9 82
10 2
11 24
77 77
35 87
7 97
86 0
97 82
92 19
57 6
69 93
98 85
12 77
32 19
77 93
87 43
64 54
81 47
39 50
85 60
96 80
67 2
23 8
54 52
3 9
71 20
39 96
96 65
85 79
85 96
75 51
92 5
100 89
45 61
25 28
32 16
98 2
21 47
26 51
25 74
12 47
15 43
68 75
27 62
30 9
13 39
84 6
78 55
71 46
41 42
95 93
5 10
75 69
57 37
31 99
33 88
74 13
12 48
54 0
96 66
58 26
37 18
56 12
79 58
84 69
94 33
29 72
52 66
33 12
70 52
99 95
36 78
96 13
24 23
68 16
92 82
40 73
87 55
34 23
23 55
10 42
59 86
10 12
52 71
36 79
47 12
96 18
16 12
67 38
62 78
10 58
48 74
71 24
28 34
3 4
87 55
79 55
98 81
29 73
17 50
64 74
27 88
10 33
86 89
31 6
56 54
71 55
91 57
0 93
24 78
14 61
75 86
86 28
48 69
22 84
86 73
92 22
78 32
45 43
8 85
82 70
80 54
67 13
49 80
17 89
25 41
9 1
56 94
14 37
14 50
68 58
12 9
59 81
7 51
2 37
2 65
52 56
81 61
19 9
66 7
41 9
18 25
34 44
53 75
82 5
98 36
87 15
81 18
66 85
30 27
80 26
50 95
31 22
11 11
4 43
38 22
80 64
13 58
3 54
46 31
95 58
14 50
86 83
81 27
57 12
28 9
11 52
89 5
33 98
45 81
54 43
53 25
19 65
86 68
38 57
81 28
97 12
100 7
55 24
62 62
7 87
8 6
14 81
46 16
34 51
30 69
19 89
72 44
6 1
98 56
71 72
72 94
17 43
23 47
10 15
69 21
84 93
14 94
77 5
67 7
70 49
33 98
84 77
28 44
77 76
37 72
10 88
85 32
92 74
2 30
41 13
17 13
21 90
59 97
85 93
35 71
1 14
29 99
58 2
67 94
97 92
20 10
34 55
20 62
80 78
97 42
12 30
30 30
3 64
35 23
45 21
44 50
54 28
42 19
16 74
36 42
6 37
55 53
22 96
20 31
18 50
12 35
77 86
3 81
99 27
44 3
87 21
17 66
96 8
98 16
57 91
48 98
66 7
58 12
2 7
6 9
85 9
50 58
90 69
81 74
72 63
50 97
2 13
57 4
53 52
47 9
96 33
50 18
9 14
24 11
28 57
47 56
42 85
16 9
17 55
65 60
50 29
48 37
23 21
43 39
99 17
26 13
93 74
0 19
12 10
18 17
1 89
55 19
9 88
77 2
7 92
37 47
24 9
93 94
84 38
11 60
85 68
52 44
66 25
2 85
9 7
93 21
64 88
17 92
96 81
83 63
51 44
12 74
68 95
35 22
28 20
20 12
6 16
64 41
54 57
37 10
69 19
52 73
85 38
82 32
23 90
82 69
1 89
92 18
1 8
99 18
65 60
28 57
13 81
68 37
47 42
7 0
27 62
13 7
43 6
21 11
35 12
43 8
92 100
90 11
46 17
9 58
40 14
84 91
88 25
31 81
64 67
73 16
1 38
67 29
51 20
46 13
3 83
79 1
19 100
81 46
25 48
74 39
65 82
98 95
60 37
26 24
85 92
0 32
84 46
78 45
5 36
59 15
17 23
53 30
76 8
59 92
17 88
22 56
16 96
43 79
73 69
25 68
87 60
44 28
80 52
53 75
71 90
86 4
43 31
58 32
2 23
86 91
17 46
50 57
31 68
58 79
60 97
26 69
76 18
68 18
36 80
63 6
91 70
97 43
71 0
86 86
3 56
75 92
63 88
47 17
80 30
88 30
24 11
99 54
94 88
23 84
50 70
45 75
12 66
6 97
59 65
34 72
73 81
89 39
27 2
62 66
46 31
54 92
75 31
13 50
44 75
49 85
91 17
9 54
13 100
25 48
92 97
27 3
89 30
91 81
92 14
3 48
92 69
33 66
59 57
59 3
66 34
84 58
68 27
38 96
40 53
34 26
4 1
86 43
45 63
35 65
96 37
93 59
45 67
71 36
88 41
37 22
29 8
52 17
46 10
16 91
27 58
85 6
14 40
43 54
56 56
19 76
94 5
50 0
47 72
64 25
88 95
73 8
34 53
37 58
58 96
45 62
35 50
13 26
61 82
2 79
88 14
28 15
43 27
61 11
15 22
20 44
32 75
80 86
29 35
70 27
36 19
58 62
76 93
61 2
13 67
32 35
97 63
3 31
3 9
11 55
96 51
41 47
41 73
96 7
93 13
4 39
30 0
12 76
20 89
24 82
61 34
1 30
98 14
24 84
84 34
33 71
87 63
54 72
12 6
30 71
25 87
64 33
62 54
33 94
47 36
23 43
100 57
33 25
23 92
36 42
7 6
54 30
82 68
12 71
97 74
33 27
46 100
16 90
42 39
39 39
39 39
43 75
56 19
0 77
90 55
52 3
67 97
73 17
31 60
0 49
81 30
72 78
96 86
42 89
30 14
37 37
76 48
92 61
18 50
86 43
34 32
28 46
80 7
90 3
91 1
44 71
82 60
85 76
82 49
15 23
23 10
14 1
25 37
3 52
42 3
34 62
65 9
79 64
67 84
55 82
18 78
7 80
10 1
12 23
45 73
78 27
18 41
86 1
26 74
13 44
18 16
53 52
25 17
9 88
45 7
56 82
53 22
78 39
10 5
15 35
54 13
97 73
78 7
3 75
93 86
6 79
95 91
97 2
80 94
7 12
37 83
97 45
84 3
63 53
41 62
14 91
56 82
12 37
15 73
41 72
7 38
40 51
86 29
74 24
13 57
60 14
63 33
93 48
44 53
57 78
99 61
20 17
5 11
19 27
4 34
80 16
38 69
72 67
76 76
53 42
33 75
5 20
70 20
91 62
96 99
63 19
46 98
85 49
40 35
36 46
85 72
64 13
41 63
31 79
31 69
79 10
65 19
16 38
72 8
89 84
45 97
91 9
100 62
83 71
60 96
75 61
18 13
24 26
86 10
26 71
83 90
33 43
18 73
14 5
39 73
62 35
43 56
48 43
50 61
2 27
65 49
19 61
68 63
45 55
52 29
91 23
73 12
97 68
1 7
63 55
25 40
41 62
52 55
64 12
63 67
65 2
82 91
74 99
97 89
44 17
62 85
41 58
94 24
95 93
48 9
44 27
40 93
40 97
63 82
42 61
31 79
12 64
13 44
45 76
4 34
40 69
8 55
42 37
39 84
96 22
99 73
58 18
43 9
57 41
44 29
85 67
97 38
100 27
85 87
75 80
27 24
10 8
66 23
76 41
37 91
3 34
54 16
99 40
72 31
52 58
11 54
16 93
32 16
39 90
28 71
2 26
100 68
40 24
19 50
68 59
61 96
98 89
30 41
14 100
1 94
98 72
35 49
97 3
93 40
69 93
4 57
76 87
20 95
52 38
16 10
52 82
48 29
26 53
61 43
47 36
8 30
40 68
43 54
86 64
44 49
22 99
4 38
82 96
47 70
54 86
15 71
76 68
61 85
6 58
26 57
81 8
67 83
30 9
48 23
35 88
9 10
21 83
63 80
16 56
19 41
38 48
44 66
36 25
9 66
75 47
66 79
38 39
11 87
97 72
87 22
80 28
97 94
70 7
48 32
27 35
94 95
61 64
90 90
44 92
77 10
18 87
61 50
72 23
31 63
35 46
15 98
34 0
45 23
14 63
95 51
25 46
22 71
92 41
90 61
37 42
72 81
24 28
97 49
10 37
64 14
8 87
48 79
65 94
97 4
50 52
81 8
54 69
19 58
31 80
1 55
53 37
70 60
87 96
5 76
91 25
76 77
17 50
15 3
93 69
78 52
37 34
18 17
35 67
94 54
98 76
64 76
12 27
5 50
31 15
70 72
53 49
44 52
99 96
87 100
46 18
18 100
96 9
91 39
50 44
81 1
23 38
62 3
40 51
13 37
32 46
61 95
71 21
77 75
88 63
59 30
92 9
61 46
40 56
44 10
97 26
85 69
22 19
100 17
57 65
31 9
6 95
61 48
42 73
79 69
18 13
30 29
94 52
75 3
79 10
20 9
8 54
16 30
25 42
49 31
49 80
13 2
51 92
73 95
16 33
17 17
8 44
65 71
100 0
57 17
84 45
48 76
21 33
39 46
97 57
1 59
83 20
18 95
81 81
27 50
