1000
92 69
88 5
6 11
92 14
76 43
57 10
41 34
32 82
32 20
68 52
67 26
98 75
7 44
66 69
34 15
98 11
28 56
36 55
27 9
27 93
50 35
55 33
12 65
72 56
44 10
73 35
75 100
82 85
64 22
16 87
59 63
96 74
22 73
15 82
25 16
23 82
23 36
14 27
37 62
57 26
3 16
93 66
24 72
13 41
5 17
83 24
55 55
78 30
49 58
78 46
44 24
54 39
27 55
39 17
57 94
90 19
18 70
41 45
5 54
92 57
33 45
64 83
66 18
89 49
83 15
66 19
60 41
63 31
28 65
95 66
27 4
78 69
17 19
16 79
83 28
48 0
70 15
21 27
1 76
32 4
34 12
96 67
21 24
55 61
78 66
7 58
78 85
39 45
7 21
57 3
17 27
16 44
58 84
3 31
27 47
99 45
39 54
46 16
44 0
73 94
72 10
8 89
49 81
18 74
19 65
35 80
38 41
33 7
95 31
78 45
84 16
70 13
2 45
88 52
93 22
58 39
29 9
46 73
45 39
4 93
57 83
5 60
16 89
73 31
52 55
18 95
2 56
29 31
8 97
32 29
83 71
35 82
23 10
43 54
70 55
20 5
15 56
48 62
45 68
53 39
61 44
100 84
39 34
52 86
76 83
58 5
4 54
93 94
53 12
54 61
6 11
4 18
73 34
3 14
70 51
23 70
15 48
17 49
44 18
74 59
71 23
60 92
33 49
90 82
69 44
85 23
50 65
24 41
96 93
20 17
58 71
70 0
0 4
79 26
13 97
7 95
67 67
70 4
76 16
99 31
27 36
91 7
79 26
6 0
30 31
94 35
21 63
80 44
29 45
44 24
96 78
51 2
92 34
94 92
53 87
99 27
3 82
83 40
25 16
19 2
97 8
54 16
33 1
97 48
64 92
45 68
75 40
61 13
52 78
74 41
59 74
10 1
80 70
31 95
4 31
95 37
31 20
25 31
64 85
53 75
46 61
4 1
53 86
42 88
32 73
14 59
53 39
94 65
14 57
23 71
41 65
70 9
71 67
31 72
68 48
5 75
56 56
17 5
79 83
78 68
31 7
89 77
92 3
17 61
92 14
42 9
68 37
13 40
16 43
95 86
45 55
26 68
19 21
59 28
16 67
7 70
85 1
64 88
60 83
16 54
7 67
53 62
69 86
12 100
45 1
14 3
79 69
4 20
32 37
64 30
36 51
93 18
46 6
100 26
35 37
18 85
51 11
34 78
31 85
79 30
78 38
67 35
32 52
68 57
64 39
98 22
69 44
59 61
21 14
96 35
24 43
67 49
71 67
48 39
15 61
68 71
72 36
55 88
97 29
67 67
39 60
25 79
96 54
63 32
8 48
34 8
29 91
76 61
14 18
24 70
0 100
9 96
72 56
16 84
61 16
96 70
80 3
18 100
69 17
65 24
23 30
74 81
64 57
49 38
95 80
53 78
61 32
72 98
51 14
34 1
5 32
51 14
4 93
10 39
19 35
52 62
83 49
44 1
50 85
38 77
58 16
36 52
14 14
65 20
46 16
10 100
4 89
25 7
18 1
42 100
18 58
55 42
65 0
2 16
76 21
84 88
6 49
76 63
17 95
96 77
49 86
61 64
12 98
51 97
68 35
17 25
31 51
40 70
76 28
63 72
16 46
98 16
5 29
52 46
19 29
27 66
100 94
70 35
66 52
100 37
18 62
38 37
92 79
1 30
28 10
80 89
17 32
64 75
21 1
30 69
8 88
33 8
43 6
74 25
62 63
75 83
48 57
44 56
1 62
58 71
57 94
60 41
58 55
19 19
99 35
93 76
2 17
54 33
51 45
33 12
42 94
83 77
34 6
49 96
22 22
4 89
70 45
83 33
31 28
37 11
24 45
20 94
66 21
91 100
37 91
27 74
41 12
31 30
76 34
91 7
72 30
49 98
81 15
48 48
15 29
26 99
50 74
91 13
66 32
13 10
82 46
39 69
26 82
5 65
79 5
8 95
77 92
58 35
24 33
45 43
24 100
58 25
88 100
2 22
48 76
71 72
31 89
28 13
14 73
55 21
75 48
38 30
23 39
21 34
43 21
7 51
12 10
63 68
93 46
18 49
64 8
81 27
90 48
20 21
7 3
45 29
86 88
65 28
26 94
60 14
38 3
95 45
5 12
35 64
0 26
96 53
30 39
54 26
68 25
16 79
75 42
52 27
29 8
62 32
98 21
25 11
41 12
54 34
39 45
38 29
99 21
69 68
79 90
4 73
4 56
62 79
88 99
100 50
46 96
25 72
65 37
72 19
18 63
16 95
24 3
40 72
29 55
76 27
1 54
14 79
66 49
77 34
37 53
30 4
47 75
17 41
6 0
82 34
22 48
57 75
42 27
41 87
31 27
87 40
69 57
90 57
0 36
25 42
4 76
26 26
30 80
43 5
75 75
24 13
87 60
63 49
92 72
8 9
35 70
39 71
82 87
57 80
0 45
79 37
90 75
77 14
92 44
98 28
60 0
39 8
65 50
45 39
92 22
11 82
15 32
2 15
63 62
26 65
43 24
81 84
31 60
97 75
46 94
32 29
0 9
96 25
38 47
95 89
47 57
15 57
13 89
88 3
52 65
46 15
85 54
22 18
58 76
90 44
94 22
62 29
78 59
63 38
36 31
12 29
53 22
6 33
67 66
73 19
16 34
69 66
23 94
77 64
7 39
68 7
77 41
64 64
48 25
37 26
99 75
70 25
63 22
54 26
24 46
98 1
84 93
44 62
25 58
27 51
86 99
11 94
16 60
47 23
0 9
35 2
20 29
59 74
45 58
15 67
21 72
50 52
95 6
28 19
28 66
85 45
5 39
70 81
62 95
86 4
2 22
35 16
23 90
54 62
35 12
59 88
66 12
57 100
11 67
12 48
66 98
81 96
11 53
13 17
59 88
76 22
2 36
36 84
80 68
98 5
61 78
6 95
83 62
5 29
32 23
50 9
86 79
25 92
65 89
5 60
100 21
7 39
7 9
51 86
81 14
91 91
42 61
59 8
36 23
98 35
28 77
68 43
91 23
9 50
24 34
67 49
4 1
52 32
92 34
14 99
62 47
63 97
4 2
96 75
60 12
31 15
50 55
12 98
95 29
42 35
97 30
58 19
27 22
32 61
71 10
4 26
1 89
39 71
98 5
69 74
30 57
52 73
1 8
53 13
78 97
27 85
100 81
89 50
87 21
78 38
36 62
20 34
11 41
78 39
48 22
22 84
17 9
32 54
17 56
82 76
9 35
6 94
69 85
94 73
74 96
93 21
22 34
26 91
52 99
62 69
34 63
87 15
69 51
54 54
42 2
73 40
10 84
83 51
38 6
60 87
61 20
85 45
63 24
21 37
43 54
61 18
64 85
52 4
53 63
64 86
55 12
78 7
56 99
53 21
88 57
85 67
64 53
37 71
94 91
20 7
50 26
35 45
90 79
93 70
23 77
65 14
53 22
71 73
48 26
43 13
61 74
47 19
79 84
67 63
22 33
5 40
36 36
71 9
24 55
48 40
77 62
15 73
33 63
24 29
27 42
69 3
84 89
63 15
16 88
63 51
64 60
63 6
35 50
19 48
21 45
34 27
57 57
0 96
19 97
0 60
94 12
93 89
21 30
53 21
34 94
99 80
39 32
48 69
89 31
67 48
72 47
92 0
67 83
23 41
65 57
95 27
28 41
73 67
13 82
11 48
52 52
14 94
2 91
8 2
87 73
95 69
46 82
86 72
19 61
57 85
86 94
99 9
59 96
75 29
99 62
33 16
18 64
43 85
6 43
73 85
4 12
54 25
29 66
58 62
31 60
100 7
53 7
34 98
55 31
3 53
28 92
94 64
83 40
66 40
76 52
51 60
5 9
39 21
20 33
81 7
2 22
15 52
70 83
63 76
2 40
38 54
67 69
23 55
12 78
10 34
35 15
97 25
90 93
16 25
6 65
25 37
65 36
88 25
96 47
95 65
71 72
28 21
99 74
61 69
59 21
30 70
52 30
32 7
53 39
38 65
33 32
89 98
97 27
16 65
79 100
83 28
8 30
66 97
7 81
10 68
24 55
40 0
35 40
35 41
89 15
31 9
85 65
55 25
20 88
100 77
87 35
46 54
21 42
36 59
66 100
21 10
50 82
23 43
31 60
17 83
59 42
59 46
94 54
73 57
95 19
23 84
49 36
35 9
2 86
43 17
40 61
30 26
85 65
62 83
17 6
23 78
61 83
59 33
27 62
25 64
26 73
70 61
52 32
37 85
48 0
82 40
17 42
26 13
92 92
97 8
14 11
33 72
37 80
6 11
52 53
4 56
95 33
18 7
23 16
27 36
91 31
38 7
32 12
24 0
85 67
56 10
82 45
43 38
76 52
67 41
21 63
56 92
60 34
11 47
56 26
45 95
5 92
9 7
5 26
66 93
5 14
92 58
56 72
81 46
3 36
78 85
71 2
55 16
84 33
75 7
18 86
45 37
