1000
73 100
3 17
29 42
58 74
82 63
16 74
48 40
27 52
40 89
39 10
22 70
68 63
68 16
37 20
25 46
43 100
60 80
56 58
13 88
84 68
1 48
46 53
61 77
74 95
23 1
94 15
49 34
4 14
76 91
47 6
74 61
3 70
95 95
97 10
67 2
30 66
59 35
81 53
84 20
91 31
37 91
99 23
76 28
79 30
93 26
85 63
70 66
23 88
9 59
15 79
100 92
47 78
14 4
32 79
38 46
69 91
86 5
91 76
62 34
11 10
96 42
88 13
94 43
13 64
91 26
36 58
14 71
48 89
22 45
85 52
61 5
72 26
16 2
20 79
42 46
83 80
24 99
37 70
99 81
65 78
56 84
11 3
12 77
51 10
29 79
87 66
14 2
45 35
25 66
77 75
17 58
61 99
76 26
63 45
33 15
47 56
22 20
3 96
53 59
48 12
13 6
34 100
63 9
88 43
15 40
10 6
72 35
92 92
23 63
83 88
57 77
65 10
65 13
63 90
25 94
14 83
0 92
14 57
43 53
66 38
83 66
13 56
67 34
43 13
6 66
89 83
71 9
67 25
27 48
61 63
10 49
85 46
60 79
61 97
42 24
69 40
46 7
20 40
1 53
29 2
6 82
56 40
62 87
24 44
49 1
93 94
35 96
74 86
19 37
87 43
30 18
53 50
56 76
15 18
12 96
52 99
62 95
5 12
0 15
21 61
48 33
1 81
70 78
66 22
17 17
2 73
91 37
29 28
6 39
46 55
26 77
33 43
43 68
4 5
83 44
64 61
6 8
24 37
50 43
97 63
66 21
82 30
24 58
34 32
75 1
37 0
38 100
93 90
92 0
80 48
5 55
15 68
82 64
93 49
86 62
6 54
19 57
42 79
16 9
54 4
67 16
35 42
14 16
62 70
81 60
14 65
18 29
54 12
8 34
92 95
23 63
87 64
0 70
31 65
47 56
45 34
13 92
8 1
65 16
25 3
95 33
3 60
82 15
88 53
44 89
58 43
24 53
14 71
34 67
71 58
10 44
89 38
67 29
4 39
49 42
56 23
3 99
35 20
8 99
8 13
36 91
11 19
90 32
67 5
49 92
42 92
5 10
82 82
31 8
70 67
43 48
88 14
46 57
80 3
0 9
19 68
5 49
0 15
33 1
72 30
59 65
47 31
73 13
4 98
41 85
68 66
68 3
68 98
76 78
45 53
47 63
80 26
100 97
98 57
12 8
98 5
45 18
30 1
78 7
81 80
89 44
70 82
66 64
35 57
91 88
92 100
82 43
15 24
93 95
36 99
45 92
20 72
38 22
73 30
42 20
78 86
94 59
14 7
74 97
92 60
24 98
46 42
59 64
46 96
94 58
33 12
5 9
89 89
69 99
88 45
74 100
76 100
79 86
91 19
63 5
48 46
34 88
100 39
61 31
73 11
57 91
83 32
87 97
21 16
41 64
72 55
56 67
74 72
64 47
52 46
47 19
70 54
78 95
85 24
96 23
30 1
21 6
35 32
51 10
36 3
7 49
57 24
63 84
3 72
73 33
18 7
36 30
93 14
86 52
87 1
55 96
67 37
33 9
62 69
33 27
84 45
69 28
79 61
8 37
84 0
81 48
68 41
49 64
18 43
65 45
54 84
57 87
18 2
94 30
1 4
72 57
62 77
48 87
55 13
62 27
97 99
1 11
19 49
12 53
37 91
69 94
83 37
61 55
13 38
0 85
44 51
54 85
39 92
15 65
22 62
45 100
51 69
54 94
52 6
8 17
98 14
80 1
43 75
52 11
3 48
53 72
13 85
6 88
78 34
78 29
51 17
97 77
1 20
28 87
17 49
37 2
39 61
5 59
87 80
14 53
36 71
13 8
96 29
45 66
43 58
87 56
10 23
9 35
9 5
3 17
99 94
25 87
35 0
67 27
68 26
5 12
48 88
74 32
95 96
21 99
6 81
100 94
26 20
65 60
77 13
37 57
12 55
21 62
39 12
65 37
58 44
100 17
27 43
51 21
49 27
6 68
42 51
52 97
44 13
51 73
38 21
21 10
14 18
34 37
45 88
76 26
20 75
77 5
56 62
54 61
83 28
41 27
50 78
74 1
56 57
36 72
79 97
48 42
94 42
51 68
62 31
32 65
72 83
5 84
13 72
26 8
56 94
88 38
78 59
91 93
0 76
12 72
18 100
10 54
88 31
73 75
33 7
95 33
31 4
53 62
17 92
59 16
100 6
9 8
59 28
87 6
94 14
6 93
29 6
25 10
6 35
9 94
9 87
10 55
22 10
32 25
88 98
76 37
54 99
99 73
89 41
25 82
10 82
12 26
38 46
12 34
39 64
5 31
63 73
30 15
27 29
52 70
80 48
31 1
66 79
27 33
59 14
68 59
16 73
39 21
30 89
34 25
17 59
15 34
40 77
87 43
100 78
65 25
7 67
25 0
45 81
32 61
0 100
22 37
71 30
65 81
13 69
60 91
4 72
85 64
98 78
53 8
68 61
29 70
2 56
57 60
14 17
47 6
75 69
1 43
87 10
64 69
48 11
12 29
11 49
25 10
40 17
3 66
95 54
52 78
26 93
60 23
33 46
88 91
56 94
54 51
77 97
34 8
23 60
5 78
51 28
95 90
65 67
79 21
2 30
28 98
8 94
56 32
0 26
59 65
100 86
9 15
87 86
2 12
85 13
9 47
88 67
82 78
20 22
60 87
9 27
12 49
88 83
7 11
59 55
24 0
84 77
9 52
42 67
87 8
93 33
68 1
51 74
15 62
42 70
82 38
69 41
7 61
17 2
43 87
52 80
8 69
44 63
61 7
42 79
8 60
87 38
100 80
93 7
94 74
77 92
18 52
95 72
99 54
4 78
58 88
40 27
0 83
57 80
50 34
14 33
67 79
99 96
35 84
50 28
3 3
10 24
21 9
19 40
15 16
22 9
65 98
11 95
55 67
84 76
33 66
67 46
55 85
90 54
48 40
53 95
42 60
31 82
71 77
75 34
52 91
89 50
62 31
7 57
22 58
57 0
0 0
0 14
36 33
92 45
18 74
51 88
49 46
10 41
22 80
52 15
81 73
79 11
67 93
39 30
62 6
72 16
47 8
11 34
34 50
9 0
51 58
47 63
0 57
22 99
91 39
52 37
69 7
61 47
30 1
43 38
63 84
41 76
30 50
31 94
84 28
36 41
84 25
68 54
17 91
52 77
35 31
76 63
58 15
48 91
28 23
82 4
17 24
48 88
81 26
39 92
39 72
56 81
14 53
14 54
27 98
99 91
96 58
100 66
51 55
26 69
63 38
41 13
24 12
97 86
47 12
62 97
59 90
13 79
81 100
41 22
55 54
47 35
28 77
67 89
39 87
0 88
40 94
27 23
6 44
30 8
36 63
83 91
38 92
28 85
59 27
14 24
58 2
42 69
80 8
82 58
75 26
70 1
13 12
26 53
40 90
59 10
84 62
68 2
48 89
66 60
35 55
45 4
31 63
13 74
37 91
57 71
81 29
72 8
79 81
5 60
39 22
71 25
75 87
10 50
49 88
24 45
46 32
3 52
30 95
48 28
53 13
97 16
21 26
93 59
82 85
26 74
2 63
61 55
2 54
2 77
23 23
67 15
50 63
37 69
55 25
36 42
61 32
66 26
55 82
91 64
5 100
0 57
38 53
21 33
88 17
40 32
64 46
82 68
33 80
27 76
94 62
53 71
14 36
39 64
57 82
50 100
73 67
64 39
10 85
10 3
58 76
37 94
83 26
22 38
66 65
80 73
11 96
46 7
96 17
13 35
76 23
75 11
58 6
79 22
15 95
76 72
80 42
89 95
65 55
54 2
24 20
75 40
72 88
5 73
83 95
78 88
2 58
97 18
90 12
31 25
34 56
86 2
66 90
67 3
78 84
18 7
41 92
83 100
0 26
0 28
39 55
77 42
33 47
8 24
70 90
45 84
73 66
20 52
56 99
100 71
41 71
96 43
83 53
19 29
10 51
73 38
94 96
42 5
85 76
78 64
34 59
14 27
74 16
37 14
7 82
77 0
94 63
75 12
41 0
20 41
32 64
91 76
72 34
84 61
33 6
97 80
23 52
68 88
77 65
84 23
79 8
61 51
8 35
84 62
49 85
71 13
52 61
34 41
97 16
94 75
31 56
65 0
99 5
80 30
71 90
27 62
92 0
70 56
6 0
48 1
39 91
82 72
70 17
76 12
20 86
73 35
91 44
91 89
64 60
2 47
65 71
13 63
30 98
36 90
30 61
53 54
7 29
1 61
49 46
49 63
76 93
41 85
96 0
28 55
90 83
100 28
31 82
60 35
24 6
65 71
30 27
18 53
85 2
35 61
50 65
24 57
25 40
94 19
65 82
80 68
1 74
91 71
99 3
85 29
75 99
54 40
80 79
36 43
82 100
70 0
68 90
59 100
88 87
59 9
63 52
45 85
31 92
20 69
91 56
33 100
70 66
57 14
35 70
9 60
