1000
78 3
66 82
45 24
87 61
2 83
2 13
77 57
85 49
51 29
74 95
73 57
67 34
77 81
20 11
26 97
57 40
96 24
37 89
30 98
69 67
31 94
97 66
92 8
63 60
28 11
38 81
98 96
19 13
34 60
41 71
74 99
90 21
63 46
20 50
73 59
27 1
6 77
95 49
3 40
73 34
58 51
85 22
36 68
60 79
44 96
95 83
86 96
35 81
36 82
20 56
59 86
88 38
54 25
85 17
35 2
43 24
65 7
17 79
88 31
78 21
55 25
45 61
51 27
60 94
83 39
37 86
87 8
49 55
34 48
7 0
29 72
97 79
11 64
79 59
59 13
33 22
45 96
82 100
93 32
10 76
46 57
53 1
42 94
2 45
55 52
56 36
48 13
59 78
81 74
73 29
100 39
0 0
87 39
48 27
33 27
92 82
4 2
20 38
39 6
20 37
100 71
17 39
38 61
29 91
74 73
79 90
97 18
79 93
79 45
31 33
73 61
11 66
56 84
44 95
5 77
56 80
72 78
69 17
77 78
22 76
33 8
89 66
1 93
24 91
96 39
15 50
7 43
60 3
51 19
63 16
21 94
71 93
12 30
66 88
82 17
35 26
51 43
73 6
77 32
72 76
35 46
86 27
13 3
32 5
100 39
99 77
62 1
43 95
62 8
79 24
19 22
3 52
84 30
48 62
39 93
69 4
87 15
84 91
56 9
97 89
9 72
65 35
69 48
51 61
93 25
31 41
32 6
22 10
11 78
71 92
89 3
70 49
27 74
8 10
81 41
85 30
88 0
34 47
0 3
3 84
33 44
5 40
3 22
68 97
96 4
22 52
86 98
52 78
69 66
64 53
27 21
83 33
30 92
19 1
16 65
71 97
2 94
15 42
38 1
39 29
37 5
17 0
98 53
84 69
80 26
36 43
40 91
89 93
54 6
71 78
10 7
35 93
20 8
39 52
55 65
57 96
35 56
15 71
75 27
72 57
36 51
20 51
77 48
9 38
63 22
49 16
29 65
50 90
4 5
70 58
37 94
86 91
11 49
71 13
12 26
29 9
38 5
8 13
52 78
54 74
74 87
95 56
76 22
84 92
58 37
55 45
74 42
27 19
71 23
38 30
88 57
88 47
51 18
25 18
63 29
1 83
66 71
95 52
15 80
63 56
65 87
41 3
51 57
64 37
28 59
46 46
4 50
32 74
27 10
82 24
70 69
4 71
57 96
100 48
84 49
8 79
79 93
27 19
9 14
46 64
81 54
31 7
30 40
73 68
92 14
26 15
94 59
29 11
31 36
0 72
65 23
89 12
73 49
48 54
42 17
18 94
87 90
20 8
9 100
23 77
93 75
59 4
70 3
77 83
16 3
94 55
45 62
51 26
20 96
16 18
21 100
47 71
78 26
40 66
31 28
19 93
33 18
74 84
82 81
59 72
48 82
23 76
14 99
2 74
33 1
93 57
82 62
9 78
24 20
47 21
70 71
78 14
57 86
51 70
17 92
63 100
73 25
57 88
39 78
69 0
57 69
82 95
34 19
62 8
39 63
18 34
62 84
53 83
51 14
27 67
26 12
50 42
52 20
8 25
47 11
98 21
82 28
56 23
11 71
49 22
49 81
82 67
63 47
24 18
35 56
57 89
91 60
78 25
82 1
92 77
36 51
19 72
50 24
57 19
23 81
26 35
62 72
45 58
0 8
13 40
28 48
77 3
13 6
68 55
66 18
88 76
2 40
83 91
77 33
62 36
52 35
30 50
64 66
53 8
86 6
17 0
18 19
76 75
2 8
26 79
1 64
70 38
64 3
26 97
16 6
56 28
98 73
33 21
15 80
36 81
38 8
34 50
4 24
35 100
98 35
17 84
100 30
59 60
9 27
93 50
25 41
86 86
78 19
59 64
12 88
1 97
86 57
17 9
86 32
47 59
18 76
85 30
96 61
77 8
13 84
70 74
58 17
100 3
71 68
2 50
30 29
46 83
84 16
82 85
77 99
87 23
27 84
60 61
53 41
60 39
38 56
13 30
76 26
36 27
39 49
34 20
80 83
31 31
52 79
0 9
93 38
75 60
95 22
39 58
31 77
64 83
69 53
59 46
2 86
68 13
98 32
61 60
56 50
11 60
96 35
39 64
49 51
3 9
5 20
79 34
83 25
100 0
12 18
74 46
100 20
30 63
59 14
41 62
27 99
28 89
51 92
84 95
8 19
11 84
83 22
85 50
61 63
22 98
34 64
70 13
12 14
91 12
11 72
91 71
59 68
96 71
100 51
61 49
75 21
55 30
32 94
5 78
8 3
13 85
0 53
74 59
39 7
24 1
71 98
66 53
56 82
88 47
91 28
21 47
9 8
91 37
66 42
40 77
28 17
84 62
18 61
39 56
94 52
48 30
52 23
97 55
16 50
40 95
36 97
37 46
76 95
36 89
91 3
7 55
92 20
89 49
3 63
79 77
94 20
46 1
50 3
55 82
52 74
58 63
1 20
91 6
44 16
5 41
12 44
15 80
53 55
22 71
71 67
19 21
6 12
93 64
85 33
14 28
96 77
54 11
89 20
20 32
69 63
90 16
71 62
28 82
22 64
12 57
34 51
71 15
24 9
72 96
71 58
2 93
4 97
78 44
83 39
70 58
3 73
54 77
25 42
46 98
22 24
19 33
78 17
33 98
25 67
58 54
15 0
34 67
51 89
10 21
90 73
35 90
48 54
6 57
53 10
34 5
26 65
51 57
35 24
48 56
56 80
24 1
81 62
76 89
75 76
82 52
55 88
73 6
32 65
51 51
61 3
81 69
44 24
28 88
71 4
81 14
93 41
73 0
55 78
52 37
82 5
16 50
86 41
75 68
98 37
20 16
12 19
63 40
97 82
1 7
49 21
76 0
62 33
10 82
55 25
79 14
94 53
21 7
55 24
34 42
71 45
93 14
6 77
8 38
51 80
65 78
3 57
36 11
20 62
2 100
88 50
56 89
29 92
60 4
24 0
77 39
4 0
0 53
25 13
56 57
90 49
76 27
55 79
9 20
44 83
62 84
54 3
63 77
21 10
69 50
26 61
96 14
12 34
3 22
13 94
25 89
66 98
89 11
23 98
31 5
22 79
43 96
40 65
24 96
65 40
39 69
39 49
14 68
42 33
1 66
95 35
10 90
91 7
36 98
93 59
99 0
85 19
51 70
6 34
34 48
92 31
29 53
25 2
73 84
31 19
61 52
97 25
79 78
100 79
91 57
62 60
24 87
17 36
21 94
54 43
5 85
22 93
50 81
92 59
31 11
76 3
81 74
54 78
90 75
93 32
100 72
50 34
13 81
54 90
41 72
71 86
24 10
54 15
12 70
60 65
94 56
12 68
4 63
82 28
27 73
35 13
92 94
46 13
81 66
79 25
74 2
26 93
33 34
53 37
80 29
69 52
92 88
7 1
13 60
70 59
58 61
23 49
44 90
33 60
53 6
3 71
28 24
60 79
70 63
5 45
96 10
61 91
23 58
39 13
5 24
56 53
20 81
79 59
11 44
43 4
48 38
26 63
29 42
100 9
3 13
96 22
28 13
58 37
100 85
34 75
91 64
9 46
40 17
72 67
61 21
23 73
59 95
97 52
5 91
6 10
9 18
66 33
39 96
88 32
68 5
26 51
31 67
86 6
44 75
93 67
20 45
100 51
2 21
97 73
18 41
29 51
51 79
62 19
34 88
99 87
74 95
53 99
6 47
84 25
33 89
83 60
22 33
92 67
65 82
51 81
92 84
95 78
26 99
70 81
14 6
43 33
48 40
74 51
58 6
21 71
19 20
18 69
55 77
1 14
81 80
71 21
65 78
96 33
48 13
3 2
22 32
32 20
69 79
66 47
68 76
49 48
86 6
83 79
73 81
42 39
7 12
42 63
47 10
11 31
78 2
72 22
12 46
82 64
51 100
7 79
2 94
87 0
23 67
98 43
12 45
3 41
70 91
52 41
48 41
35 30
25 38
38 89
57 12
49 22
29 31
22 64
29 4
71 94
52 77
67 46
67 52
18 48
100 57
1 16
46 43
34 21
34 29
70 73
12 4
74 77
11 83
37 3
85 72
94 88
66 71
45 88
96 28
67 90
94 39
29 52
14 37
10 90
59 79
100 62
61 8
94 32
21 34
12 31
3 19
80 65
98 75
19 44
34 27
53 53
8 24
97 46
3 54
31 91
9 36
55 76
91 53
42 50
3 97
67 47
54 2
27 66
71 79
71 17
100 36
1 40
55 85
76 61
72 89
76 21
33 91
41 36
29 88
68 52
17 38
30 39
32 52
19 72
8 50
32 29
21 6
32 33
95 53
27 22
71 1
70 12
26 78
43 68
43 72
47 34
90 89
32 17
72 44
54 30
42 45
72 22
34 58
40 4
47 80
91 66
95 86
0 91
6 12
47 94
11 14
52 54
37 15
98 24
4 90
58 61
12 56
63 90
70 23
97 73
63 30
36 32
25 1
33 0
0 9
