1000
15 43
49 31
94 6
12 33
36 33
85 90
44 19
93 49
35 54
86 11
21 13
10 27
16 14
81 9
1 95
1 80
25 80
51 3
23 8
14 65
18 73
54 88
16 62
2 38
77 26
32 98
34 87
84 59
30 83
1 46
48 12
74 35
72 93
56 5
26 57
69 100
50 56
70 75
28 74
20 23
65 41
59 85
23 19
79 97
81 72
6 100
57 30
63 15
12 10
19 72
61 96
17 9
94 11
7 59
46 0
90 89
12 47
10 67
100 22
35 85
93 84
76 54
53 57
89 29
62 88
85 72
9 28
20 31
96 100
100 5
39 71
90 74
97 47
15 28
64 7
88 47
27 30
45 10
73 17
82 52
21 35
64 99
38 81
85 4
61 92
39 46
30 65
55 18
7 75
99 49
39 66
97 88
86 21
92 56
70 100
36 1
29 41
70 26
82 100
45 19
7 19
69 60
69 74
80 31
36 40
50 49
6 66
68 83
25 92
89 8
33 31
75 12
87 56
4 6
7 61
39 50
35 4
67 95
69 25
57 54
34 55
24 41
31 31
81 83
0 17
74 55
85 43
2 48
94 82
10 75
22 99
9 5
26 96
99 70
36 49
27 2
52 30
94 36
70 2
7 3
11 24
55 88
68 95
6 50
46 26
45 56
99 42
56 27
24 56
69 14
41 87
17 55
9 15
81 68
7 81
33 7
45 51
38 37
88 8
62 14
94 17
49 16
49 83
7 100
81 95
42 20
56 35
90 83
19 35
11 36
39 100
30 99
18 72
98 24
36 15
54 0
7 6
69 99
90 11
95 56
73 66
73 13
10 49
88 15
85 59
78 49
87 40
90 3
48 78
48 71
93 99
27 30
99 22
31 31
37 77
65 31
58 17
46 55
66 37
31 91
65 5
70 8
57 56
89 64
66 94
90 82
77 10
10 63
69 64
20 59
87 42
61 100
73 35
36 5
1 97
55 33
14 46
56 2
2 17
30 55
62 5
32 95
10 8
21 96
61 16
16 21
8 18
21 82
66 68
5 38
36 13
32 70
64 34
24 14
3 86
83 2
59 16
46 95
19 7
81 44
81 49
99 59
36 60
52 76
46 82
88 81
14 84
33 85
49 56
68 97
15 22
42 63
39 60
54 55
5 14
81 59
33 56
13 17
19 27
42 76
82 7
66 12
44 87
87 30
11 60
78 92
54 9
51 33
69 22
98 17
34 71
33 56
66 3
12 56
69 92
16 75
74 59
11 16
93 64
14 0
0 25
72 4
93 47
98 73
79 85
0 18
44 76
71 93
75 81
29 62
79 65
3 24
58 78
42 28
72 51
83 36
15 34
58 22
16 5
15 40
66 37
2 52
8 74
96 63
88 16
23 43
79 11
29 23
59 71
29 100
4 73
9 20
86 18
55 70
20 56
96 24
89 69
32 72
96 62
47 4
53 67
88 21
72 91
45 88
69 69
59 40
82 47
40 82
43 52
26 57
24 88
8 71
47 59
18 15
94 75
80 80
56 20
41 90
62 32
72 96
94 40
93 68
63 0
97 87
16 0
21 18
89 8
86 35
8 70
83 100
10 27
52 3
29 46
42 68
12 100
48 23
28 87
43 43
81 20
10 1
72 42
67 91
39 17
72 98
9 21
9 28
10 93
27 69
19 67
90 78
2 2
10 47
95 95
28 69
39 4
48 70
61 56
7 57
22 21
23 80
8 5
36 40
8 33
89 64
36 28
51 37
54 6
8 16
80 48
87 59
73 50
63 88
17 7
33 57
41 84
30 39
62 47
14 44
80 52
49 4
56 24
8 38
57 69
99 38
59 77
18 41
42 48
50 50
10 70
7 72
7 89
88 75
64 11
41 82
8 72
53 51
1 86
62 36
0 3
57 93
68 16
2 39
2 9
67 47
30 79
53 70
84 62
0 48
11 37
21 10
9 27
98 63
78 7
66 87
29 76
12 70
60 85
34 0
18 18
65 7
34 82
1 29
47 87
44 19
49 31
94 71
87 25
10 2
83 84
70 8
47 77
48 27
6 38
33 99
81 61
46 6
26 41
24 74
3 51
80 69
97 40
86 2
82 57
85 57
32 38
63 23
47 85
57 87
46 74
7 54
96 44
79 78
100 54
26 26
94 12
16 7
17 0
98 15
43 86
62 32
53 20
95 41
49 50
62 100
60 44
2 29
0 69
15 27
17 48
98 8
38 41
55 52
13 57
18 21
72 64
3 97
0 61
14 92
43 68
99 59
30 73
60 51
94 96
58 37
12 34
67 4
45 57
31 20
95 27
90 0
99 47
14 3
98 60
51 5
71 91
63 48
28 14
87 50
92 61
70 1
12 11
53 86
24 46
28 33
39 95
94 92
93 17
65 65
84 74
67 60
20 11
50 53
11 18
96 8
40 74
99 80
41 39
49 87
84 70
34 35
90 49
48 8
70 87
10 58
75 55
58 92
55 82
53 31
68 88
39 24
84 57
47 3
44 89
17 77
26 95
65 11
65 77
56 31
54 93
74 94
6 33
86 5
65 69
67 19
88 33
48 83
31 29
78 49
26 7
10 92
81 21
3 43
15 36
53 93
14 60
21 21
50 75
82 98
69 96
27 29
81 27
57 84
12 33
46 5
42 24
73 10
77 3
74 50
78 55
20 7
20 57
90 35
66 90
90 39
48 19
38 65
0 15
55 89
93 55
7 74
5 11
4 15
14 32
96 54
9 86
9 15
71 79
88 40
6 67
1 33
56 45
44 68
2 99
70 2
8 95
43 13
64 59
23 1
89 48
82 18
76 17
28 46
12 78
26 30
25 35
80 15
44 38
35 35
41 43
66 39
4 44
0 46
12 35
27 38
43 84
93 45
69 12
40 95
61 93
11 41
100 47
87 24
84 40
12 84
59 41
70 43
50 19
54 47
100 9
84 60
92 63
81 65
96 97
30 73
89 59
29 30
25 95
8 28
54 3
75 49
20 16
63 80
22 0
0 82
16 65
78 56
6 58
33 40
89 85
30 16
69 45
94 56
88 91
71 47
79 32
49 39
87 86
28 62
15 72
88 25
22 21
7 90
89 65
100 33
54 3
100 57
99 75
90 1
55 82
4 79
11 98
50 55
77 55
99 41
52 6
28 60
51 72
7 69
93 44
38 12
33 81
65 35
24 22
17 87
28 4
92 20
8 93
3 16
76 84
0 60
76 44
62 31
76 57
68 89
7 46
1 79
7 96
91 69
99 46
98 61
72 0
96 79
44 7
80 69
15 94
41 4
11 50
10 31
61 88
94 48
66 22
53 21
67 47
72 41
99 52
91 60
85 44
4 20
42 46
84 15
5 61
20 92
98 27
97 37
81 5
33 59
38 85
76 60
64 78
30 60
64 21
54 44
21 23
67 14
53 42
40 37
83 76
11 46
31 71
49 17
11 69
69 32
62 93
61 42
67 95
45 42
14 73
51 95
42 8
98 64
0 90
4 54
62 100
61 54
85 49
11 7
37 12
84 56
24 54
93 51
79 31
90 34
35 91
27 24
8 30
9 19
93 12
70 97
32 42
70 55
14 46
89 39
37 60
3 74
32 26
94 85
50 76
3 19
83 37
47 53
59 34
20 23
21 3
57 18
65 54
88 7
89 2
9 88
2 98
27 28
10 87
61 8
5 71
6 48
31 15
34 39
85 27
82 55
12 3
85 84
82 82
44 15
40 56
85 32
0 8
76 51
71 0
46 61
55 52
60 15
54 46
9 76
62 67
10 80
60 85
17 1
79 62
39 24
59 76
44 72
9 51
12 22
59 35
11 92
39 61
54 91
54 37
77 49
60 81
13 3
98 94
29 65
49 6
37 67
92 90
23 20
89 68
78 44
53 40
57 34
4 91
27 49
8 81
16 19
38 67
74 80
42 0
6 25
24 65
24 71
85 9
71 62
18 78
88 51
26 48
77 78
67 36
71 71
9 97
30 69
33 2
82 54
23 10
10 41
20 52
89 86
4 93
9 74
82 79
1 21
85 59
82 99
43 93
79 29
12 12
48 58
8 97
52 71
19 21
5 86
76 94
2 20
10 22
63 98
48 40
45 6
84 0
23 40
95 68
97 28
2 50
72 94
38 59
27 18
83 7
93 25
65 23
69 47
6 5
84 9
69 27
76 81
37 61
62 87
70 13
36 94
21 64
62 9
60 0
51 18
0 49
78 2
34 6
89 55
13 87
57 40
91 98
51 66
58 33
76 50
43 83
28 7
51 92
26 18
6 30
41 29
17 19
68 66
33 76
26 24
39 94
14 41
62 40
62 77
32 12
78 26
41 33
25 45
37 9
33 47
24 27
30 17
37 0
57 36
30 35
61 16
78 89
43 37
71 49
29 4
63 0
34 58
75 54
3 42
79 76
44 75
76 25
2 70
79 9
62 9
74 52
63 64
49 17
31 4
11 13
26 54
62 28
18 24
13 26
81 48
49 13
92 3
45 77
66 98
86 2
75 62
67 4
80 63
32 63
64 84
