1000
42 37
93 43
50 7
91 28
39 32
63 0
74 88
20 85
49 15
68 81
65 58
72 95
32 36
100 41
74 31
98 19
3 8
63 25
3 38
20 48
66 27
59 19
84 99
57 98
70 60
29 53
67 72
85 4
16 30
36 2
14 3
32 49
61 14
96 44
22 20
82 35
26 1
17 62
23 11
27 46
91 51
5 99
54 28
10 63
61 65
20 7
61 53
20 69
71 27
65 12
51 10
74 52
46 29
57 94
66 8
44 66
82 68
86 13
17 3
62 55
2 94
60 23
34 56
25 22
0 76
1 60
99 34
13 62
99 68
99 70
20 86
0 5
63 73
92 28
46 58
55 52
13 86
56 17
14 53
93 96
77 94
21 87
83 36
88 32
5 33
59 85
2 10
66 74
93 52
37 32
13 6
21 63
34 82
56 79
49 1
61 71
9 90
31 92
11 60
25 13
24 97
9 0
18 31
1 3
12 20
15 44
20 44
18 48
39 60
8 56
63 85
24 59
1 5
89 62
95 5
34 64
34 49
53 35
58 62
4 4
23 72
26 25
42 86
40 52
45 22
3 0
0 0
0 28
45 16
69 53
87 82
98 72
81 84
100 73
10 84
37 29
18 59
46 46
12 73
30 18
59 7
99 31
98 77
68 73
27 12
42 26
12 68
57 15
30 77
77 92
21 68
63 85
52 72
54 88
9 37
33 95
13 41
32 54
74 53
37 21
44 4
42 16
82 62
84 45
69 52
37 5
95 95
12 61
12 32
70 87
43 89
48 5
15 13
43 47
85 28
5 43
59 30
88 53
13 62
43 12
1 46
95 55
44 2
46 90
62 65
80 72
74 89
79 32
63 74
65 40
2 37
68 19
2 1
25 92
61 32
91 15
99 29
91 50
56 6
96 72
69 37
24 32
72 90
32 24
11 95
97 35
93 32
51 17
42 88
9 93
23 76
56 39
51 89
85 39
43 6
87 81
32 75
39 5
47 38
29 33
90 22
26 89
55 16
39 92
59 12
68 57
2 87
41 81
76 37
34 9
100 84
72 73
96 95
92 58
81 57
83 71
68 69
82 93
48 1
27 55
31 55
25 0
61 15
32 40
3 90
63 63
9 68
69 59
50 69
64 32
94 95
27 66
72 50
9 34
45 2
42 43
86 90
48 82
1 4
22 62
92 50
2 12
88 11
29 99
55 74
52 56
45 40
46 62
21 30
41 8
8 3
18 83
24 0
71 66
97 76
46 18
22 1
1 74
38 79
35 80
6 13
64 10
24 98
31 77
37 2
48 60
58 49
7 9
74 31
77 39
90 65
0 80
16 24
27 86
27 13
72 46
46 6
10 34
88 60
94 71
33 37
96 11
17 23
9 36
36 11
90 80
21 37
14 87
28 48
7 40
53 59
63 16
90 1
95 2
22 15
47 31
11 49
56 91
65 44
92 64
79 11
34 44
5 44
28 39
55 54
17 64
66 25
62 80
56 98
50 96
62 19
44 28
65 98
81 78
8 51
57 35
39 91
45 83
32 40
93 38
45 15
71 23
71 32
5 44
1 97
21 10
59 18
31 38
1 60
16 76
84 68
80 40
75 10
46 8
39 40
69 52
97 90
57 35
52 87
85 7
44 83
59 75
50 9
40 52
41 46
90 5
89 82
97 33
75 60
21 15
49 71
33 7
18 72
71 56
27 51
5 61
52 84
91 83
2 5
35 54
17 52
21 99
76 76
20 24
11 66
96 40
24 60
29 65
40 24
56 36
52 42
89 50
45 5
2 77
86 23
24 95
53 8
8 15
95 47
7 6
10 37
99 94
32 92
78 39
100 87
7 94
71 92
68 67
90 26
2 4
14 20
50 76
0 14
32 14
49 15
70 82
60 15
95 100
74 30
56 48
32 42
29 32
91 24
61 72
39 27
83 31
65 79
0 0
0 3
0 49
61 36
96 68
13 51
4 3
93 62
12 5
11 43
67 70
99 87
45 25
1 92
72 85
91 91
56 18
3 27
49 84
77 67
45 15
20 62
53 0
86 99
91 15
96 96
0 1
45 22
39 61
6 9
1 8
6 1
53 42
59 29
14 8
26 62
89 0
68 76
32 2
12 3
52 55
85 4
15 84
67 28
88 80
24 24
83 68
27 23
39 97
85 19
99 2
96 67
43 82
7 3
11 57
24 88
31 53
34 69
75 75
60 47
0 1
26 64
68 98
8 95
7 74
0 1
90 94
90 80
45 17
56 51
21 41
79 73
1 2
11 64
11 10
99 57
0 9
92 71
79 47
68 41
69 94
42 45
14 26
16 94
0 49
100 33
85 73
63 98
64 5
76 21
84 82
7 7
23 9
94 71
73 42
99 84
96 52
49 45
40 22
93 31
39 79
38 52
60 82
3 0
70 86
53 9
62 76
18 2
23 40
61 67
88 25
94 9
53 21
28 49
81 18
85 78
5 37
37 42
59 81
47 9
8 23
59 40
95 53
76 73
18 21
98 1
85 22
100 12
95 62
61 89
56 13
5 92
31 68
61 96
65 57
100 51
72 1
100 7
12 77
44 70
17 71
1 88
61 98
23 33
22 18
12 22
54 41
1 66
31 50
63 59
34 16
58 4
34 18
7 38
55 0
4 67
63 27
36 86
21 59
10 7
59 77
1 77
66 39
21 3
93 39
43 15
63 85
48 91
66 49
0 80
64 17
72 71
92 96
75 60
42 38
33 91
32 60
88 52
28 32
85 67
12 16
1 91
94 82
80 63
38 94
62 7
77 29
30 15
37 18
60 93
35 18
8 3
17 60
70 13
98 20
83 97
2 77
89 99
80 52
42 19
5 57
20 8
89 60
92 86
4 45
25 57
24 1
28 39
48 59
85 19
22 11
74 80
98 42
96 57
6 33
8 16
67 52
58 75
47 0
65 30
82 18
6 82
32 89
48 99
73 91
14 52
91 69
68 23
1 57
6 8
7 88
58 6
0 2
35 45
15 23
20 75
79 50
15 74
58 18
2 91
24 4
73 92
72 91
49 57
39 93
91 83
56 12
32 5
69 98
67 98
9 21
31 23
4 58
34 25
41 63
83 98
13 41
82 51
31 44
5 47
18 66
60 85
81 7
29 18
29 12
95 55
56 64
96 14
36 12
21 41
10 34
26 62
6 99
24 65
32 8
65 64
76 69
4 0
52 45
88 23
8 86
88 44
0 7
10 69
89 70
73 95
19 75
74 99
82 39
20 0
6 3
81 17
23 63
55 27
63 93
55 54
21 16
67 66
17 93
37 27
0 99
37 64
43 62
33 38
77 96
64 76
36 11
28 49
22 100
94 72
85 39
43 71
72 52
58 53
59 31
52 69
22 56
71 93
54 73
58 76
15 24
35 17
25 22
29 50
11 88
71 27
25 73
84 9
94 43
92 58
47 7
15 63
54 93
41 6
62 4
31 30
19 14
51 30
25 96
60 95
28 35
66 68
99 81
94 70
65 60
24 0
33 53
1 17
58 13
25 64
28 64
4 62
84 33
11 60
86 45
22 98
31 15
25 27
73 16
5 35
72 38
20 60
91 14
8 100
57 44
69 48
6 18
83 10
15 58
31 6
81 45
30 8
95 14
32 30
30 53
29 66
3 89
94 17
3 48
84 15
69 21
12 72
31 71
25 5
8 50
100 72
44 83
29 30
35 54
88 31
28 44
23 59
43 86
21 84
67 13
31 98
19 1
82 20
9 51
10 43
96 56
22 34
35 4
80 99
69 78
89 66
68 58
1 7
46 0
53 86
0 34
42 3
8 45
53 71
97 76
16 36
34 37
80 68
17 69
81 78
48 43
4 2
3 61
71 50
61 33
72 27
78 97
28 86
72 5
65 84
35 68
59 79
50 74
1 31
4 94
73 97
68 10
79 94
18 25
16 26
0 91
43 55
22 77
61 52
35 12
54 67
90 81
87 88
53 36
21 78
41 21
97 39
93 31
30 43
41 65
57 10
35 86
84 4
19 64
68 18
53 68
19 90
95 28
31 29
22 50
62 30
78 36
4 75
61 68
48 86
62 4
51 78
37 56
10 70
39 36
68 18
38 20
22 24
100 54
85 9
20 53
65 78
11 76
58 40
59 50
83 47
25 15
49 56
55 73
48 97
100 45
18 23
15 83
74 62
51 50
21 65
3 6
49 59
99 15
10 41
14 32
91 90
0 77
33 98
26 15
82 74
0 97
24 57
78 95
56 54
28 83
10 26
96 51
91 53
42 37
13 32
95 71
14 26
2 42
78 58
53 80
90 76
50 13
98 90
54 90
59 28
31 31
49 79
22 87
53 71
67 11
34 29
54 92
92 92
12 59
54 9
20 85
29 25
8 76
83 92
100 46
92 18
60 49
29 23
36 52
11 47
35 37
82 38
70 35
58 74
92 52
44 26
57 43
71 33
53 90
41 23
48 97
6 65
76 17
31 21
4 87
43 82
8 0
0 66
87 96
11 87
74 35
51 29
82 48
4 65
9 55
79 90
62 65
