1000
24 53
72 37
80 18
58 64
27 47
11 63
87 44
87 79
92 41
50 48
88 35
38 91
14 78
85 16
26 33
20 98
44 14
88 15
11 20
3 46
51 15
54 47
13 12
18 44
28 58
81 42
46 14
33 43
77 55
44 71
89 15
0 56
24 99
16 6
13 94
10 87
11 48
29 51
87 80
54 3
86 15
5 1
38 45
1 6
26 92
39 2
75 80
5 72
42 30
82 52
14 69
2 1
31 5
79 84
2 6
44 92
37 70
54 39
20 50
60 11
35 67
40 16
6 10
63 40
42 63
36 100
94 30
93 76
79 78
57 25
7 10
74 51
64 25
51 50
76 95
41 78
85 42
64 88
69 22
100 42
18 80
16 48
31 19
71 98
69 72
95 99
98 92
14 20
57 73
32 23
77 2
52 13
88 72
14 99
35 27
15 10
54 66
0 62
43 2
87 62
18 60
28 6
63 35
73 30
93 38
20 42
49 16
1 61
59 49
81 91
46 73
39 7
19 40
16 91
60 10
93 39
54 83
51 8
55 1
28 29
78 53
28 48
45 56
9 0
0 1
11 12
0 5
36 18
72 99
7 30
98 75
48 40
44 88
93 24
75 14
94 5
42 68
37 40
73 88
70 62
34 87
83 37
53 42
87 7
10 20
99 57
1 79
70 9
48 33
21 0
60 23
23 0
0 1
87 100
44 58
35 22
9 4
10 49
30 75
82 8
9 95
89 76
60 89
96 36
1 3
2 36
22 15
89 79
66 10
61 66
80 44
48 97
22 26
29 70
32 81
28 89
89 58
13 62
79 32
6 25
97 34
94 83
10 6
25 76
76 87
33 18
53 37
38 83
13 56
86 93
19 25
84 61
73 51
82 27
93 79
87 87
79 85
99 97
66 4
1 5
20 77
65 84
32 6
94 33
4 46
92 22
54 87
63 30
3 59
97 34
69 60
41 8
7 81
9 99
0 69
13 79
38 97
89 59
12 62
59 44
33 45
62 11
20 38
61 60
85 26
93 49
89 37
10 9
62 4
21 6
3 93
85 88
67 13
79 6
99 62
81 72
90 51
92 96
86 67
47 7
40 62
41 75
47 17
77 13
4 58
84 23
25 94
93 38
38 45
19 21
61 95
19 11
22 96
5 63
38 3
55 30
15 99
24 28
19 62
86 23
98 100
7 5
10 32
11 69
91 7
0 41
94 15
81 33
66 66
62 27
24 49
44 33
40 4
42 70
36 1
21 23
58 67
0 6
30 64
69 75
80 39
69 61
8 11
12 50
38 28
9 24
25 100
18 7
96 2
27 7
2 10
86 49
16 28
4 47
43 40
77 93
43 46
50 34
59 1
22 28
39 11
72 55
11 7
96 51
92 99
7 87
70 34
53 95
8 60
58 73
3 10
0 6
86 43
3 9
72 23
27 8
22 21
29 12
15 85
53 95
73 54
4 5
9 44
9 3
98 66
12 53
7 57
2 0
0 3
17 27
2 83
2 32
1 11
44 44
39 14
3 71
88 62
74 48
83 74
67 46
77 10
57 15
60 0
35 37
7 94
61 30
0 2
39 94
98 75
15 37
45 46
81 64
56 55
49 93
9 16
85 97
92 2
79 9
16 23
57 63
11 82
24 71
72 91
41 20
7 53
60 24
53 49
39 89
92 50
51 78
6 33
26 1
18 93
100 81
95 37
60 26
39 60
9 24
69 59
62 8
59 4
24 10
23 25
17 67
17 80
40 24
30 81
93 10
55 59
91 99
6 79
36 34
50 33
7 13
89 42
98 34
5 2
89 41
16 9
14 65
62 19
9 61
0 72
17 49
89 45
21 86
13 68
23 86
13 17
78 94
5 42
8 63
64 2
7 12
26 3
65 63
92 26
46 42
49 71
90 51
0 2
38 87
70 66
60 69
27 55
74 95
61 11
57 52
10 96
59 17
82 84
15 98
83 38
60 15
72 44
87 65
66 51
100 62
61 15
33 63
20 10
90 54
33 87
68 62
7 72
11 9
36 94
18 38
17 64
20 20
16 38
5 63
5 15
98 58
64 99
76 9
0 1
51 42
11 98
83 44
81 92
23 0
82 72
21 62
59 56
11 0
0 4
60 22
83 32
71 9
93 65
87 14
40 0
93 13
44 98
6 1
67 4
98 66
2 2
18 22
45 99
87 26
92 29
45 79
45 67
6 2
23 64
17 5
74 59
85 95
2 51
79 6
32 54
94 28
20 91
47 62
70 7
82 32
16 51
36 8
19 28
23 47
16 72
21 75
24 95
20 46
57 3
46 69
26 86
41 87
10 62
90 94
78 38
37 8
5 54
95 33
60 32
39 36
98 52
47 99
0 67
57 81
5 82
32 63
29 3
74 76
65 45
10 92
1 22
70 40
20 32
97 11
25 30
70 34
13 75
16 36
23 24
62 83
44 57
5 63
74 65
71 25
75 70
72 13
24 60
30 100
7 75
100 68
82 92
24 47
58 70
58 24
5 2
39 85
14 45
0 8
14 24
97 89
4 90
78 56
64 61
8 6
7 76
100 51
10 77
55 50
33 44
88 79
36 75
11 29
57 74
78 66
53 78
25 9
58 64
21 42
46 32
92 30
92 67
56 1
61 67
46 16
34 29
25 2
95 55
2 78
12 75
10 72
92 40
33 27
31 42
3 2
83 83
28 14
80 10
58 56
36 6
1 1
77 67
3 29
1 1
84 96
26 63
19 11
58 42
46 62
3 46
56 24
21 58
58 49
26 40
94 51
92 92
27 63
77 71
95 77
25 29
1 75
30 85
12 13
65 9
50 66
95 32
5 77
68 39
62 17
91 49
8 36
61 52
74 4
38 22
26 69
1 56
68 3
98 74
7 31
41 82
2 28
17 28
22 69
15 42
74 39
30 79
77 92
7 72
39 22
48 37
17 69
6 2
78 11
81 3
49 56
99 44
70 37
46 68
45 4
40 13
40 2
61 81
97 71
45 21
38 18
91 23
23 93
39 62
80 8
93 31
77 87
67 19
47 44
64 37
18 39
79 10
62 15
32 0
71 9
12 13
35 43
99 10
30 93
66 17
13 6
36 63
19 36
90 30
1 86
30 54
43 5
89 80
61 75
99 65
80 14
28 43
54 97
54 63
1 12
51 73
66 96
2 55
44 93
95 4
64 76
24 24
30 69
55 53
57 18
76 38
35 73
2 4
68 94
94 85
64 85
41 68
48 51
2 0
77 53
35 82
6 55
3 8
56 32
20 87
3 4
78 46
57 59
9 25
16 30
29 25
73 29
38 77
70 32
90 65
58 99
21 22
7 40
12 98
58 10
75 84
15 42
51 40
65 79
20 69
96 57
81 15
85 74
39 68
89 91
29 18
45 70
3 62
56 27
6 33
46 23
19 91
46 43
30 10
93 46
2 47
25 55
44 45
89 88
55 71
15 27
68 3
44 46
44 97
20 75
33 10
77 16
65 41
33 37
21 41
36 58
18 0
99 38
66 89
90 19
0 72
95 51
94 45
98 17
88 94
20 64
51 11
35 56
1 6
3 41
13 13
40 18
36 89
41 16
80 64
7 33
91 87
65 86
1 92
76 4
55 79
7 22
80 72
17 47
0 27
48 33
64 22
97 18
40 62
54 64
29 21
41 75
78 26
22 67
39 47
99 1
1 71
11 0
16 97
1 0
0 2
31 37
17 52
33 5
38 45
38 88
74 83
10 57
43 96
18 3
28 18
29 78
5 6
18 82
98 22
56 12
14 77
90 54
77 83
81 25
99 3
67 37
44 98
51 72
11 1
97 87
50 47
77 83
67 69
52 36
5 4
89 52
97 84
42 17
43 25
51 97
3 1
92 55
82 5
55 32
26 20
93 49
66 15
75 79
7 0
8 62
6 43
93 90
2 1
28 69
0 1
72 52
65 60
86 41
87 35
94 100
81 63
3 3
24 46
22 69
49 58
23 67
56 10
40 32
83 91
29 94
75 92
82 94
7 15
32 26
58 97
5 67
19 80
17 62
58 66
94 64
56 37
8 52
28 85
98 56
80 85
57 67
23 35
33 26
41 38
69 27
47 37
59 100
4 21
92 38
82 5
80 76
60 75
2 82
5 3
36 43
29 91
85 94
3 60
52 29
17 86
29 86
21 31
0 73
1 26
99 80
63 78
88 45
85 13
56 90
73 88
50 84
99 18
14 7
14 54
42 92
74 49
20 63
5 75
39 87
18 19
24 79
4 16
24 96
12 44
76 81
52 80
6 75
50 30
44 13
19 0
66 30
22 96
45 44
67 28
20 33
33 8
91 37
56 73
16 1
28 42
43 21
83 86
44 77
0 2
54 52
51 50
88 28
40 48
100 18
6 37
86 55
6 78
78 100
56 98
31 59
59 86
2 65
13 47
27 31
13 5
3 1
78 94
6 1
2 96
84 6
2 32
63 19
69 15
91 12
99 17
81 65
70 19
54 11
79 10
71 36
44 92
97 64
13 89
80 23
89 10
60 19
75 99
35 22
