1000
94 84
77 1
67 14
50 77
31 11
95 71
39 36
6 64
94 81
99 33
95 47
40 29
56 20
27 4
25 76
91 30
37 81
45 58
45 11
47 39
74 47
42 53
6 8
74 99
57 79
1 30
46 100
92 21
97 80
2 50
0 25
20 98
5 4
72 18
18 16
74 62
90 20
4 1
30 5
78 98
44 69
89 47
52 1
56 48
95 59
2 1
74 82
34 90
57 4
89 45
20 6
5 2
42 22
94 11
65 57
3 1
82 8
1 3
90 21
61 78
33 92
88 6
77 12
99 30
96 91
75 47
16 52
99 28
30 41
54 53
95 98
90 66
57 100
64 22
9 73
84 71
1 59
8 3
24 55
28 63
29 37
58 55
43 93
20 65
95 24
35 61
8 3
74 48
97 35
46 53
56 97
67 10
84 85
4 0
0 6
3 76
31 92
83 26
57 59
37 57
94 80
15 11
86 31
32 57
20 11
35 15
74 17
60 37
70 48
31 2
27 2
22 84
64 11
81 59
3 10
13 27
38 95
19 50
74 35
36 98
87 40
10 66
92 80
74 37
88 83
85 0
31 2
4 1
94 80
44 51
2 4
65 3
27 32
2 38
18 67
31 17
76 44
33 11
2 2
27 63
44 7
77 39
32 85
3 1
99 39
0 29
55 86
70 28
19 2
23 64
12 86
13 90
57 74
25 88
66 89
52 3
97 2
15 70
7 24
17 42
77 2
58 10
82 36
4 96
67 79
9 15
7 64
75 19
79 88
91 37
26 13
76 99
51 50
34 38
50 1
73 3
20 3
81 81
84 49
38 88
22 7
89 7
30 56
48 57
96 97
7 73
34 65
23 15
71 15
81 33
8 6
46 30
14 17
2 81
37 64
33 98
22 21
82 70
36 96
67 35
30 32
78 52
92 66
0 12
84 30
11 47
21 12
44 3
39 84
6 2
88 97
52 89
82 99
79 44
64 94
67 24
11 14
96 93
45 91
13 0
0 0
4 61
0 3
44 33
27 85
9 31
51 87
51 9
1 20
35 6
48 62
6 81
38 85
9 0
58 22
32 22
33 64
1 9
89 11
91 57
66 16
10 43
58 41
34 88
48 49
31 25
59 23
100 22
33 97
68 17
94 84
11 0
69 23
0 4
26 47
48 95
1 11
15 88
50 30
67 99
89 18
87 45
77 34
9 4
32 75
68 69
68 88
94 36
0 47
78 50
2 90
4 1
2 8
76 25
26 46
22 55
61 15
17 5
40 75
13 28
83 77
88 21
9 8
68 46
54 31
100 22
20 20
49 29
51 64
86 14
29 64
7 46
62 87
18 1
50 37
34 80
32 97
4 1
67 49
27 54
4 58
68 100
86 5
0 9
45 18
13 82
97 33
41 30
87 92
74 74
14 2
23 69
45 55
98 34
19 37
6 1
81 92
1 6
83 85
58 2
89 92
1 96
56 71
6 25
70 12
4 100
21 4
54 71
67 100
91 9
69 8
53 47
40 20
0 7
71 58
62 42
98 34
85 68
23 52
63 56
76 28
3 6
39 36
36 27
4 77
2 86
86 90
96 35
21 84
30 64
19 85
13 65
29 59
99 87
55 73
95 55
0 34
95 11
45 63
4 72
29 59
90 45
65 85
87 62
92 65
54 94
78 16
33 51
24 29
11 73
100 7
69 31
24 32
6 100
35 61
89 25
75 36
93 31
95 47
30 96
73 82
10 44
45 98
72 9
13 26
11 95
25 59
49 76
24 14
36 58
76 39
77 68
94 17
62 74
3 47
65 84
93 20
12 72
12 91
86 52
25 66
60 13
30 87
91 25
15 100
50 62
98 90
63 25
55 49
59 1
32 70
5 1
7 6
34 11
21 10
7 91
53 77
54 6
4 66
71 69
38 83
38 54
5 1
9 85
37 46
61 29
36 99
1 1
71 84
100 23
42 62
32 93
46 92
1 1
68 9
78 76
65 11
56 36
1 2
71 53
68 42
98 63
0 1
64 30
89 51
94 21
0 3
40 61
22 12
52 50
55 49
11 90
5 0
65 84
1 1
2 25
88 42
85 60
97 84
2 3
99 36
77 3
97 62
68 60
67 48
49 95
33 69
6 3
49 28
43 83
67 98
0 0
0 1
1 44
46 15
1 6
91 12
78 8
58 44
56 61
84 40
1 4
1 1
91 1
76 19
88 80
2 23
24 59
96 99
5 6
69 25
77 83
75 27
65 63
62 85
32 13
1 2
71 48
72 75
3 35
84 29
39 81
55 22
75 26
92 6
23 80
0 21
4 3
47 96
5 7
10 40
3 4
81 85
23 94
63 89
6 62
20 67
79 51
10 81
11 21
47 1
18 65
22 65
9 8
11 66
2 7
74 88
29 26
11 50
0 53
73 83
87 94
32 17
57 49
100 63
95 40
7 4
77 6
59 36
23 61
55 56
43 66
91 55
1 19
1 45
19 3
19 70
13 24
32 51
31 80
23 93
68 27
27 87
41 25
4 94
26 97
25 61
58 38
90 42
86 43
25 12
85 12
12 83
18 2
25 33
62 82
71 12
12 78
19 57
62 50
46 82
76 30
79 64
77 4
55 11
37 42
80 69
67 82
41 52
62 92
90 39
54 15
18 49
16 43
12 0
0 1
98 61
33 44
22 69
12 80
42 16
99 86
96 62
85 70
70 82
9 0
0 0
0 4
31 41
18 92
7 9
67 89
85 39
91 16
1 53
41 26
42 66
62 88
12 88
84 31
33 91
17 93
17 66
0 57
94 36
73 8
84 94
1 75
8 5
60 77
18 26
71 20
97 6
2 39
92 83
97 76
62 0
75 8
50 85
5 10
6 13
28 21
24 43
6 47
32 6
42 98
87 49
55 17
50 71
81 19
42 15
42 29
2 0
0 0
47 69
50 100
2 4
99 9
88 70
16 60
48 36
1 0
0 1
41 28
40 82
85 24
83 68
41 65
3 0
48 66
28 89
33 70
46 3
69 39
87 100
12 88
99 42
68 0
88 97
92 13
28 25
5 0
0 1
27 28
1 4
93 99
70 8
93 42
16 96
0 3
11 13
10 94
12 23
9 0
14 35
33 17
15 35
84 97
53 70
70 30
42 82
2 0
58 8
0 0
0 0
0 6
68 22
18 1
67 80
77 14
86 34
45 89
59 99
1 0
0 8
97 64
55 82
21 32
45 53
1 20
15 18
81 81
40 6
43 68
81 12
23 97
95 4
12 8
27 9
89 77
19 54
90 55
24 86
38 82
44 55
9 91
71 9
35 68
35 87
92 6
76 17
4 84
13 7
61 76
76 87
100 68
27 52
74 52
43 39
44 48
57 66
44 93
6 0
37 26
8 3
0 13
84 19
7 3
55 80
47 85
46 41
40 31
39 22
5 67
98 64
29 57
46 70
67 7
1 48
8 19
56 84
64 88
69 52
3 11
27 81
23 49
70 58
18 18
90 96
92 72
66 46
82 96
18 2
34 82
29 91
75 15
38 71
98 6
5 6
82 14
28 93
88 56
69 78
44 88
68 46
90 2
2 1
82 72
64 16
27 51
67 87
2 0
78 85
64 1
0 1
43 50
65 92
25 59
20 70
57 47
4 7
61 73
33 40
8 81
79 87
10 2
45 53
64 2
0 89
0 3
14 69
10 76
72 21
1 0
53 36
8 78
66 0
3 3
65 33
60 55
56 46
84 91
61 1
55 72
71 48
55 30
98 69
8 7
74 39
32 39
51 42
89 79
15 51
93 25
59 34
67 46
0 10
73 25
46 16
58 32
56 3
0 53
13 45
85 54
57 95
38 93
93 46
43 41
17 74
90 80
49 100
14 7
30 28
86 3
51 84
74 9
79 28
88 6
52 48
5 0
13 66
0 0
83 34
66 21
64 28
57 64
26 61
98 76
0 3
35 61
49 25
80 73
86 23
2 0
0 4
98 99
26 21
86 52
48 12
50 74
48 96
3 1
21 74
10 78
89 75
2 85
35 40
13 39
21 14
17 50
0 32
65 3
25 34
49 96
59 30
9 5
2 14
40 37
89 29
0 45
100 13
72 14
27 100
83 13
12 54
75 72
57 79
91 13
40 1
48 75
18 39
28 22
52 45
8 6
34 60
42 8
26 95
24 50
20 89
100 30
0 2
52 29
9 16
42 90
65 51
34 38
54 1
17 51
44 49
15 64
85 80
38 81
51 21
31 76
12 3
19 94
80 40
10 51
47 50
31 2
80 36
83 84
62 21
3 0
36 40
1 7
54 95
100 19
37 92
27 85
14 25
34 40
93 96
7 5
16 76
5 14
2 22
57 42
26 15
40 10
78 87
21 24
2 1
48 2
57 41
100 38
0 1
46 100
1 9
2 0
42 44
0 1
30 40
45 36
12 21
63 7
49 7
12 57
0 0
12 20
94 34
33 37
0 0
92 11
73 38
45 64
9 41
68 72
96 56
53 39
1 1
24 78
0 1
43 70
15 61
2 1
34 18
2 23
54 65
2 95
