1000
40 2
69 41
35 12
59 44
68 61
19 17
1 3
25 39
31 93
87 47
27 2
2 46
20 88
77 30
4 3
37 99
67 31
77 79
80 25
67 24
5 16
86 76
1 0
35 3
0 2
76 81
83 86
77 51
54 6
0 2
39 91
77 58
1 7
89 46
100 82
94 37
86 35
57 73
86 73
89 64
12 90
0 0
0 0
0 2
35 98
58 93
16 43
42 99
4 0
0 4
88 90
87 16
95 70
36 32
75 43
10 79
2 79
81 38
30 50
34 73
7 2
44 31
79 57
39 57
82 0
37 98
5 0
16 74
7 51
56 5
3 0
92 74
65 77
95 29
99 100
58 29
4 89
25 28
1 3
1 1
58 98
55 22
3 15
20 95
4 0
0 6
76 53
81 22
46 27
8 34
59 97
51 90
85 7
3 7
85 16
12 53
54 97
94 67
2 64
58 16
34 45
34 31
44 69
0 4
25 71
65 36
9 18
22 25
35 41
21 90
6 8
20 67
39 71
78 30
27 84
86 12
49 20
51 62
91 40
50 80
88 87
64 71
64 85
52 2
30 45
86 27
51 87
38 42
3 0
25 26
4 48
0 0
0 4
79 45
84 92
45 28
13 44
3 0
0 0
0 4
57 88
58 49
6 51
31 36
54 7
35 69
2 0
28 0
90 89
95 31
80 80
1 4
80 88
64 58
32 23
39 0
57 58
42 72
64 10
7 3
49 46
59 33
44 65
3 5
83 59
84 55
4 92
72 6
12 49
0 20
1 77
89 23
61 91
90 18
49 73
6 33
28 63
55 0
34 59
83 17
7 79
91 92
44 43
63 46
80 15
67 6
61 56
13 97
58 68
94 58
4 1
94 3
99 49
1 0
0 12
30 37
40 4
81 56
7 83
55 38
96 17
23 84
15 90
73 73
89 39
40 97
33 41
41 32
88 14
9 2
49 80
44 28
100 51
0 1
47 28
0 1
87 48
5 6
47 33
34 25
91 63
35 80
1 0
0 1
72 99
8 62
4 1
48 49
99 47
1 1
6 70
58 82
67 61
56 5
36 87
10 35
3 1
52 50
1 3
78 85
35 26
93 37
97 81
4 1
96 77
49 73
2 3
38 83
71 0
17 30
75 73
27 34
39 8
87 41
85 27
39 58
72 5
55 43
7 4
5 0
0 4
66 72
29 47
78 97
23 48
1 28
59 83
100 16
27 29
8 0
100 84
15 100
55 27
66 86
39 4
21 27
37 74
76 13
35 39
7 0
0 0
22 53
86 9
1 0
20 28
1 1
30 40
0 0
9 50
97 36
55 33
66 59
1 0
39 83
31 14
29 13
40 32
66 85
36 37
10 99
41 88
3 1
67 7
32 12
65 34
70 24
2 0
0 3
80 54
6 10
73 25
26 99
0 0
15 77
65 83
8 12
19 13
4 2
15 39
3 96
79 9
72 30
37 47
91 46
91 69
100 55
1 4
64 18
42 84
18 19
18 81
0 0
64 86
1 6
91 66
17 1
88 11
20 85
35 47
55 98
0 0
0 0
75 61
10 66
2 0
26 90
0 2
52 92
39 69
53 100
1 0
39 43
46 27
75 64
0 91
13 54
4 7
99 75
9 92
36 62
17 23
70 41
91 29
81 19
2 0
95 70
97 17
52 6
0 2
0 82
53 45
76 70
77 35
3 1
55 36
0 0
21 48
0 0
0 0
79 99
1 5
99 47
45 93
87 100
44 87
9 39
94 18
39 96
3 2
76 22
67 54
4 0
40 88
2 0
0 2
82 62
84 5
48 36
2 1
35 100
1 1
51 42
1 0
0 3
92 57
69 32
94 95
50 14
0 0
79 13
0 10
31 19
60 18
26 87
92 22
4 23
12 49
5 19
16 31
50 70
26 57
5 0
99 7
92 37
2 2
77 50
79 68
41 94
54 23
46 26
33 43
0 0
0 0
78 80
0 0
0 0
28 58
82 41
0 98
12 86
1 1
30 18
0 0
19 52
0 0
69 62
7 84
15 7
87 44
31 39
6 96
37 54
27 65
33 87
5 42
60 73
54 20
8 0
0 1
60 46
98 66
6 2
63 11
95 84
5 0
0 1
18 20
1 2
50 78
14 100
97 53
0 8
49 83
62 83
74 56
58 34
9 13
36 55
80 55
76 90
1 0
0 4
49 2
24 45
64 39
12 52
42 63
35 92
4 1
86 23
1 11
19 97
69 39
90 32
72 61
36 58
9 73
27 71
62 61
75 9
49 81
31 41
47 78
2 12
56 10
49 69
18 71
28 61
25 16
41 60
20 36
56 93
97 53
34 11
3 75
66 4
6 2
67 99
70 82
87 83
51 51
57 43
70 57
20 70
79 99
8 54
62 99
24 2
89 90
55 18
51 18
16 98
5 0
0 1
52 100
8 11
0 0
0 1
29 44
30 52
55 83
71 59
70 94
62 52
69 32
38 4
5 2
12 88
22 22
10 57
54 41
8 90
24 38
89 31
42 86
4 0
65 22
1 1
5 34
0 1
1 23
0 2
34 31
26 39
76 93
2 2
40 33
69 37
61 28
61 14
56 0
5 2
40 95
92 62
1 2
32 84
15 2
0 1
82 1
60 28
2 5
5 8
0 86
91 75
99 68
21 39
69 2
30 93
66 45
84 44
87 52
24 21
71 51
16 9
20 97
24 83
1 0
100 82
0 0
31 84
61 97
47 89
36 1
12 37
29 85
78 59
1 0
43 77
4 14
35 90
3 2
70 79
75 28
0 0
72 90
1 3
24 11
72 81
54 38
88 4
98 9
14 78
74 13
93 93
51 76
40 64
40 39
5 11
89 12
11 3
91 83
75 67
23 100
0 5
99 96
34 14
21 76
66 67
14 17
27 83
3 0
53 33
0 0
0 0
22 78
0 0
0 0
43 94
15 18
23 84
1 37
1 40
1 2
20 13
31 15
2 12
87 97
17 76
23 30
16 57
25 50
82 78
0 92
27 86
6 78
67 16
3 89
15 21
54 100
64 20
39 69
77 84
8 8
80 58
49 4
60 47
26 63
11 26
3 57
43 89
65 77
39 59
55 71
21 57
90 86
96 47
13 9
12 14
88 92
68 12
95 44
66 40
49 67
62 11
23 54
5 67
12 74
4 0
76 57
1 6
18 41
99 27
19 90
99 91
95 3
22 96
4 6
25 93
3 21
1 28
79 31
92 72
83 44
2 17
1 85
43 92
96 53
5 0
0 1
36 51
1 7
89 34
43 14
61 58
82 51
8 60
32 98
68 53
98 59
24 68
91 74
8 1
4 9
93 22
39 31
15 74
0 7
5 9
26 29
52 16
96 15
53 59
35 77
66 81
47 78
7 3
88 23
72 48
84 71
0 50
0 2
38 12
45 61
92 51
0 0
0 2
36 52
68 29
0 4
25 1
2 77
54 26
58 15
64 72
62 50
64 76
69 57
5 3
9 49
29 17
73 46
2 0
0 0
0 0
66 73
1 0
0 1
58 47
48 77
2 8
65 83
40 76
70 91
3 65
92 59
57 78
63 77
60 7
2 4
34 40
78 71
69 42
22 86
92 73
35 12
76 40
38 10
0 2
36 55
12 15
83 41
32 96
66 93
65 27
15 26
54 100
36 43
24 42
82 81
7 4
7 66
43 5
78 100
92 65
4 3
15 26
35 98
34 11
21 73
2 2
75 60
60 50
1 2
91 12
18 35
5 81
1 1
32 21
1 0
70 70
52 4
1 4
50 55
94 51
81 67
46 51
24 77
2 5
2 11
58 0
96 48
58 0
1 67
4 0
41 35
1 2
91 78
94 39
0 1
18 63
0 4
57 13
33 35
78 71
5 57
3 3
11 69
18 24
71 28
0 0
43 90
1 55
1 1
31 71
67 53
0 1
77 90
15 73
2 0
0 20
3 96
78 93
98 14
55 35
82 61
44 5
43 16
73 33
11 62
15 0
85 76
66 31
50 53
79 60
98 36
71 67
89 3
54 86
2 29
46 49
92 70
19 0
0 2
43 17
80 85
14 44
1 6
86 57
26 62
6 94
42 23
39 80
88 24
84 88
6 0
0 3
43 45
24 36
40 16
36 9
4 2
9 67
87 50
69 70
7 8
3 1
22 80
58 22
37 27
9 80
35 33
5 0
97 71
0 2
89 8
9 53
2 1
11 29
4 14
2 4
88 38
18 80
28 33
58 44
91 42
5 0
32 50
83 67
0 0
0 0
14 8
33 2
1 0
0 0
0 1
69 61
23 18
68 91
73 90
1 0
42 67
1 0
0 4
79 29
74 71
57 72
82 57
0 3
11 76
6 74
75 31
76 78
62 20
40 42
96 0
24 32
46 14
46 1
8 69
9 0
46 48
46 67
36 72
58 70
14 4
2 0
2 59
97 93
24 62
91 56
34 75
19 23
30 7
12 36
41 59
10 62
99 90
30 33
0 0
84 40
4 0
1 1
78 70
1 69
62 54
75 76
95 16
72 75
67 90
79 14
