1000
39 96
58 54
15 29
19 90
40 75
46 44
65 38
34 0
0 0
68 15
99 59
58 47
3 2
12 49
82 78
1 0
56 54
40 18
1 0
0 0
59 33
97 66
49 73
49 60
43 38
15 12
2 30
97 83
59 11
97 17
2 0
0 3
4 5
21 88
81 96
91 16
61 11
49 19
31 24
97 72
35 16
82 46
9 0
0 1
70 6
46 48
2 2
52 21
28 86
10 12
3 0
0 0
0 0
0 5
98 2
48 74
13 40
92 99
41 4
5 2
100 52
65 77
57 8
0 0
0 5
48 75
34 43
14 76
10 74
87 63
48 60
0 1
22 59
53 74
61 81
2 0
98 52
1 1
29 48
29 96
2 1
90 49
0 6
83 47
84 76
91 69
85 89
69 86
37 11
97 68
45 60
94 23
60 11
92 95
9 0
0 3
19 68
27 65
37 56
87 50
74 32
74 92
83 30
5 0
0 6
2 64
87 63
25 44
93 75
57 32
4 37
75 74
6 2
16 72
18 85
59 54
39 85
1 2
2 85
64 76
68 44
90 43
0 1
42 84
1 1
98 77
34 71
48 18
79 91
3 0
0 0
8 32
0 3
57 12
9 11
2 9
0 1
4 3
19 44
26 23
69 25
68 15
1 1
35 72
1 4
93 95
12 18
70 5
4 100
1 4
39 66
56 2
51 74
0 57
4 2
71 37
93 34
0 1
57 92
73 82
1 2
26 3
100 80
8 12
96 8
3 0
31 69
1 0
4 55
1 2
13 2
51 20
1 82
3 0
62 97
0 2
21 80
2 91
2 2
68 4
13 79
2 0
38 99
0 3
33 87
7 60
68 71
34 39
18 68
77 55
17 49
4 0
24 80
99 40
0 0
93 15
32 55
96 98
3 3
78 52
36 54
46 68
31 5
78 65
76 27
29 64
95 92
52 91
35 48
71 13
68 70
3 8
69 19
6 31
78 45
84 24
75 53
74 26
49 95
12 81
3 2
45 43
20 69
13 67
2 0
56 15
1 0
0 1
10 58
1 0
99 41
48 68
1 2
67 78
72 50
42 32
32 76
48 31
46 81
74 93
66 72
79 95
28 13
4 5
81 68
24 86
89 24
93 27
35 84
0 5
78 16
94 8
21 41
88 51
89 65
80 73
7 93
5 1
32 33
1 0
78 84
34 56
1 3
22 55
56 16
58 7
13 55
99 23
31 14
78 37
95 21
18 28
12 55
99 32
0 0
0 0
0 0
54 100
0 2
54 98
87 38
57 91
28 82
2 3
96 54
68 39
56 95
53 39
3 18
4 24
58 31
14 83
75 91
29 81
96 63
86 90
67 87
82 80
56 45
0 29
52 35
74 62
59 66
80 19
41 78
37 43
69 49
16 60
29 75
5 41
55 60
78 53
10 76
56 87
34 92
18 1
2 79
0 0
0 0
44 65
77 13
2 2
26 55
87 67
17 42
81 28
40 97
29 16
86 52
64 24
27 52
86 25
38 89
7 1
47 92
0 3
27 76
34 67
72 21
37 99
32 17
86 20
72 6
5 3
100 42
3 100
97 15
1 4
0 3
70 95
66 87
85 41
3 1
66 51
1 0
18 64
1 0
77 60
53 16
2 2
49 90
80 62
75 10
5 20
100 44
1 81
95 16
56 75
27 94
79 82
10 1
5 98
86 38
1 14
29 21
0 0
0 0
0 0
24 47
32 58
19 34
38 52
70 10
70 63
46 39
4 0
71 44
60 1
2 0
8 79
95 41
57 46
2 0
0 4
93 79
19 63
42 39
1 21
64 65
96 67
42 41
56 19
37 10
6 2
54 90
43 11
42 16
59 16
3 0
76 91
0 2
57 7
48 18
1 4
22 17
77 68
95 52
14 39
41 92
5 0
0 5
86 73
65 34
9 91
33 22
62 60
0 1
65 35
39 61
68 5
63 54
45 11
77 12
66 81
57 93
5 3
80 30
94 43
46 21
36 23
34 42
5 0
27 44
10 100
68 57
2 72
87 75
2 7
14 24
87 81
18 21
83 97
100 58
20 10
53 72
50 91
47 20
5 0
0 0
0 0
0 0
0 0
84 66
12 40
1 1
32 54
0 0
85 69
55 81
2 0
85 74
91 8
79 28
78 62
18 63
24 4
96 71
10 88
72 11
22 2
5 1
50 12
43 25
83 41
91 50
0 1
6 30
0 38
0 3
53 86
74 4
55 49
54 49
57 6
2 91
38 95
1 0
0 2
7 50
87 17
0 2
95 11
8 5
0 0
66 69
0 1
59 57
48 10
68 60
24 13
3 0
0 1
29 73
94 65
32 57
0 2
32 83
66 58
36 99
79 75
0 0
0 0
7 14
13 98
20 63
43 94
46 85
94 24
49 65
2 2
43 53
69 75
72 78
66 36
43 14
73 31
24 78
78 71
54 48
77 100
6 0
0 0
0 0
0 1
44 10
36 97
71 38
2 0
73 70
98 95
38 13
0 5
33 38
41 30
56 60
86 96
76 69
37 48
83 55
80 52
2 2
83 3
16 77
1 0
93 37
66 48
4 7
0 3
57 68
16 13
97 8
43 58
95 96
15 94
35 29
81 69
1 5
60 19
6 96
19 20
18 58
49 54
5 2
88 45
38 95
92 26
7 93
18 29
5 0
0 1
80 17
1 0
0 1
48 44
0 0
0 0
28 84
75 15
89 78
52 53
80 54
32 49
2 1
38 91
22 15
71 48
3 0
51 92
1 0
0 2
0 33
15 5
4 71
1 0
0 2
14 48
54 53
2 0
46 8
1 0
19 9
18 76
100 31
45 33
93 86
6 76
91 99
6 1
60 41
10 46
33 0
9 45
1 0
25 0
4 67
69 72
80 16
1 0
65 23
9 51
2 0
0 0
8 99
76 68
68 48
85 6
90 17
5 100
74 80
3 2
19 16
21 3
1 0
74 12
50 96
2 1
32 69
0 1
65 61
0 0
3 11
0 2
93 36
28 100
2 3
24 85
58 100
96 22
0 0
0 0
0 1
79 59
72 91
26 99
40 62
77 39
3 1
32 44
79 88
0 0
0 1
56 92
35 86
96 31
0 0
0 1
10 66
84 80
0 6
30 90
64 49
6 97
5 58
92 82
58 62
66 60
75 52
6 0
0 1
52 97
97 76
22 59
1 0
0 1
8 50
92 70
0 5
30 86
86 9
57 87
30 26
81 96
86 3
50 54
91 27
23 69
53 59
93 50
23 77
82 96
76 5
53 71
28 80
1 2
85 26
38 36
52 97
1 0
77 100
0 0
0 1
1 3
51 11
48 83
22 10
2 4
48 63
0 27
80 71
87 55
31 82
1 0
0 0
0 1
99 17
58 98
2 1
26 41
1 0
0 0
0 0
0 1
94 98
88 29
58 79
3 7
60 47
3 82
56 86
66 48
60 75
52 98
1 99
23 43
18 27
2 2
39 3
28 54
17 64
74 52
4 0
8 21
95 69
67 9
85 51
30 81
47 48
2 0
0 0
0 1
42 43
0 0
83 34
0 0
0 5
93 49
41 29
5 60
84 88
43 15
2 1
87 54
0 2
18 88
2 83
27 80
30 16
17 15
48 33
40 8
27 44
27 74
36 93
29 78
57 94
11 4
27 67
71 51
16 13
84 41
75 51
36 27
1 0
0 2
73 98
6 7
44 23
19 10
10 47
53 80
58 49
6 0
0 0
3 36
1 1
31 73
0 1
10 93
81 80
11 16
0 1
63 12
1 2
59 89
68 17
2 1
79 23
48 65
34 40
2 0
0 0
0 0
0 2
85 74
66 13
8 68
51 12
24 95
78 80
4 2
85 74
74 55
36 17
31 71
9 16
19 1
9 99
50 33
7 1
39 37
0 3
14 42
47 51
6 40
20 99
14 36
3 2
61 97
22 7
60 63
2 2
1 45
25 71
1 3
44 66
91 3
50 4
95 80
90 43
3 3
50 68
39 18
34 8
2 0
31 100
86 81
42 84
1 0
30 64
47 11
0 1
22 14
74 70
2 0
25 99
36 89
0 0
0 0
10 69
0 0
67 28
1 1
35 9
0 0
98 98
99 96
46 87
62 56
1 4
12 51
56 46
3 83
74 16
0 1
67 18
88 75
2 2
14 72
15 36
25 99
63 17
25 27
6 33
0 6
17 100
76 96
59 12
49 51
93 96
58 32
44 55
6 0
31 55
1 3
31 67
59 26
56 6
1 3
79 21
75 87
57 48
0 2
8 31
34 69
87 77
0 6
98 34
64 23
64 100
15 63
98 48
20 73
19 17
39 66
0 0
0 0
0 3
16 35
69 55
2 20
82 23
4 31
2 0
100 99
0 0
0 2
68 63
7 97
88 35
2 0
6 26
1 1
82 22
0 1
39 10
8 50
1 6
2 68
77 42
58 91
79 81
18 68
5 19
97 61
68 75
70 90
5 71
78 43
5 1
93 41
36 95
2 0
52 32
53 89
0 2
19 56
82 8
31 28
77 15
0 40
