1000
90 86
63 49
3 3
89 71
79 1
33 88
54 97
41 24
5 1
89 77
88 45
2 1
69 65
0 0
0 2
15 52
54 53
2 2
54 74
85 100
70 32
59 87
85 100
0 1
52 15
1 0
0 0
0 1
6 11
75 51
24 24
28 20
0 0
7 0
38 55
79 4
2 0
0 1
72 18
1 1
83 48
19 83
0 92
0 4
35 57
53 18
55 43
13 58
5 49
0 1
99 39
81 38
1 2
11 89
9 67
0 0
87 54
78 30
88 72
78 65
4 0
0 1
44 3
1 3
6 40
80 34
34 77
89 32
4 17
51 28
86 33
57 30
76 79
94 95
30 20
24 8
48 97
85 24
14 82
98 71
93 1
94 12
26 12
23 48
85 0
98 11
0 0
8 18
0 0
0 0
51 19
61 87
1 0
0 4
87 24
96 14
56 77
37 95
4 40
2 99
65 56
57 33
50 79
5 3
90 6
4 63
53 91
68 38
25 2
4 0
0 2
87 2
47 54
1 0
0 1
81 35
68 71
0 8
13 55
2 40
36 90
79 5
46 11
37 59
59 77
92 43
34 80
35 42
9 0
0 0
82 11
85 2
1 4
41 75
62 55
47 19
100 64
83 31
67 74
4 87
48 25
54 28
99 46
18 16
24 56
69 43
6 6
12 0
31 1
1 0
44 41
1 2
70 40
99 42
2 3
0 71
87 82
17 43
1 1
99 29
71 70
9 62
1 2
9 41
80 50
23 2
0 2
64 0
97 13
2 0
1 61
100 54
43 74
70 40
91 76
34 17
23 14
3 7
51 96
87 83
55 75
99 8
26 27
45 90
89 37
0 1
32 86
30 2
96 56
15 12
7 7
45 84
43 77
43 85
6 2
65 96
4 25
1 0
0 0
0 4
54 53
2 11
92 59
55 6
86 63
0 1
13 80
1 0
0 0
0 1
17 77
1 1
43 79
0 8
97 89
30 97
1 41
13 77
40 92
63 50
71 68
95 29
6 2
54 33
42 49
0 0
0 0
0 2
87 75
21 9
1 1
80 33
1 2
12 46
44 20
64 66
2 1
13 41
1 3
7 77
34 84
28 100
73 36
23 9
14 5
6 1
84 30
14 11
1 0
21 39
1 0
0 0
0 1
77 66
0 3
62 38
86 28
44 52
24 42
62 32
53 48
5 0
0 0
0 0
0 1
95 1
0 1
88 28
0 1
42 7
81 42
1 1
67 25
0 0
13 44
35 2
0 0
71 34
49 42
69 55
10 45
0 0
0 1
23 54
1 0
0 2
27 23
52 42
27 24
0 0
69 43
2 52
0 0
0 4
11 20
22 43
42 43
15 43
55 95
80 47
12 49
1 1
32 39
0 1
36 52
1 0
0 1
89 34
1 0
19 67
50 5
83 46
35 13
91 95
4 0
72 73
1 0
0 0
0 0
0 0
0 2
24 9
46 6
2 0
62 10
16 44
2 0
0 1
6 27
0 5
47 6
42 58
42 100
2 62
30 12
4 1
60 8
0 1
73 87
71 74
35 43
3 0
99 38
0 1
7 34
0 1
20 76
1 1
62 82
63 29
2 1
46 20
1 3
87 65
4 8
50 61
0 99
14 46
30 62
0 1
12 100
43 13
18 100
99 97
2 1
59 2
12 93
46 93
12 8
2 1
7 81
0 4
23 4
33 56
49 73
28 63
64 90
100 4
100 17
4 1
5 29
0 2
80 36
8 14
13 57
0 0
72 24
0 0
25 81
16 30
91 3
41 82
2 1
68 84
1 0
0 4
86 58
11 96
12 99
62 84
0 0
36 99
25 1
46 53
81 10
17 27
59 3
5 3
36 53
18 8
91 14
93 12
67 52
3 3
93 21
81 67
80 74
3 2
25 74
78 4
1 4
41 100
23 1
18 36
10 60
0 4
48 2
82 31
54 71
18 4
18 23
3 1
99 40
19 44
1 0
0 0
0 1
25 36
16 92
20 31
86 45
28 59
13 34
76 66
5 0
70 72
46 85
6 10
1 1
30 60
93 90
2 50
47 73
1 1
77 94
51 73
40 39
36 30
49 61
5 0
0 0
0 2
38 67
48 87
1 2
61 76
1 77
4 1
1 2
27 49
0 68
68 44
1 1
90 17
43 93
1 1
16 92
64 96
6 45
2 9
26 50
69 24
78 80
3 40
27 44
21 7
41 68
60 95
28 66
82 63
54 14
55 61
28 10
27 64
11 36
52 69
0 1
76 19
0 0
0 2
73 45
31 100
10 42
3 0
0 0
76 35
77 17
2 0
0 1
31 18
1 1
45 86
46 48
1 3
48 46
17 55
87 56
2 2
89 14
48 60
54 70
68 92
23 40
83 49
57 39
2 1
8 77
86 89
0 0
91 29
0 0
0 4
56 83
75 84
76 22
64 26
81 50
6 14
41 63
5 0
0 1
44 44
0 1
46 99
54 62
1 0
0 1
46 40
92 58
2 0
23 99
0 0
0 1
63 17
10 74
1 0
7 93
0 3
12 15
87 74
91 31
14 77
39 86
93 27
4 1
90 34
0 0
25 79
1 1
90 15
77 9
0 5
58 63
59 95
43 91
46 31
35 2
58 24
89 74
0 2
88 46
6 58
13 2
0 0
0 1
82 19
74 84
76 41
2 0
61 17
0 1
67 85
4 19
0 3
39 54
11 7
63 16
45 23
4 3
25 90
34 51
12 8
79 37
32 60
53 47
11 37
39 59
3 0
89 18
1 1
93 28
68 60
10 90
70 55
4 0
85 22
0 0
0 1
54 53
11 86
85 57
91 59
26 25
0 0
49 57
1 0
0 3
31 42
20 83
10 69
2 0
16 11
56 12
0 6
20 36
39 19
15 47
28 42
17 28
38 27
3 2
22 53
20 80
1 0
14 43
96 18
85 35
0 0
60 19
1 0
0 2
63 89
18 97
38 39
77 92
12 79
5 1
50 32
26 82
29 44
0 0
0 1
92 19
0 0
0 1
86 43
41 44
88 37
0 3
84 42
49 19
61 20
1 0
15 78
1 0
0 0
29 1
1 0
0 0
20 90
1 0
0 0
0 3
77 11
19 0
41 30
2 0
25 4
0 1
88 35
71 61
63 52
3 0
86 56
0 0
0 0
87 27
95 70
40 71
3 1
90 20
88 57
1 0
0 2
41 67
77 71
11 99
3 0
37 46
67 77
52 24
38 33
84 25
63 12
4 0
0 0
17 18
25 49
1 0
0 2
44 24
72 27
85 60
92 85
52 93
1 2
65 17
66 53
60 53
5 29
7 91
1 3
44 13
99 76
100 9
0 0
78 14
35 28
5 73
20 32
6 2
40 32
5 0
0 1
82 70
0 1
64 88
14 38
0 0
0 8
51 19
90 34
85 3
72 82
57 48
76 20
39 3
42 36
5 2
82 19
60 87
42 31
76 68
3 0
0 2
23 39
1 11
1 0
73 6
19 16
0 0
0 7
86 53
91 2
71 93
57 21
74 83
96 13
64 24
7 2
3 46
96 63
1 0
14 76
0 1
60 23
52 31
57 100
2 2
43 19
84 66
0 0
0 0
19 28
1 0
0 5
92 64
32 4
2 67
94 25
57 16
3 47
3 0
92 95
15 49
2 0
98 92
60 0
73 52
27 1
77 83
20 46
0 1
51 59
76 73
1 0
67 30
1 0
85 67
49 35
37 72
17 18
3 0
0 2
80 56
83 57
2 3
69 46
76 68
59 85
61 95
4 0
0 2
91 1
33 8
1 1
82 37
43 86
2 0
93 70
0 1
5 17
69 91
89 63
3 0
87 18
84 78
37 11
3 0
19 72
0 0
0 2
76 100
94 24
32 46
94 19
40 40
23 41
66 91
9 84
43 62
0 6
78 68
85 57
57 16
64 11
58 10
72 23
5 1
60 35
61 21
2 2
19 32
47 73
93 37
2 3
54 59
23 43
75 92
78 36
88 55
22 64
22 71
10 45
7 1
97 22
0 0
0 0
19 40
53 36
2 14
0 1
38 49
0 0
77 24
0 1
6 16
1 0
0 0
0 0
97 55
32 70
41 4
0 0
0 1
50 22
56 57
88 22
2 3
95 100
56 54
57 13
27 92
2 6
47 95
24 3
74 67
90 22
40 54
43 22
5 0
0 77
8 95
11 95
0 2
72 4
94 97
2 0
0 0
20 21
91 96
72 26
63 72
4 2
96 90
67 26
28 6
1 2
17 69
43 28
65 61
0 0
0 0
45 97
47 75
84 34
37 91
100 70
3 91
0 1
42 77
1 0
0 0
0 1
6 10
65 7
67 83
18 47
2 0
0 7
86 6
27 31
1 11
26 6
79 26
19 33
22 4
4 0
0 0
83 68
5 7
0 1
80 7
0 2
28 14
45 88
0 0
0 6
16 75
24 86
54 46
7 34
59 14
62 67
5 3
6 27
1 9
14 42
2 0
0 0
0 6
79 35
98 3
42 75
85 28
89 24
19 66
4 0
0 53
84 28
