1000
16 2
69 14
15 25
33 38
72 0
0 3
98 91
68 34
63 81
11 61
25 17
88 34
93 74
7 1
56 1
1 9
7 66
15 27
2 75
65 37
29 81
94 85
99 8
11 4
63 65
3 0
0 1
95 90
84 28
0 2
93 13
14 83
1 1
19 41
49 82
34 0
39 39
5 84
1 4
80 72
90 79
92 53
65 16
83 59
1 0
36 1
34 94
1 3
3 3
23 65
58 7
76 63
24 72
0 1
12 34
1 1
62 49
51 54
2 0
0 0
59 50
1 4
64 7
91 98
64 27
64 46
34 98
75 83
37 11
2 2
17 10
75 52
36 33
0 0
0 1
63 45
0 0
0 0
0 0
0 7
95 80
23 85
22 25
48 62
61 95
81 34
94 2
5 40
71 20
2 1
34 19
32 84
2 3
86 65
50 31
82 43
1 0
0 0
0 0
0 0
61 25
98 92
2 0
0 0
0 0
50 64
1 0
51 81
13 30
1 1
64 63
87 66
3 68
0 5
64 99
97 100
27 82
85 92
74 62
1 0
0 0
0 0
71 71
0 1
73 12
6 19
77 76
0 0
0 0
0 0
0 0
0 0
0 0
0 0
22 12
1 6
28 100
95 61
14 100
92 39
95 84
65 44
3 0
0 3
76 65
94 5
96 100
3 1
24 55
1 0
0 0
0 1
15 35
1 1
36 6
0 1
69 86
1 0
0 0
0 0
0 0
0 0
0 2
36 38
68 51
52 63
1 0
0 0
0 0
0 0
0 1
12 56
93 45
48 2
0 2
32 66
29 23
73 85
1 1
35 66
0 4
57 42
29 49
29 10
2 66
0 0
0 0
13 65
70 45
36 21
34 85
27 6
3 0
0 1
86 25
13 6
82 77
58 93
3 0
74 68
1 0
0 0
0 0
0 3
28 36
11 17
97 65
8 90
38 79
75 31
3 0
0 0
84 14
11 28
50 41
16 10
0 0
36 11
23 16
34 92
50 8
1 0
26 79
6 44
30 40
2 1
83 27
52 33
9 17
59 99
24 99
0 62
6 0
3 0
1 1
43 58
1 2
34 16
93 90
0 11
3 0
45 91
0 1
18 79
1 5
36 73
75 79
71 30
96 65
86 30
71 30
3 2
38 54
38 61
84 14
73 12
38 70
5 0
0 2
8 79
67 17
23 37
2 1
24 83
74 68
67 46
24 36
4 1
72 31
61 88
67 10
53 94
56 59
89 70
82 33
4 0
0 0
93 7
0 1
24 86
0 1
61 91
1 3
42 29
12 50
34 8
48 29
55 33
0 75
5 2
47 48
15 37
0 5
70 81
88 11
89 59
28 84
21 43
4 0
0 1
24 16
94 97
0 0
0 0
0 0
0 0
82 52
1 0
65 51
92 33
0 0
0 2
44 16
84 45
7 22
12 48
2 0
18 90
92 87
32 95
49 75
0 0
0 0
0 0
52 73
1 0
0 0
3 20
39 58
2 0
90 33
0 3
54 58
29 7
4 62
98 56
3 0
0 2
50 30
82 87
2 3
29 40
82 78
11 27
45 87
16 45
0 2
77 11
25 95
0 2
69 31
65 67
2 1
90 43
0 1
7 59
9 65
38 59
30 62
50 41
1 3
29 69
13 43
68 73
0 0
0 0
0 0
0 0
0 4
21 25
91 4
7 94
95 79
3 1
27 55
1 4
99 48
21 52
36 91
58 21
84 94
5 0
0 0
0 0
0 2
83 92
79 58
22 77
3 1
56 69
0 1
16 27
23 36
0 1
80 62
14 88
1 1
58 30
99 21
1 0
69 58
87 9
2 3
32 17
94 47
91 90
13 43
0 0
0 0
0 1
50 69
97 11
0 0
19 49
0 0
88 96
0 0
62 27
0 1
65 71
61 63
67 24
22 37
49 7
3 0
0 0
0 0
79 98
1 0
0 0
0 2
31 49
56 65
0 2
54 48
70 46
0 1
81 6
18 76
2 1
79 94
0 4
89 49
27 30
76 9
29 47
14 59
28 41
21 1
4 2
59 60
73 13
2 3
64 27
30 41
78 6
0 42
49 67
85 59
3 0
1 96
15 70
56 6
0 24
82 51
45 74
3 1
28 13
0 0
42 8
8 7
2 1
43 90
96 38
62 32
40 43
72 75
3 0
26 72
96 27
36 64
0 1
71 78
0 0
0 0
25 10
1 1
87 11
32 23
50 29
1 1
15 62
1 1
38 14
0 0
0 0
0 0
0 0
67 50
64 38
54 75
33 40
1 67
7 46
4 0
0 4
20 34
2 22
38 93
20 95
2 1
10 33
45 16
26 30
3 0
0 0
0 0
0 1
16 33
97 100
0 1
67 48
58 68
1 0
2 0
0 1
24 54
95 54
20 7
39 82
2 1
96 26
1 5
49 28
47 43
72 69
12 100
53 30
2 4
12 4
0 62
67 20
68 94
69 100
1 0
0 0
0 0
0 0
0 0
94 85
42 75
2 0
0 0
85 3
71 22
0 2
62 52
94 19
100 92
0 0
0 3
100 3
84 54
96 6
21 85
0 5
98 47
68 61
5 87
23 55
65 100
1 0
15 62
0 3
67 96
40 46
14 54
92 15
45 64
1 0
0 1
75 39
0 0
37 21
1 1
2 76
21 86
82 62
89 31
23 24
45 40
2 3
59 96
41 41
40 50
29 28
32 62
67 99
5 1
44 91
1 1
85 29
97 88
33 89
1 2
0 14
37 82
2 1
37 90
1 0
0 1
23 79
0 0
0 1
15 64
0 2
74 47
88 88
1 1
48 54
1 0
0 0
0 0
0 4
18 10
47 3
99 76
65 96
14 57
61 90
0 0
0 0
0 0
24 87
1 3
74 45
63 47
16 15
78 41
3 1
20 72
92 62
33 96
3 0
0 37
92 52
2 0
0 0
84 91
0 0
0 1
42 80
17 39
91 41
0 1
35 86
1 0
80 40
88 6
0 0
0 3
48 45
63 8
26 6
2 52
77 68
1 0
0 0
8 49
50 25
75 93
15 95
4 49
2 0
0 0
0 0
0 0
0 0
0 0
0 0
0 1
87 42
0 5
91 82
23 55
4 30
91 74
89 25
81 92
5 0
10 16
23 38
24 34
89 7
1 0
0 0
0 2
47 74
34 16
58 16
3 0
0 2
50 10
13 28
29 24
2 1
9 92
1 1
86 22
0 2
85 27
58 78
56 94
89 35
1 1
42 67
1 0
87 78
27 77
50 97
0 0
0 5
76 27
36 5
28 59
71 36
33 19
75 93
51 40
27 91
97 62
7 0
0 3
100 52
9 73
7 26
37 5
34 54
51 51
77 73
54 3
22 21
21 48
9 2
20 37
79 19
0 2
35 0
86 97
41 24
34 51
3 0
0 0
0 0
0 4
4 87
6 6
51 77
13 25
4 0
0 0
0 1
98 84
1 1
95 46
32 28
0 0
0 0
20 47
6 37
0 1
89 31
86 12
2 5
75 5
27 14
16 35
29 48
18 73
0 2
91 69
90 66
1 3
94 79
7 21
84 78
7 67
40 58
5 4
3 12
33 49
39 0
64 69
90 56
3 0
0 0
86 96
10 46
10 47
59 95
34 43
13 98
58 82
0 23
7 0
0 0
0 0
0 0
0 0
50 2
0 2
77 72
43 8
1 0
0 3
37 78
68 100
74 80
2 0
70 24
1 1
54 46
0 2
99 88
97 91
0 0
0 0
100 44
81 99
26 45
48 27
4 0
0 2
48 50
67 19
33 45
34 21
6 68
19 86
96 18
37 22
6 0
0 6
7 41
94 23
6 48
64 93
76 41
18 76
6 1
94 94
22 67
0 0
78 48
60 83
2 0
0 0
0 2
37 12
35 7
79 55
39 65
0 1
69 65
1 0
0 0
0 4
87 55
21 49
89 12
84 22
4 0
0 0
0 1
64 39
55 17
12 35
1 1
15 16
97 73
0 0
36 85
1 1
72 40
97 62
2 1
13 39
24 16
0 0
0 0
0 1
73 38
1 0
55 42
1 0
0 3
87 94
2 16
65 24
1 3
37 84
64 33
87 99
2 4
80 22
34 0
15 4
32 70
98 89
24 20
1 4
94 18
19 9
48 5
50 11
2 0
43 90
1 2
22 26
6 31
10 47
92 55
0 0
56 65
54 93
0 1
19 37
0 1
88 90
71 31
0 0
0 0
0 1
21 38
91 100
2 0
23 63
24 50
2 1
20 30
0 0
11 68
1 3
80 28
88 10
80 30
1 0
0 4
52 45
93 94
25 96
18 63
92 44
54 14
27 38
39 50
44 25
94 96
18 56
47 27
85 0
6 0
0 0
0 1
81 25
47 72
54 17
2 0
0 0
0 1
88 9
12 65
3 67
98 30
87 99
1 2
89 47
82 90
77 18
24 76
2 2
38 69
6 84
57 20
1 0
0 4
97 33
7 69
28 4
74 6
59 24
5 0
12 87
0 0
43 70
45 76
47 42
81 4
96 90
3 17
