1000
48 0
0 1
78 91
0 0
75 65
69 2
60 96
2 1
87 24
0 0
0 1
59 8
50 36
50 76
1 0
17 60
0 1
69 70
0 1
25 80
0 0
59 38
0 0
77 92
1 0
0 3
86 67
12 2
27 26
1 0
0 0
0 0
0 0
0 0
0 0
8 12
0 0
0 1
96 11
0 0
86 16
0 0
0 1
60 10
44 31
0 0
6 47
68 43
70 63
3 0
0 0
0 3
1 82
87 41
36 36
0 0
0 3
88 49
98 88
0 58
41 42
3 0
0 0
72 71
1 0
0 1
21 30
43 96
4 9
1 0
35 56
48 4
0 0
15 10
1 0
0 0
0 0
49 75
0 0
0 0
76 68
0 0
0 2
29 12
54 5
58 88
3 1
99 89
0 0
0 0
0 0
71 100
1 0
0 1
20 80
10 10
1 1
70 78
0 3
20 6
70 32
49 50
90 94
75 17
31 95
0 0
78 58
44 38
82 22
2 0
47 96
1 2
54 74
57 30
44 38
1 2
36 56
74 63
16 13
1 1
78 57
17 82
2 2
39 8
71 26
0 0
81 44
57 19
28 18
28 16
3 0
0 0
0 0
32 100
72 61
0 0
0 1
97 40
1 2
14 15
2 16
1 0
41 99
0 0
0 1
57 100
83 37
44 40
63 84
2 1
61 26
74 42
2 1
83 20
1 0
0 0
0 0
73 73
0 0
0 0
0 0
0 0
0 0
0 0
97 26
0 0
52 54
1 0
0 2
35 17
19 71
94 57
98 15
39 15
26 55
97 100
3 0
28 73
50 80
76 58
2 2
92 60
41 91
1 1
1 67
3 70
1 0
0 2
17 31
50 51
0 0
0 2
97 14
1 49
0 1
8 51
1 0
0 0
21 9
1 2
28 25
16 86
2 0
0 4
46 20
80 73
44 94
89 47
3 0
59 36
0 1
89 26
0 1
32 45
0 1
3 96
0 0
0 1
87 32
0 5
58 33
65 14
82 42
38 71
41 1
0 2
73 12
80 37
0 0
0 4
96 42
62 40
95 19
80 91
0 1
89 30
77 35
16 66
3 6
16 9
61 26
85 21
18 70
48 65
77 28
49 1
25 20
42 38
14 15
54 95
53 33
2 1
98 6
98 99
0 0
50 51
0 1
100 82
39 92
17 61
53 46
0 1
93 100
1 0
0 2
15 77
89 71
12 92
1 0
0 0
0 0
17 12
77 97
2 0
0 3
44 66
64 91
59 38
0 0
0 2
18 45
11 94
0 0
0 6
45 26
82 74
49 70
71 61
79 2
75 52
6 2
10 49
37 100
34 47
0 0
63 53
45 35
1 4
29 82
1 27
57 30
32 65
14 66
90 12
60 31
56 75
5 0
64 37
0 0
0 10
6 87
41 5
43 49
82 72
13 62
61 3
66 93
45 72
41 0
94 53
98 14
71 39
1 2
49 49
51 37
21 58
59 66
3 0
43 14
1 2
3 84
90 11
1 0
88 55
0 1
61 62
1 1
0 56
1 1
5 38
96 96
0 1
11 1
0 2
95 46
38 6
2 0
0 8
27 23
81 13
88 36
10 64
10 79
78 93
15 7
86 73
8 0
0 0
64 9
1 0
0 0
0 0
35 47
98 37
0 3
74 8
50 31
68 54
0 16
66 99
0 0
66 57
0 0
77 44
1 0
0 3
84 45
48 21
74 52
0 1
45 73
1 0
0 0
0 1
46 35
85 70
74 31
0 0
0 6
16 55
24 56
10 31
37 79
11 4
70 41
55 71
98 80
6 0
0 9
64 58
12 72
80 94
53 52
76 100
37 51
28 1
70 6
66 90
8 2
42 78
78 96
66 23
57 51
11 65
19 1
6 5
84 74
99 49
62 17
31 46
92 29
90 49
6 0
0 3
11 91
57 22
6 34
23 10
36 97
75 53
48 43
6 1
32 90
0 0
0 1
19 88
1 0
0 0
0 0
47 39
0 0
79 54
72 49
0 0
67 31
1 1
48 44
4 33
2 1
55 79
82 38
0 1
48 98
37 31
45 25
31 21
82 57
2 2
89 52
33 14
31 47
57 43
0 0
0 1
73 27
78 96
1 1
94 17
0 0
92 68
11 28
34 58
0 2
1 24
41 14
88 87
29 82
22 73
36 98
6 2
90 28
6 16
2 2
85 4
23 34
1 1
18 43
80 32
0 0
63 0
1 1
53 56
91 25
0 2
40 85
47 26
31 45
23 45
40 34
33 97
41 84
29 9
56 7
62 8
3 1
34 59
4 71
1 2
64 1
83 12
1 0
46 26
0 8
37 12
65 9
62 91
94 4
60 31
98 62
33 14
62 74
29 21
1 0
0 0
10 44
9 29
0 1
47 70
1 10
50 14
23 18
54 24
94 89
36 72
45 89
26 84
100 56
8 15
73 33
89 4
60 80
1 0
0 2
26 59
31 48
2 0
0 2
71 6
21 45
0 0
91 28
1 0
0 1
15 10
0 1
4 70
31 79
15 36
98 24
56 54
0 2
9 38
63 58
90 99
2 3
9 86
28 16
1 23
34 41
4 0
41 100
0 0
79 51
4 36
43 68
76 65
10 54
65 82
47 59
1 0
0 0
0 0
62 42
0 0
4 53
0 0
0 0
77 60
1 1
85 100
97 77
91 98
0 1
4 49
16 44
53 92
0 0
0 1
100 83
33 46
0 0
0 0
0 2
7 15
39 54
0 2
19 34
26 73
2 0
0 6
28 0
34 45
25 30
71 5
59 96
38 72
5 38
36 3
4 1
25 60
0 1
15 57
38 31
1 0
50 52
1 0
0 1
61 84
1 0
0 1
94 74
0 0
0 0
24 55
0 0
0 0
12 56
0 0
0 0
58 67
0 0
99 53
0 0
0 0
0 1
87 49
0 0
0 0
23 37
4 38
0 0
0 0
96 11
0 0
0 0
0 0
0 0
0 0
0 0
26 9
32 61
2 5
83 52
70 36
16 79
12 74
13 78
84 86
1 0
0 2
86 23
0 65
21 73
19 8
2 1
41 24
0 2
61 42
37 32
2 1
46 8
1 0
0 3
62 26
37 81
96 1
1 1
90 6
0 2
26 13
89 62
1 0
80 100
88 100
0 0
0 1
93 36
0 2
24 47
63 48
2 4
52 37
70 48
60 12
6 35
56 88
59 39
84 78
64 47
74 14
9 2
48 81
89 1
0 1
67 37
0 0
0 0
0 0
0 1
100 37
1 79
1 1
16 99
1 2
32 73
5 30
60 70
58 54
45 7
1 1
40 78
53 8
85 91
2 0
99 9
1 0
0 0
15 79
1 0
0 0
0 0
0 0
54 12
43 29
0 0
0 3
52 24
20 39
8 1
55 91
83 100
2 0
65 60
96 58
2 0
0 0
0 2
67 75
91 98
73 1
45 50
2 0
0 1
66 91
3 65
32 12
0 0
0 1
26 68
67 5
1 6
15 47
23 26
82 66
55 15
16 54
100 61
14 41
3 1
93 8
0 0
85 61
56 62
26 11
1 0
44 34
1 0
38 33
15 7
20 99
14 30
90 40
87 42
0 0
100 4
58 43
84 99
84 92
3 0
0 0
0 0
0 2
78 51
75 3
39 7
92 86
3 0
39 85
1 0
0 1
42 66
67 57
2 0
0 3
6 0
92 94
94 85
2 1
46 47
32 19
36 90
57 6
3 0
0 2
6 7
63 62
35 40
19 58
0 1
74 38
36 69
0 0
0 0
0 1
30 57
1 1
87 38
0 0
0 0
0 1
20 48
0 3
72 93
17 65
77 70
81 43
62 72
72 16
6 0
0 0
68 72
57 78
0 0
0 0
77 23
98 2
2 1
8 92
1 0
0 0
0 0
0 0
0 0
0 3
12 59
87 39
92 72
3 0
0 0
0 0
67 72
44 53
2 0
0 1
23 35
7 76
35 56
23 49
2 56
31 19
86 35
60 46
6 0
29 79
31 14
48 42
55 64
61 65
54 60
1 0
0 0
0 2
44 69
99 31
17 62
69 6
3 1
25 75
94 100
1 2
17 25
10 10
1 0
61 47
37 86
2 0
0 0
0 0
0 2
50 21
52 17
0 0
0 1
87 6
86 54
2 1
41 41
1 1
55 62
63 27
1 89
86 9
51 6
2 1
72 53
1 1
68 63
91 100
0 0
35 42
1 1
67 87
1 0
0 2
91 53
71 69
36 97
18 76
37 60
0 1
0 86
1 0
0 0
0 1
94 22
44 68
1 1
95 76
0 1
0 96
0 0
0 4
39 82
94 82
14 47
45 52
100 11
46 80
1 83
7 1
60 20
0 0
0 1
55 46
1 0
0 0
0 2
84 92
74 91
35 37
2 3
25 26
23 69
40 91
54 17
47 87
5 0
3 29
0 2
41 6
82 4
81 91
70 3
18 93
47 2
3 1
96 5
0 0
0 0
0 1
96 77
100 90
5 69
6 5
3 0
17 39
1 1
72 31
1 0
72 69
