1000
45 20
17 1
67 4
33 16
59 5
80 32
7 93
14 39
76 12
84 9
4 0
0 0
79 48
1 4
1 28
2 66
32 79
77 42
0 1
56 99
1 0
45 34
1 0
3 68
1 0
0 2
3 7
57 69
45 37
0 0
25 50
9 30
2 2
49 36
42 15
0 0
0 1
61 29
0 27
48 56
17 77
3 0
0 0
0 0
0 9
16 97
57 9
54 73
12 21
47 42
71 39
77 43
55 18
19 61
72 8
3 6
85 34
12 40
93 93
64 68
91 45
98 24
50 24
3 0
26 14
0 4
30 58
6 95
80 46
88 3
4 0
41 52
1 0
42 25
1 41
62 35
94 12
43 62
79 29
1 2
54 22
91 40
2 0
5 14
55 82
2 1
78 93
27 90
1 0
0 0
0 0
0 1
47 17
66 22
0 0
0 0
40 78
1 0
0 1
72 54
1 1
50 99
0 3
65 28
62 53
16 68
7 88
3 0
41 11
0 0
48 98
38 78
2 2
48 6
47 27
80 21
38 57
3 0
0 0
0 1
43 35
1 2
38 66
82 50
0 0
0 1
38 41
77 57
1 1
8 40
0 1
74 61
20 15
1 2
73 80
51 20
23 14
96 98
2 0
82 32
1 0
0 0
67 33
68 63
78 13
1 0
67 86
0 2
8 31
77 9
1 0
0 0
2 46
1 1
28 48
0 1
14 62
1 0
0 0
0 0
0 0
34 91
0 0
29 42
24 99
2 0
51 43
0 0
0 0
0 0
0 1
25 61
0 2
65 20
50 86
0 0
0 1
20 0
1 1
13 15
1 0
96 74
0 0
82 99
91 99
0 2
45 47
29 42
80 42
2 0
16 41
1 0
0 1
36 27
76 57
0 0
0 1
24 22
1 0
4 89
100 11
1 1
78 60
1 1
90 44
0 0
91 7
22 88
13 15
74 82
10 19
2 0
0 3
89 32
6 94
48 7
91 22
69 20
64 97
2 1
44 22
29 44
90 11
0 3
12 76
5 56
64 9
25 46
44 16
52 95
22 58
95 40
3 27
5 0
0 1
57 68
1 4
14 35
27 14
92 21
68 69
14 68
4 0
0 4
36 14
44 72
33 49
68 90
0 1
97 62
23 52
1 3
54 91
42 36
32 27
3 0
27 16
91 5
85 93
0 0
0 0
0 0
0 2
36 61
55 56
74 33
1 1
0 9
0 0
0 0
0 1
50 91
17 42
1 0
94 12
0 1
60 73
68 58
1 0
0 0
88 28
91 41
1 0
0 2
99 5
92 85
84 54
67 90
3 0
0 2
65 94
23 6
0 0
0 0
19 44
0 1
65 34
0 0
0 0
0 3
65 93
14 78
95 95
1 0
80 99
1 0
0 3
72 90
30 74
40 47
3 1
13 23
1 1
36 58
0 68
0 0
29 21
1 0
68 57
87 73
2 0
0 0
0 1
16 76
1 0
0 0
0 1
25 43
1 0
0 5
39 57
49 42
87 75
72 35
3 25
5 0
86 39
1 1
9 35
0 0
0 0
0 0
0 0
7 1
0 0
31 87
60 79
92 22
3 0
73 13
4 96
0 4
42 100
53 24
68 50
34 78
4 0
70 63
100 2
25 76
100 23
72 73
2 0
67 21
1 1
57 60
83 5
41 7
0 0
89 70
1 0
0 0
59 3
73 14
2 2
78 87
30 74
2 0
0 0
0 0
0 0
0 0
0 5
21 77
42 27
59 26
9 66
63 65
1 0
16 94
21 57
2 0
97 12
88 90
1 2
58 19
99 86
70 34
40 17
1 2
50 69
89 36
96 18
3 3
40 59
78 5
24 51
59 43
8 94
99 32
94 3
93 87
4 2
97 58
86 34
2 0
48 41
1 0
0 0
81 52
0 1
42 86
1 0
0 0
0 3
21 50
27 99
4 13
27 48
77 27
42 86
1 0
0 0
0 1
52 48
14 13
0 31
34 47
1 0
0 0
0 3
82 23
13 90
97 16
1 0
0 1
74 68
62 38
0 1
26 2
22 89
44 17
1 0
0 2
61 1
82 65
1 0
28 81
0 0
0 0
0 0
0 2
77 29
26 62
25 97
70 47
100 33
1 0
0 4
100 91
90 81
61 65
30 80
3 0
0 0
0 0
64 78
74 89
100 33
2 0
32 64
100 38
2 0
30 30
1 0
82 87
0 1
27 26
87 71
1 0
82 91
46 63
1 0
96 24
81 65
80 91
2 1
64 90
0 0
58 57
26 34
17 69
33 15
2 0
30 78
0 1
72 28
20 25
43 9
3 0
0 0
0 0
0 0
18 99
92 76
2 0
0 0
0 0
0 2
17 50
58 47
60 77
1 0
68 26
65 75
87 58
3 0
0 1
41 43
65 74
32 80
51 5
57 10
97 95
2 3
23 51
86 100
100 82
31 27
14 37
1 0
0 1
29 36
0 0
47 61
1 2
13 38
39 11
77 54
13 97
42 50
1 0
0 2
52 42
73 57
49 45
62 11
11 8
3 0
0 0
63 71
7 28
28 54
1 0
21 63
1 5
37 67
58 13
41 2
44 41
46 56
3 0
63 82
12 91
9 71
89 3
88 42
5 0
11 78
68 8
37 71
0 0
0 0
87 70
1 0
88 46
0 0
98 10
13 74
41 38
0 0
0 0
38 28
27 92
0 2
67 44
35 4
2 0
26 9
88 68
2 0
0 1
60 26
1 1
66 96
80 53
2 0
0 1
41 33
0 0
0 3
75 100
91 54
14 31
2 0
88 8
1 1
16 92
97 68
0 0
93 64
0 2
7 35
65 74
92 18
75 45
71 99
1 0
0 0
41 52
1 0
0 0
0 5
39 58
54 88
99 52
72 86
46 33
23 44
5 1
22 89
8 34
44 40
0 14
22 12
5 1
50 65
98 39
1 0
0 0
0 0
49 14
1 4
62 57
98 68
80 95
80 17
11 70
4 5
79 24
3 9
33 63
78 42
30 86
4 0
61 87
0 0
0 0
0 0
63 3
1 1
95 15
1 0
0 0
65 59
37 52
64 99
56 29
4 68
24 92
1 0
0 3
67 41
31 95
85 32
95 74
95 55
2 2
53 6
94 22
23 79
12 10
93 99
4 0
0 0
0 0
0 6
88 34
1 8
82 14
54 1
46 46
44 94
36 35
5 0
48 99
1 1
3 82
1 0
0 2
78 99
33 85
2 0
0 3
16 62
29 88
39 69
34 18
45 52
47 72
98 45
24 30
96 62
67 86
2 2
20 26
87 12
0 0
91 99
23 64
72 64
1 1
23 27
46 79
2 0
0 4
12 18
41 29
63 66
85 49
2 0
0 0
0 0
0 1
19 50
1 0
70 19
1 1
2 91
0 0
0 3
82 13
43 7
16 62
3 1
87 25
33 38
0 0
48 82
59 36
25 47
15 90
0 3
81 82
58 73
6 16
0 1
96 50
0 1
58 23
41 82
8 59
2 0
0 0
0 1
71 67
56 13
2 0
0 0
0 0
0 0
0 0
54 68
83 7
17 44
1 1
71 44
1 3
8 97
64 4
49 56
40 33
4 0
0 0
0 1
6 52
0 1
13 65
0 5
62 11
5 14
59 48
93 97
45 58
0 0
60 40
0 0
39 33
60 65
2 1
68 63
1 0
42 60
81 27
0 4
2 74
71 42
57 31
97 89
3 0
0 0
0 1
34 66
1 2
73 33
85 38
2 0
0 1
43 40
51 17
34 46
1 0
0 0
0 2
29 56
93 75
2 0
0 1
52 29
1 0
45 29
30 24
1 0
0 0
0 2
63 38
64 66
0 0
0 0
32 78
1 0
0 0
0 0
0 0
28 1
1 1
54 47
1 0
0 0
2 91
61 87
73 92
29 95
0 1
82 72
1 0
56 33
0 1
74 76
34 46
1 0
0 0
0 3
7 31
70 49
42 97
88 20
2 0
0 1
82 93
1 0
0 1
47 15
28 38
1 1
13 69
1 0
0 0
73 51
39 83
21 100
88 17
2 0
0 0
0 1
38 69
46 47
74 41
35 40
2 0
0 0
0 0
0 0
0 1
24 53
83 92
67 71
11 85
12 4
5 0
13 55
0 0
0 3
57 11
89 43
0 95
64 83
2 1
24 63
4 48
0 0
0 1
30 80
43 23
1 0
0 0
4 1
0 0
0 0
0 1
81 71
0 0
21 69
67 4
91 95
2 0
77 47
35 65
71 47
0 0
27 83
0 0
0 0
0 0
0 0
0 0
0 0
0 1
66 18
4 77
33 55
3 0
91 93
1 0
0 0
0 1
6 12
1 0
0 1
14 67
26 97
79 3
2 0
79 38
1 2
7 35
77 84
13 99
42 65
1 80
66 82
78 36
5 0
0 0
28 18
1 0
3 35
0 0
0 0
0 0
8 91
0 0
0 0
0 2
65 39
4 30
0 0
0 2
13 13
52 51
83 47
3 1
7 33
0 0
0 1
68 81
87 57
24 82
3 0
0 15
