1000
21 0
0 2
96 39
70 85
2 1
92 37
1 0
0 2
4 13
31 38
77 1
2 0
0 0
0 0
54 65
1 1
10 77
0 0
0 0
0 0
61 92
1 0
0 1
64 20
42 66
2 0
0 0
13 49
83 56
18 73
0 31
0 1
55 6
0 0
0 0
0 1
64 15
1 0
0 0
0 25
96 6
1 0
0 0
0 0
0 1
66 11
0 1
14 72
1 0
0 4
24 21
29 18
5 83
98 97
64 54
3 0
0 0
0 0
0 0
0 0
0 0
0 3
20 24
62 62
54 86
1 0
0 3
63 56
64 35
58 47
17 50
64 3
39 65
1 0
3 98
59 6
2 0
0 0
0 0
0 3
36 78
43 26
62 90
43 3
46 10
3 0
0 0
42 48
1 2
71 4
36 62
0 1
38 80
1 0
98 77
49 86
61 82
1 0
0 0
0 0
36 93
55 1
2 0
99 22
71 82
2 0
95 73
48 33
1 0
4 32
1 0
0 0
68 84
35 68
2 0
0 0
0 0
0 1
6 8
89 53
1 0
0 0
0 1
42 42
0 0
0 1
19 73
0 0
46 74
1 0
0 0
32 6
88 7
2 0
70 74
58 44
29 85
1 0
0 0
0 0
71 64
1 0
0 2
0 80
30 31
1 0
0 0
90 47
56 89
1 0
0 0
0 1
71 35
1 0
68 44
26 10
0 0
0 0
0 4
75 72
90 48
43 26
68 66
67 24
0 0
0 0
30 33
1 0
19 33
84 71
43 78
3 0
51 42
0 0
91 51
0 2
11 96
18 18
83 4
18 51
3 0
0 0
71 61
40 62
1 0
12 27
0 1
39 84
1 0
0 0
0 1
45 63
11 35
64 39
18 33
2 0
34 3
1 0
0 0
0 1
23 69
0 0
0 0
0 0
54 59
0 1
41 30
1 0
0 0
0 1
10 68
1 0
0 0
91 7
0 0
18 19
0 0
0 0
0 0
0 1
87 0
44 61
2 0
0 0
0 0
0 0
0 1
96 14
0 1
43 83
0 3
40 4
51 88
46 33
0 1
79 89
1 1
67 75
73 16
0 0
0 4
57 26
15 14
6 6
41 66
4 0
0 1
17 63
67 28
36 44
2 0
0 2
56 0
6 77
67 6
2 0
0 1
6 17
0 1
78 20
1 0
0 0
1 76
1 0
0 0
72 6
5 65
1 0
0 0
4 36
0 0
89 1
0 4
12 83
61 72
90 69
1 46
4 3
78 47
75 57
69 35
3 0
0 0
76 11
1 0
0 0
0 2
43 32
73 95
2 1
26 46
1 1
28 56
37 68
1 4
91 43
3 93
33 57
63 1
2 0
0 0
0 2
43 37
94 98
0 1
72 71
1 2
94 89
8 67
83 84
2 1
40 69
25 72
94 10
0 1
56 86
1 1
92 21
80 18
59 75
2 1
38 8
1 1
72 95
0 1
22 37
1 0
0 0
0 2
10 13
57 44
0 0
0 0
0 0
0 0
0 1
52 75
0 2
4 10
55 64
0 1
28 30
74 15
2 0
0 0
0 0
0 0
0 2
74 59
22 85
96 2
29 60
3 0
0 0
0 0
41 64
1 0
53 73
49 15
0 0
97 77
90 95
16 65
2 0
0 0
26 73
1 0
35 78
18 2
1 1
44 23
0 0
0 1
93 44
1 0
0 0
0 0
0 0
81 32
1 0
37 12
0 0
0 0
14 14
29 38
1 0
0 0
1 41
59 16
2 0
0 1
47 87
10 13
0 0
0 0
0 0
0 0
0 0
2 20
5 79
0 0
33 61
0 0
0 0
40 11
1 0
0 2
67 97
33 5
2 1
74 24
97 43
39 27
1 0
0 1
73 49
0 0
0 2
78 9
75 76
1 2
94 35
85 63
94 77
83 18
4 3
99 99
49 36
68 56
3 0
0 0
33 65
93 84
0 0
51 50
1 0
0 0
0 0
0 0
16 5
91 50
0 0
0 0
0 0
0 0
34 16
47 47
36 94
0 0
0 0
0 0
0 0
2 92
1 1
33 85
88 37
2 0
37 81
30 90
75 56
1 0
0 0
66 3
0 0
0 0
91 15
1 0
92 8
53 6
1 0
0 0
0 2
38 51
2 15
28 13
1 0
0 0
75 32
1 0
0 2
39 97
21 66
65 72
91 74
81 20
5 0
0 1
67 58
39 68
2 0
0 0
0 1
13 51
0 0
22 60
0 0
0 1
20 58
34 83
2 0
0 0
0 0
0 0
0 1
57 31
1 1
16 11
94 39
2 0
0 3
25 54
48 33
9 69
0 0
20 26
1 0
0 0
0 0
26 7
0 0
0 0
0 0
0 2
100 66
46 63
2 1
69 83
33 21
2 1
3 70
1 1
39 88
1 0
0 0
0 0
0 0
0 0
0 0
96 11
1 0
0 2
19 92
49 1
0 1
47 55
97 86
40 90
9 77
2 1
80 4
69 87
0 0
0 1
30 76
58 26
2 0
0 0
0 0
0 0
0 1
77 73
0 92
2 0
0 1
98 21
0 2
3 23
85 97
2 0
85 15
61 21
100 51
0 1
60 88
62 9
1 2
64 62
11 47
14 54
1 0
0 1
57 33
80 28
0 0
0 0
0 1
10 69
1 0
0 0
0 0
75 7
1 0
0 1
89 96
13 36
10 67
85 99
3 0
0 1
56 57
1 0
0 1
6 92
60 36
93 97
88 43
4 1
96 94
0 0
0 1
5 1
68 77
83 36
1 0
0 1
79 68
1 1
78 73
0 0
0 0
0 1
78 81
71 52
0 1
82 25
81 98
1 0
0 0
0 1
44 49
38 40
75 72
98 3
2 0
0 0
0 0
0 1
13 34
1 0
0 1
13 12
0 5
11 62
13 55
52 15
10 67
39 92
50 22
5 0
0 0
0 0
60 69
49 20
2 0
0 0
0 0
0 0
0 0
0 0
52 13
74 0
81 88
3 0
97 83
17 6
43 2
1 0
0 0
0 0
0 1
63 73
1 0
19 10
95 11
0 1
60 84
100 16
1 0
0 0
0 0
0 0
0 0
0 0
0 0
0 0
71 27
1 0
0 0
20 99
0 1
47 91
0 0
33 77
0 0
0 1
14 92
1 0
0 4
0 36
44 73
76 61
74 8
87 43
80 98
2 0
0 1
68 40
18 50
1 0
84 0
96 33
72 77
2 0
0 1
4 43
83 8
1 0
0 0
0 0
0 0
94 13
23 38
17 45
3 2
76 98
36 0
1 0
59 57
0 0
63 50
0 0
0 0
31 29
78 45
0 0
0 1
59 12
51 74
61 15
54 74
4 0
0 0
0 0
0 0
65 48
26 69
2 0
0 0
0 0
0 0
0 0
0 2
13 78
12 9
1 1
23 5
1 4
77 88
58 62
48 86
78 21
28 42
3 2
13 63
28 85
2 0
0 0
0 0
0 0
0 0
35 87
17 29
0 1
36 80
1 2
77 42
93 4
80 82
89 37
19 4
5 0
22 37
0 1
60 75
48 33
5 98
1 1
77 89
1 1
19 11
30 27
24 10
0 3
99 33
52 48
2 83
3 0
67 80
0 0
28 52
1 0
71 63
76 24
1 0
0 0
42 41
46 0
11 22
0 0
0 0
0 0
0 1
0 86
20 13
90 40
1 1
2 9
0 2
1 38
33 5
2 0
0 0
6 76
1 0
0 3
90 14
71 48
64 40
88 6
1 0
19 88
1 1
75 79
1 0
45 27
1 0
30 42
1 0
0 1
31 45
0 0
0 0
0 0
0 1
60 87
1 2
33 35
70 38
58 41
21 69
3 0
0 0
7 65
0 0
0 0
0 1
13 86
33 29
2 1
16 77
1 0
59 16
1 0
0 0
0 0
0 1
80 95
1 0
17 9
0 0
0 3
92 53
2 50
58 23
3 2
95 91
100 58
0 0
31 81
1 1
51 85
37 82
73 6
3 3
9 16
56 43
46 84
20 52
4 0
0 0
16 76
1 0
0 0
41 78
20 38
0 0
0 0
0 0
0 0
0 1
88 81
0 1
21 83
0 1
54 68
23 60
1 0
0 2
96 89
61 7
2 1
0 94
1 0
0 1
77 85
1 0
0 0
0 0
32 11
1 0
0 0
50 43
0 1
35 9
1 0
0 0
0 0
0 0
60 15
1 1
60 13
0 0
0 0
0 0
51 57
36 85
1 0
0 0
0 1
39 83
0 4
70 29
62 26
80 71
97 41
1 82
1 0
0 0
55 14
95 41
2 0
0 83
95 89
0 0
63 95
1 0
0 0
0 0
38 34
82 33
1 0
0 1
30 10
77 37
63 49
50 73
0 0
0 0
18 73
78 56
0 0
44 30
1 0
0 1
66 54
56 98
1 1
87 47
64 15
58 99
2 2
75 50
73 77
36 20
60 2
27 65
64 96
93 59
67 20
53 44
6 0
0 0
0 1
61 88
20 28
1 1
31 21
1 1
9 86
1 71
