1000
33 33
28 0
31 48
0 0
0 0
0 0
0 0
0 0
0 0
43 88
0 0
0 0
0 0
0 0
37 88
75 74
0 0
0 0
0 2
44 64
71 18
29 94
0 0
0 0
0 0
75 7
1 0
0 0
0 0
51 86
1 0
0 0
90 75
80 47
1 1
38 78
1 0
0 0
62 93
1 0
0 0
70 58
22 58
0 0
0 0
0 0
0 2
6 95
25 27
0 0
17 12
0 8
44 3
59 46
9 34
96 43
42 76
38 29
97 34
89 44
90 30
5 0
0 0
0 0
74 75
1 0
0 0
0 0
80 34
1 0
55 4
0 1
67 45
44 35
2 48
3 0
0 0
0 0
0 3
12 15
55 5
26 31
3 0
0 0
0 0
0 0
50 92
1 2
87 20
19 9
9 7
52 49
9 93
0 0
0 0
0 1
52 94
0 0
0 0
38 39
0 2
91 92
61 88
0 0
0 0
83 38
1 0
0 0
0 0
80 86
14 41
2 0
17 92
0 0
0 0
72 58
1 0
0 0
0 0
10 46
1 0
11 75
1 0
0 1
83 100
67 39
2 0
0 1
54 63
0 0
0 0
0 0
0 0
0 0
0 0
0 0
0 2
31 24
67 68
2 2
79 21
20 46
1 0
0 0
0 0
0 0
26 46
29 30
2 0
0 0
0 0
0 0
0 0
0 0
10 39
1 1
1 22
1 0
0 0
100 83
47 96
1 0
0 1
44 29
1 0
0 2
7 13
38 76
37 26
1 0
0 0
0 0
0 1
20 77
54 7
70 12
0 0
0 0
0 0
0 0
24 50
91 94
0 0
0 1
72 86
0 2
45 93
1 23
78 50
3 0
0 1
53 67
0 0
0 0
0 0
89 5
53 83
93 32
0 0
0 0
0 3
66 33
37 63
100 94
3 0
0 0
0 1
70 86
10 8
60 57
1 0
0 0
62 73
1 1
24 56
0 0
0 0
0 0
0 0
0 1
100 96
1 0
0 0
0 0
0 0
0 0
0 2
47 89
98 12
2 0
0 0
50 31
1 1
47 51
1 0
0 1
58 80
0 0
0 0
0 0
0 0
0 0
0 0
72 90
33 24
1 1
78 70
0 0
0 0
0 1
21 38
41 48
57 1
1 2
22 90
30 87
0 0
0 2
59 17
41 78
0 0
0 1
78 92
1 0
0 0
0 0
0 0
0 1
14 22
0 0
84 89
0 1
32 92
1 0
0 0
0 0
0 0
64 67
1 0
0 2
47 73
16 88
1 0
0 0
52 78
1 1
58 16
0 1
5 19
0 0
0 0
0 2
69 7
57 59
0 0
0 0
0 0
0 1
72 83
1 2
23 59
28 29
1 1
68 31
0 0
0 0
62 52
59 47
2 0
0 0
0 1
88 51
1 0
19 38
6 94
0 0
0 0
0 0
0 1
98 98
1 0
0 0
0 0
0 0
0 0
19 91
1 1
12 35
0 0
0 0
0 0
61 68
0 1
28 27
1 1
14 53
1 0
0 0
0 3
52 94
84 6
63 21
2 1
97 8
84 92
10 18
50 83
2 0
99 23
0 0
0 0
44 81
29 26
2 1
34 29
87 50
0 0
0 0
0 1
68 80
0 1
80 63
0 0
0 0
0 0
0 0
0 1
86 6
38 15
75 27
2 1
47 80
1 2
73 70
84 8
43 66
0 0
0 0
0 0
0 0
0 0
0 0
0 0
38 3
1 0
0 0
0 0
0 0
63 72
53 41
1 1
36 24
0 0
0 0
0 3
90 69
4 71
10 77
2 0
0 0
0 0
0 0
26 86
1 2
25 4
41 94
1 0
0 0
0 0
0 1
52 30
99 5
0 0
28 30
0 0
0 0
0 1
58 93
28 21
61 52
69 45
4 1
19 28
72 24
2 0
0 1
91 43
56 48
32 5
1 0
29 31
1 1
64 68
1 2
28 2
85 74
0 2
51 55
78 1
29 20
2 1
85 27
36 72
2 1
37 32
0 0
0 0
17 83
0 1
26 49
43 55
49 92
3 0
0 2
40 14
64 45
10 33
3 1
94 93
7 29
2 0
65 1
0 0
0 0
0 0
0 0
0 0
0 0
0 0
0 0
0 0
12 39
50 95
2 4
0 8
51 68
36 19
53 99
1 0
0 0
0 0
0 0
0 0
75 42
0 0
97 93
86 56
2 0
0 2
84 64
62 69
0 0
0 0
0 0
0 1
87 6
1 0
0 0
0 0
0 0
0 0
0 0
0 0
0 0
25 72
6 59
2 2
92 49
84 41
0 1
97 22
0 0
0 0
0 1
83 15
0 0
0 0
0 0
0 0
0 0
0 0
0 0
38 13
0 0
43 24
1 1
30 97
1 0
0 0
0 0
0 1
65 22
1 0
0 0
57 5
0 0
49 45
0 0
92 13
85 43
67 31
0 0
0 1
13 30
1 0
0 0
0 0
92 27
63 8
21 17
30 98
3 0
0 0
0 0
0 1
88 92
21 41
0 0
4 37
1 0
0 0
0 1
64 68
55 98
65 99
0 0
0 1
35 11
1 2
40 73
67 100
55 69
57 88
54 88
56 73
26 88
5 0
16 49
1 0
0 4
32 42
4 20
20 78
64 50
1 0
96 65
1 0
22 58
0 0
0 0
2 4
91 8
97 5
3 0
62 20
1 0
0 0
0 0
40 100
1 0
0 0
89 19
1 0
79 30
43 1
0 0
0 0
0 0
0 0
0 0
0 0
0 2
45 29
92 3
2 0
0 0
0 1
54 55
0 0
69 94
53 4
0 0
0 0
0 3
80 59
31 89
76 17
0 0
0 0
0 2
4 62
43 64
16 76
0 0
0 0
0 0
0 0
0 0
0 82
0 0
0 0
0 1
88 52
0 0
0 0
0 1
13 67
1 2
42 36
30 52
0 0
0 0
31 41
47 11
70 15
60 27
2 0
0 0
84 16
1 1
78 0
1 1
62 39
0 0
0 0
0 2
24 20
83 23
16 21
2 0
0 0
0 0
87 85
1 0
0 0
0 0
94 10
1 1
28 72
18 75
74 58
1 0
60 0
1 0
0 1
50 10
1 1
19 3
1 0
0 1
94 2
39 3
2 0
0 1
41 4
1 0
0 0
0 0
0 1
84 62
35 83
0 0
0 1
60 68
1 0
0 0
21 92
46 11
39 89
7 59
96 36
82 85
1 0
0 0
0 0
0 0
0 0
0 0
0 0
0 0
21 36
0 0
79 94
0 0
0 0
0 0
0 0
0 2
50 52
15 29
2 0
0 0
0 0
0 0
0 1
83 49
0 0
0 0
0 0
58 90
1 0
0 0
0 0
0 1
86 80
78 73
2 0
0 4
80 18
8 51
69 71
17 55
1 0
0 0
55 36
0 0
0 0
0 0
0 1
51 40
0 0
82 94
1 0
0 0
0 0
0 0
0 0
0 0
0 0
0 0
0 1
32 62
0 2
36 65
28 26
0 2
76 36
37 2
0 0
76 97
1 1
42 91
0 0
0 1
94 72
0 0
0 1
28 99
1 0
24 19
1 0
0 0
0 0
95 56
77 61
2 0
0 1
31 50
1 0
0 1
27 80
93 58
7 99
2 0
0 1
49 70
45 91
1 0
0 3
1 20
42 93
50 88
2 0
0 0
0 0
23 44
1 0
0 0
0 0
0 0
98 35
5 92
2 7
5 23
3 44
9 72
55 80
87 41
60 70
70 37
2 1
80 92
1 0
84 96
1 0
0 1
50 95
34 36
2 1
2 84
0 0
0 2
82 18
76 10
59 48
32 36
1 0
0 0
0 0
0 0
0 6
79 65
52 35
37 59
34 21
66 90
45 41
89 58
5 0
0 1
74 20
26 28
0 0
0 1
97 57
0 0
0 0
31 29
39 56
2 0
87 0
1 0
0 0
0 1
57 35
0 0
0 0
0 0
0 0
0 0
0 0
0 0
0 1
81 91
0 0
0 0
51 15
20 18
0 0
56 77
100 7
8 35
1 0
0 1
96 50
0 0
0 0
44 85
0 0
29 28
52 74
63 83
0 0
0 0
0 0
30 20
0 0
0 0
0 0
0 1
83 87
1 0
0 0
53 98
1 0
0 0
0 0
0 0
0 0
0 0
0 0
8 51
1 3
92 0
93 35
81 35
41 95
14 100
4 1
100 29
1 2
37 36
1 53
2 0
0 0
18 56
55 78
0 0
0 0
0 0
0 1
72 79
0 3
16 9
36 65
44 36
2 0
43 3
1 4
24 89
22 57
26 5
90 72
3 0
97 23
6 2
0 0
0 0
0 0
0 0
74 100
0 0
0 0
75 5
1 0
0 0
89 59
1 0
0 0
0 0
0 0
0 0
0 0
93 57
1 0
0 2
35 25
5 88
1 0
0 0
0 2
15 21
13 31
2 0
0 0
3 17
1 0
0 1
60 9
1 3
19 99
74 20
70 12
59 85
2 0
0 1
35 4
0 0
0 0
0 90
