1000
28 1
152 7
1 0
0 0
0 0
0 0
115 85
1 0
0 0
0 0
138 108
1 0
178 60
0 0
0 0
0 0
0 0
0 0
145 188
24 37
1 1
170 108
68 52
61 151
0 0
13 55
1 1
35 110
0 0
0 0
0 0
0 1
104 25
1 0
53 144
2 72
183 87
3 1
197 185
1 0
106 138
0 0
0 0
0 0
58 163
1 0
0 0
0 0
0 0
115 146
1 0
0 0
0 0
0 2
152 89
189 174
2 0
0 0
0 0
0 0
0 0
0 0
0 0
52 32
0 1
22 181
168 154
0 0
0 0
0 1
110 110
0 0
0 0
0 0
0 0
0 0
0 0
0 0
0 0
0 0
0 1
153 33
0 0
0 0
0 0
0 0
0 0
0 0
0 0
0 0
118 26
154 34
0 0
0 0
0 1
36 52
1 0
0 0
98 159
32 166
2 0
0 0
0 0
0 1
132 84
92 51
1 0
195 128
1 0
0 0
0 161
1 2
89 101
146 103
0 0
0 0
0 0
0 0
125 59
12 75
1 1
137 168
1 0
39 153
1 0
0 0
0 1
50 40
1 32
2 0
0 0
0 0
113 147
123 45
0 0
0 1
23 5
1 0
0 0
0 0
0 1
86 83
0 0
0 0
0 0
188 6
1 1
14 71
0 0
0 0
0 0
0 0
95 167
1 0
0 1
59 132
0 0
125 166
0 0
0 1
86 191
0 0
0 0
0 1
195 189
1 1
27 135
1 0
0 0
0 0
0 0
0 1
44 177
0 0
0 0
0 1
111 166
0 0
162 47
0 1
172 133
0 3
160 178
153 103
125 22
0 0
0 0
0 0
0 0
0 0
33 49
1 102
0 0
0 0
0 0
0 0
0 0
0 0
0 0
0 0
0 0
104 93
0 0
0 1
196 37
1 0
0 0
0 0
0 0
0 0
0 0
0 0
0 0
0 0
0 0
142 64
0 0
0 0
0 0
0 1
173 107
0 0
0 0
0 0
0 2
56 15
30 66
2 0
144 153
115 181
2 0
163 26
0 0
0 0
0 0
0 0
0 0
0 0
0 0
0 1
22 72
1 0
0 0
0 0
65 72
1 0
144 123
13 128
0 0
114 13
0 0
0 0
0 0
0 0
0 0
0 0
0 0
0 0
0 0
0 0
0 0
0 0
0 0
0 0
0 0
150 125
1 0
0 1
171 186
65 161
1 0
175 147
0 0
0 1
52 115
1 0
0 0
0 0
0 2
196 133
32 152
0 0
0 0
0 0
0 0
0 0
0 0
0 0
0 0
0 0
0 1
11 71
142 83
0 0
175 58
1 0
94 177
1 0
50 180
0 0
0 0
0 0
0 1
61 174
0 0
0 0
0 0
0 0
0 0
0 0
0 0
173 176
1 2
32 16
43 45
0 0
0 0
0 0
0 2
193 76
85 133
1 0
0 1
69 6
91 123
160 117
3 0
194 132
0 0
0 1
154 149
0 0
0 0
0 0
0 0
70 183
1 0
0 0
0 1
26 97
1 3
127 129
115 98
65 172
0 0
0 0
0 0
0 0
88 63
1 0
0 0
0 0
131 105
1 0
0 0
0 0
0 0
0 0
0 0
0 0
0 0
0 0
184 160
186 101
0 0
0 0
105 173
0 1
108 190
1 0
0 0
9 127
0 1
79 99
1 0
0 0
0 0
0 0
0 0
0 0
0 0
0 0
0 0
0 0
171 69
0 0
0 1
128 142
0 1
176 198
0 0
0 1
116 10
1 0
0 0
0 0
0 0
84 47
0 0
0 0
0 1
187 47
0 0
0 1
156 53
0 0
67 57
0 0
125 200
0 0
173 196
1 0
0 1
98 6
141 190
0 0
0 0
0 0
0 0
0 0
0 0
0 0
0 0
0 0
0 0
0 0
0 3
50 102
20 98
199 101
1 0
0 0
0 0
0 0
189 119
1 0
0 0
0 0
0 0
0 0
0 1
33 0
1 4
122 100
138 28
3 135
154 121
3 1
169 132
0 0
0 0
0 0
0 0
0 0
34 29
0 0
157 86
0 0
0 0
0 0
0 2
67 5
173 109
1 0
0 0
0 0
0 0
0 0
0 0
0 0
0 1
102 151
0 1
39 153
0 0
101 108
90 115
157 186
1 0
0 0
0 0
0 2
52 2
188 65
2 0
0 0
0 1
139 9
0 0
0 0
0 2
87 57
44 80
2 0
0 0
0 1
30 99
1 0
126 192
0 0
0 0
0 0
0 0
0 1
124 92
0 0
0 3
46 66
126 131
23 87
1 3
84 123
163 38
31 190
1 0
95 105
110 9
1 0
0 1
7 134
1 1
20 141
0 0
77 127
0 1
103 62
186 182
197 38
173 34
1 0
0 0
0 0
107 14
0 1
184 71
0 0
0 0
0 0
127 134
1 0
0 0
0 0
107 73
0 0
0 0
0 0
0 0
0 0
0 0
58 167
94 60
1 0
0 0
0 0
0 2
174 139
108 142
2 0
0 0
0 1
186 150
0 0
0 0
0 0
0 0
0 1
98 64
1 0
0 0
190 90
1 0
0 0
0 0
188 89
1 0
0 0
0 1
22 90
0 0
0 0
6 98
1 0
0 0
0 0
0 0
28 188
1 0
0 0
0 0
0 0
0 0
0 0
0 0
0 0
69 118
0 1
183 88
1 0
0 0
0 0
0 1
142 35
1 2
81 114
70 186
0 0
0 0
0 0
0 0
0 1
13 197
194 86
1 0
0 1
66 56
1 0
0 0
0 0
0 0
0 0
0 2
91 64
66 167
0 0
0 1
117 94
86 10
165 22
3 0
0 0
102 182
0 0
0 0
0 1
81 47
0 0
0 1
134 176
1 0
0 0
0 0
0 0
15 153
1 0
0 0
0 0
3 199
0 0
0 0
0 1
115 42
1 0
123 66
82 183
1 0
0 0
116 55
1 0
0 0
0 0
0 0
0 0
0 0
0 0
0 0
0 0
170 143
1 1
183 122
1 0
0 0
0 0
0 0
101 139
0 0
0 0
0 0
0 0
0 0
0 0
0 0
0 0
0 0
0 0
0 0
0 0
70 8
140 171
0 0
0 0
0 0
0 0
0 1
28 99
1 1
29 124
0 0
0 0
89 87
190 89
1 0
0 0
0 0
0 0
0 0
0 0
0 0
0 2
26 173
14 146
2 32
0 0
0 2
176 7
44 137
2 0
0 0
0 2
84 64
67 118
0 0
0 0
1 177
0 0
0 0
50 179
137 102
0 0
0 0
0 0
0 0
0 1
130 35
0 0
0 0
0 1
162 131
1 1
77 61
1 0
35 80
0 0
53 78
184 183
45 74
2 1
87 119
1 0
0 0
0 0
0 1
27 112
59 134
1 0
0 0
0 0
0 0
0 0
0 0
0 0
0 0
0 0
0 1
164 52
0 0
49 91
0 0
0 0
0 1
2 96
0 0
0 0
0 0
0 0
0 0
0 0
0 0
0 0
0 0
0 0
0 2
101 94
147 14
0 0
0 0
0 0
182 41
164 189
135 154
35 156
129 28
4 0
0 0
0 0
0 0
0 0
0 0
0 0
115 9
0 0
0 0
0 0
99 134
26 29
2 0
0 0
0 0
0 0
0 2
136 48
23 180
2 0
0 0
119 8
1 0
0 0
89 176
1 0
0 0
161 24
1 0
0 0
0 1
56 5
0 0
0 0
0 0
197 21
125 119
57 37
3 1
114 199
1 0
116 0
1 0
0 0
0 1
69 146
0 0
0 0
0 0
0 0
0 0
0 0
0 0
65 57
1 0
0 1
80 81
0 0
0 0
0 0
0 1
20 120
80 130
97 62
0 0
164 155
0 0
47 167
0 0
0 0
0 1
53 134
0 0
0 0
0 1
135 183
1 0
0 0
148 138
0 0
0 0
0 1
84 184
1 0
0 0
0 0
0 0
0 0
0 1
122 33
124 134
2 0
0 0
0 0
0 0
0 0
0 1
121 109
1 0
0 0
0 0
0 0
0 1
127 168
0 0
168 101
52 74
1 1
168 166
118 188
1 1
89 104
1 0
0 0
0 0
0 0
0 0
0 0
0 0
0 0
0 0
0 0
0 0
0 0
0 1
175 160
22 54
14 18
0 0
0 0
0 0
0 0
0 0
0 0
0 0
0 0
0 0
0 1
168 33
0 0
0 0
0 0
0 0
0 0
0 0
191 37
0 0
0 0
0 0
0 0
0 0
0 0
89 73
0 0
0 0
0 0
0 1
129 161
1 1
93 97
189 16
1 0
0 0
0 0
0 0
0 0
0 1
10 48
1 0
0 1
101 55
0 0
0 0
180 177
69 95
0 0
0 0
0 0
0 0
0 0
0 1
155 26
1 0
0 1
108 154
1 0
0 0
0 0
13 59
1 0
0 1
55 142
0 1
50 11
1 0
0 0
0 0
0 0
0 0
23 197
0 0
0 0
0 0
0 1
96 176
0 0
109 17
0 124
