1000
193 0
0 0
0 0
0 1
151 88
173 85
2 0
0 0
0 0
0 0
0 0
0 0
0 0
0 0
0 0
0 0
0 0
0 0
0 0
0 0
0 0
96 107
0 0
0 0
0 0
0 0
0 1
72 118
0 0
0 1
112 131
91 171
83 4
2 0
0 1
174 42
1 0
0 0
0 0
0 0
0 0
0 0
0 0
0 0
0 0
164 95
1 0
158 42
0 0
0 0
0 0
0 0
0 0
0 0
109 58
1 0
0 2
161 2
187 22
71 62
111 97
3 0
23 29
0 0
0 0
0 0
77 98
0 0
190 47
1 0
0 0
0 0
0 0
0 0
0 0
0 0
0 1
160 95
0 0
0 0
0 0
0 0
0 0
0 2
173 97
74 50
0 0
0 0
0 0
0 0
0 0
0 0
0 0
0 0
0 0
0 0
0 0
0 0
0 0
0 0
0 0
0 0
0 0
0 0
0 0
0 0
185 35
1 0
0 0
0 0
0 0
198 51
197 100
1 0
0 0
0 0
0 0
0 0
0 0
0 0
0 0
0 0
0 0
0 0
0 1
37 52
1 0
0 0
0 1
165 37
0 0
0 0
0 0
0 0
0 0
179 99
0 1
94 68
25 87
186 178
0 0
125 91
1 0
0 0
0 0
0 0
0 0
0 1
174 78
0 0
0 1
2 144
0 0
57 151
0 0
0 0
0 0
0 0
0 0
0 1
158 181
0 0
0 0
0 0
0 0
0 0
0 0
0 0
0 0
0 0
0 0
0 0
0 0
0 0
0 0
0 0
48 65
1 0
0 0
0 0
0 0
0 0
0 0
0 0
0 1
38 160
0 0
0 0
0 0
121 76
0 1
46 134
1 1
100 47
191 6
0 1
71 7
0 0
0 1
40 167
0 0
0 0
0 0
0 0
0 0
0 0
0 0
0 1
55 153
78 137
2 0
0 0
0 0
0 0
0 0
0 0
69 134
149 14
0 0
0 0
0 0
98 200
0 0
0 0
144 34
1 0
0 0
0 0
0 1
110 150
55 186
2 0
0 0
0 0
89 109
1 0
0 0
0 0
0 0
11 18
1 0
1 103
0 0
0 0
0 0
0 0
0 0
0 0
0 0
0 1
49 89
1 0
0 0
0 0
0 0
0 0
0 0
0 0
0 0
0 1
154 200
0 0
0 0
0 1
1 16
0 1
14 24
0 0
0 0
0 0
0 0
0 1
191 159
1 0
0 0
0 0
0 0
0 0
0 0
0 0
0 0
0 0
0 0
0 0
196 96
0 0
0 0
0 0
0 0
0 0
0 0
0 0
0 0
0 0
0 0
0 0
0 0
139 79
0 0
0 0
0 0
0 0
133 68
102 122
0 0
0 0
99 28
0 0
0 0
0 0
0 0
0 0
0 0
0 0
0 0
0 0
0 0
0 1
79 95
120 52
1 0
0 0
0 0
0 0
0 0
0 0
0 0
0 0
0 0
0 0
0 0
4 82
0 0
170 81
1 0
0 0
0 0
0 0
0 0
0 0
0 0
0 0
0 0
0 0
0 0
0 1
114 172
1 2
88 89
0 18
2 0
0 0
0 0
8 198
1 0
0 0
0 0
0 0
177 106
1 0
0 0
0 0
0 0
0 0
0 0
0 0
179 158
1 0
116 54
1 0
0 1
154 88
0 0
0 0
0 0
0 1
46 14
1 0
191 73
0 0
0 0
0 1
163 162
0 1
116 177
1 0
0 0
0 0
0 2
105 108
82 131
178 44
3 0
56 155
1 0
0 0
0 1
38 25
72 2
1 0
49 54
0 0
44 174
0 0
0 0
0 0
0 0
0 0
0 0
0 0
0 0
0 0
0 0
0 0
0 2
185 28
53 145
0 0
0 0
0 0
0 0
0 0
0 1
158 93
1 0
0 0
0 0
0 0
0 0
0 0
0 0
107 163
42 111
0 0
114 160
127 80
1 0
0 0
0 0
0 0
0 0
0 1
83 19
148 159
1 0
0 0
0 0
0 0
0 0
103 172
1 0
0 0
148 98
1 0
0 0
0 0
0 0
0 0
107 72
0 1
29 159
0 0
0 0
0 0
0 0
47 43
0 1
3 139
1 0
0 0
0 0
0 0
0 0
0 1
138 1
0 0
0 0
0 1
88 50
1 0
0 0
0 0
0 0
0 2
34 23
126 200
1 0
0 1
4 5
1 0
188 73
1 0
0 0
0 0
0 0
97 60
0 0
0 0
0 0
0 0
0 0
145 106
1 0
0 0
0 0
0 0
0 0
0 0
0 0
0 0
23 161
93 75
2 0
0 0
0 1
7 49
1 1
177 59
1 1
82 188
1 0
0 0
0 0
0 0
0 0
59 43
0 0
0 0
0 0
0 0
0 0
0 2
29 41
112 138
0 1
58 149
18 53
0 0
0 0
0 0
0 0
0 0
0 0
0 0
0 0
160 66
1 0
160 68
0 0
0 1
101 120
1 0
0 0
47 24
1 0
0 0
0 0
0 0
0 0
0 0
0 0
123 114
0 0
0 0
0 0
0 0
0 1
165 81
1 0
0 0
0 0
0 0
0 0
0 0
0 0
0 0
0 0
0 0
0 0
0 0
0 1
177 80
158 149
1 0
0 0
0 1
169 165
1 1
153 192
0 0
0 0
0 0
0 0
163 17
109 151
1 0
0 0
0 0
0 1
67 192
1 0
0 0
0 0
0 0
0 1
69 93
1 0
0 0
0 0
0 0
0 0
19 20
1 0
0 0
0 0
170 160
1 0
0 0
0 0
0 0
0 0
0 0
0 0
0 0
0 0
0 1
143 176
0 0
0 0
0 0
0 1
196 82
0 0
0 0
0 1
97 185
0 0
0 0
0 1
190 140
40 93
2 0
0 0
0 0
0 0
0 0
0 0
0 0
0 0
0 0
0 0
0 0
0 0
197 93
29 77
1 0
156 182
1 0
0 0
0 0
0 0
0 0
0 0
0 2
48 16
163 105
1 0
0 0
0 0
0 0
0 0
0 0
0 0
0 0
0 0
0 0
0 0
0 0
0 0
0 0
0 0
0 1
41 21
108 118
88 164
2 0
0 0
0 0
0 0
0 0
0 0
0 1
116 145
0 0
0 0
0 0
0 0
0 0
0 0
0 0
17 152
1 0
53 78
48 69
2 0
0 0
0 0
0 0
0 0
0 0
0 0
0 0
95 29
0 0
0 0
0 0
0 0
138 11
1 1
9 195
1 0
0 0
0 0
0 0
0 0
0 0
0 0
0 0
0 0
0 0
0 0
0 0
0 1
28 172
1 0
0 0
0 0
159 160
0 0
0 1
62 91
1 0
0 0
0 0
0 0
47 70
0 0
0 0
0 0
0 1
24 39
0 0
0 0
0 0
0 0
0 0
0 0
0 0
0 0
0 0
0 0
0 0
0 0
0 0
0 0
0 1
106 183
1 0
0 0
0 0
0 0
0 1
87 25
1 1
15 124
1 0
0 1
32 124
179 34
2 0
0 0
0 0
0 0
0 0
0 1
79 160
1 0
0 0
0 0
0 0
0 0
0 0
0 0
0 0
0 0
0 0
0 0
0 0
0 0
0 0
0 0
0 0
0 0
33 88
1 0
0 0
0 1
133 156
0 0
0 0
0 0
0 0
0 0
127 91
55 59
0 0
185 44
1 0
0 0
0 0
0 0
0 0
0 0
0 1
88 66
0 0
0 0
0 0
0 0
0 0
0 0
0 0
0 0
94 158
0 1
18 98
93 12
2 0
0 0
0 0
0 1
20 114
1 0
0 0
0 0
0 0
0 0
0 0
0 0
0 0
0 0
0 0
0 0
0 0
0 0
0 0
0 0
0 0
0 0
0 0
0 0
0 0
0 0
0 0
85 101
0 1
57 156
1 1
61 30
1 0
0 0
0 0
0 0
0 1
141 157
1 0
0 0
0 0
0 0
0 0
0 0
0 0
0 0
0 0
0 0
0 0
0 0
0 0
0 0
0 0
0 0
0 0
0 0
0 0
0 0
0 0
0 0
0 0
0 0
0 0
0 0
0 0
0 0
0 0
0 0
0 0
0 0
0 0
0 0
0 0
0 0
0 0
0 1
54 54
1 0
0 0
0 0
0 0
109 119
0 0
0 0
98 112
1 0
0 0
0 1
3 178
0 0
0 0
0 1
159 164
0 0
0 0
0 0
0 0
0 0
0 0
0 0
194 87
1 0
0 0
0 0
19 182
1 0
0 0
0 0
0 0
0 0
0 0
0 0
0 0
0 0
0 1
167 25
0 0
0 0
0 0
0 0
0 0
0 0
0 0
0 0
0 0
0 0
0 0
0 0
0 0
0 0
0 0
0 0
0 0
0 0
0 0
0 0
0 0
0 1
92 159
0 0
138 130
1 2
84 80
146 20
0 0
71 54
1 0
0 0
0 0
190 63
34 123
1 2
197 190
199 123
2 0
0 0
0 0
0 0
195 43
1 0
0 0
0 0
0 170
