1000
140 0
0 0
0 0
0 0
0 0
0 0
0 0
0 0
0 0
70 119
0 0
0 0
0 1
88 102
1 0
0 0
0 0
0 0
0 0
0 0
0 0
0 0
0 0
0 0
0 0
0 0
0 0
0 0
0 0
0 0
0 0
0 0
0 0
0 0
0 0
0 0
0 0
0 0
0 0
0 0
0 1
84 57
52 43
0 0
0 0
0 0
0 0
0 0
0 0
0 0
0 0
0 0
0 0
0 0
0 0
0 0
0 0
0 0
0 0
0 0
92 46
1 0
0 0
0 0
0 0
0 0
0 0
0 0
0 0
0 0
0 0
0 0
0 0
45 6
0 0
0 0
145 118
0 0
0 0
0 0
0 0
0 0
0 0
0 0
0 0
0 0
0 0
0 0
0 0
0 0
0 0
0 1
101 189
0 0
0 0
0 0
0 0
0 1
179 28
1 0
0 0
0 0
0 0
0 0
0 1
187 61
1 0
154 117
1 0
0 0
0 0
0 0
0 0
0 0
0 0
0 0
0 0
0 0
0 0
0 0
0 0
0 0
0 0
0 0
0 0
0 0
0 0
0 0
0 0
0 0
0 0
0 0
0 0
0 0
0 0
0 0
0 0
0 0
0 0
0 0
0 0
0 0
0 0
0 0
7 196
1 0
0 0
0 0
0 0
0 0
0 0
0 0
4 144
1 0
0 0
0 0
0 0
0 0
0 0
0 0
0 0
0 0
0 0
0 0
0 0
0 0
0 0
0 0
0 0
0 0
0 0
0 0
0 0
0 0
0 0
0 0
0 0
0 0
0 0
0 0
0 0
0 0
0 0
0 0
0 0
0 0
0 0
0 0
0 2
143 23
146 101
1 0
0 0
0 0
0 0
0 0
0 0
0 0
0 1
56 175
0 1
197 137
1 0
0 0
0 1
68 13
0 0
0 0
0 0
0 1
96 108
1 0
0 0
118 83
0 0
80 59
1 0
0 0
0 0
0 0
0 0
0 0
0 0
0 0
0 0
0 0
0 1
147 29
0 0
0 0
0 0
0 0
0 0
0 0
0 0
0 0
0 0
0 0
0 0
0 0
0 0
0 0
0 0
0 0
0 0
0 0
0 0
0 0
0 0
0 0
0 0
0 0
0 0
0 0
0 0
0 0
0 0
0 0
0 0
0 0
0 0
0 0
0 0
0 0
0 1
132 35
1 0
0 0
0 0
0 1
5 32
0 0
0 0
0 0
0 1
65 57
1 0
0 0
0 0
0 0
0 0
0 0
0 0
0 0
0 0
0 0
0 0
0 0
0 0
0 0
0 0
0 0
0 0
0 0
119 146
1 0
0 0
0 0
0 0
0 0
0 0
0 0
0 0
0 0
0 0
0 0
0 0
0 0
0 0
0 0
0 0
0 0
0 0
0 0
0 0
0 1
185 11
0 0
0 0
0 0
0 0
0 0
0 0
0 0
0 0
0 0
0 0
0 0
0 0
0 0
0 0
0 0
0 0
0 0
0 0
0 0
0 0
0 0
0 0
150 17
0 0
0 0
0 0
0 0
0 0
0 0
0 0
0 0
0 0
0 0
0 0
0 0
0 0
0 0
145 42
1 0
37 194
146 124
1 0
0 0
0 0
0 0
0 0
0 0
0 0
0 0
0 0
0 0
0 0
0 0
0 0
0 0
0 0
0 0
0 0
0 0
0 0
0 0
0 0
0 0
0 0
0 0
0 0
0 0
0 0
0 0
0 0
0 0
0 0
0 0
0 0
32 137
0 0
0 0
0 0
0 0
0 0
0 0
0 0
0 0
0 0
0 0
0 0
0 0
0 0
0 0
0 0
0 0
0 0
0 0
0 0
0 0
0 0
0 0
0 0
0 0
0 0
0 0
143 103
0 0
79 154
1 0
0 0
0 0
0 0
0 0
0 0
89 50
1 0
0 0
0 0
0 0
0 0
0 0
0 0
0 0
0 0
0 0
0 0
0 0
0 0
0 0
0 0
0 0
0 0
102 147
7 171
1 0
0 0
0 0
0 0
0 0
0 1
24 2
1 0
0 0
0 0
0 0
0 0
0 0
0 0
0 0
0 0
0 0
0 0
0 0
0 0
0 0
0 0
0 0
0 0
0 0
0 0
0 0
0 0
0 0
0 0
0 0
0 0
0 0
0 0
0 0
0 0
0 0
0 0
0 0
0 0
0 1
162 116
1 0
0 0
0 0
0 0
0 0
198 43
0 0
0 1
122 77
81 76
0 0
0 0
0 0
0 0
0 0
0 0
0 0
0 0
0 0
0 0
0 0
0 0
0 0
0 0
0 0
0 0
0 0
0 0
11 87
1 0
0 0
0 0
0 0
0 0
0 0
0 0
0 0
0 0
0 0
0 0
36 140
43 73
1 0
0 0
0 0
118 90
0 0
0 0
0 0
0 0
0 0
0 0
0 0
0 0
0 0
0 0
13 16
0 0
0 0
0 0
0 0
0 0
0 0
0 0
0 0
0 0
0 0
0 0
0 0
0 0
0 1
37 191
1 0
0 1
70 17
1 0
0 0
0 0
0 0
0 0
142 186
1 0
0 0
0 0
0 0
0 0
0 0
0 0
0 0
0 0
0 0
0 0
0 0
0 0
0 0
0 0
0 0
0 0
0 0
0 0
0 0
0 0
0 0
189 108
1 0
0 0
0 0
0 0
0 0
0 1
74 17
1 0
0 0
0 0
0 0
0 1
130 105
0 0
0 2
4 59
131 164
149 76
1 0
0 0
0 1
140 83
1 0
0 0
0 0
0 0
0 0
0 0
0 0
89 164
1 0
102 36
1 1
157 5
1 1
181 79
0 0
0 0
0 0
0 0
0 0
0 1
48 9
1 0
69 112
0 1
188 95
1 0
0 0
0 1
81 109
0 0
0 0
107 131
0 0
0 0
0 0
0 0
0 0
0 0
0 0
0 0
0 0
0 0
0 1
150 156
0 0
0 0
0 0
0 0
0 0
0 0
157 37
0 0
0 0
0 0
0 0
0 1
56 31
0 1
95 110
1 0
0 0
0 0
0 0
0 0
0 1
124 60
1 0
0 0
0 0
0 0
64 140
0 0
0 0
0 0
0 0
0 0
0 0
0 0
0 0
0 0
0 0
0 0
0 0
0 0
0 0
0 0
0 0
0 0
0 0
0 0
0 0
0 0
0 0
0 0
0 0
0 0
0 0
0 0
66 101
0 0
0 0
0 0
0 0
0 0
0 0
0 0
0 0
0 0
0 0
0 0
0 0
13 77
1 0
0 0
0 0
0 0
0 0
0 0
0 0
0 0
0 0
0 0
0 0
0 0
0 0
0 0
0 0
0 0
0 2
131 18
41 27
1 0
0 0
0 0
109 167
1 0
178 172
0 0
0 0
0 0
0 0
0 0
0 0
132 176
0 0
0 0
0 0
0 0
0 0
0 0
0 1
55 49
151 133
1 0
0 0
0 0
0 0
0 0
0 0
0 0
0 0
0 0
0 0
0 0
0 0
97 46
0 1
113 118
0 0
0 0
0 0
0 0
0 0
0 0
0 0
0 0
0 0
0 0
0 0
0 0
0 0
0 0
0 0
86 49
1 0
0 0
0 0
0 0
0 0
0 0
0 0
0 0
0 0
0 0
0 0
0 0
0 0
0 0
0 0
0 0
0 1
149 65
1 0
0 0
0 0
0 0
0 0
0 0
0 0
0 0
0 0
0 0
0 0
0 0
0 1
29 171
1 0
0 0
0 0
0 0
0 0
0 0
0 0
0 0
0 0
0 0
0 0
0 0
0 0
0 0
0 0
0 0
0 0
0 0
0 0
0 0
0 0
0 0
0 0
0 0
0 1
199 1
193 99
0 0
0 0
0 0
0 0
0 0
0 0
0 0
0 0
0 0
0 0
0 0
0 0
0 0
0 0
0 0
0 1
84 148
1 0
0 0
0 0
0 0
0 0
0 0
0 0
0 0
0 0
0 0
0 0
0 0
0 0
0 0
0 0
0 0
0 0
0 0
0 0
0 0
0 0
0 1
16 55
1 0
0 0
0 0
0 0
0 0
0 0
0 0
0 0
0 0
0 0
0 0
0 0
0 0
0 0
0 0
0 0
0 0
0 1
55 37
1 0
0 0
0 0
58 39
1 0
199 139
1 0
0 0
0 0
0 0
0 0
199 128
0 0
0 0
0 0
0 0
0 0
0 0
0 0
0 0
0 0
0 0
28 83
1 0
0 0
0 0
0 0
0 0
0 0
0 0
0 0
0 0
0 0
0 0
0 0
0 0
156 74
1 0
0 0
0 0
0 0
0 0
0 0
0 0
0 0
0 0
0 0
0 0
0 0
0 0
0 0
125 19
0 0
132 119
1 0
0 0
0 0
0 0
0 0
0 0
0 0
0 0
0 0
0 0
25 86
1 0
0 1
124 104
1 0
0 0
0 0
0 0
0 0
0 0
0 0
0 0
0 0
0 0
0 0
0 0
0 0
0 0
0 32
