1000
764 483
431 536
418 884
851 449
442 666
793 897
727 350
856 878
761 362
737 843
991 794
911 956
942 277
842 723
77 917
925 451
529 652
798 532
934 609
482 645
78 990
493 982
654 32
210 866
67 702
707 466
34 430
454 123
718 983
40 491
61 180
319 545
581 660
382 178
399 338
661 493
442 754
70 511
90 774
721 49
801 953
741 938
696 209
935 220
933 260
534 558
482 650
926 903
64 392
654 666
151 687
820 448
45 130
676 518
989 207
728 796
861 622
347 242
748 163
551 966
800 469
478 271
137 222
625 885
221 589
497 826
573 224
632 539
816 108
832 816
61 679
511 711
834 255
788 835
416 647
919 340
249 99
607 370
483 618
717 226
161 741
284 691
642 553
628 781
753 844
678 453
592 718
478 242
566 773
654 512
793 88
851 260
481 642
931 98
851 742
15 533
911 427
849 764
10 905
576 343
765 849
783 2
532 817
480 432
902 459
309 456
64 675
81 99
480 131
398 29
26 748
761 564
351 645
273 499
730 153
988 874
614 617
851 857
595 414
971 260
399 909
648 371
335 376
94 475
248 943
191 770
368 895
770 671
92 319
642 78
262 582
331 397
377 485
863 58
629 132
6 0
60 978
408 720
382 667
381 342
348 983
650 841
882 918
677 789
938 747
686 30
496 946
179 7
159 931
711 828
558 563
92 452
158 754
739 567
394 161
888 408
914 661
386 209
867 633
834 907
485 466
299 0
854 960
617 803
967 124
306 262
800 692
421 984
324 647
590 803
286 687
9 596
371 235
545 773
98 406
301 748
994 170
599 225
967 67
18 806
195 17
663 26
460 668
647 690
866 374
531 945
232 110
322 981
807 163
995 795
307 889
587 586
280 877
580 878
952 341
616 368
237 720
963 959
628 507
478 372
449 514
851 298
402 50
712 632
226 724
955 430
310 301
684 400
169 202
4 235
164 786
227 291
684 963
638 28
740 396
616 715
893 773
305 415
999 369
223 906
271 694
66 497
348 800
837 187
968 97
45 592
718 859
35 168
740 87
271 896
299 509
280 994
565 905
927 180
947 620
876 768
935 239
148 333
171 369
964 356
675 641
788 43
543 967
465 235
293 868
372 683
749 5
578 301
243 614
569 127
150 502
738 905
135 368
648 470
675 951
984 463
861 749
204 434
226 656
512 245
648 827
489 696
796 982
853 995
224 372
367 305
99 714
950 585
868 907
898 656
502 397
215 710
228 608
27 207
976 369
590 237
233 18
243 57
410 558
875 778
95 87
68 73
906 330
941 533
534 189
724 220
273 951
306 347
747 55
283 854
582 670
894 297
599 627
422 138
649 93
532 368
455 966
493 894
666 523
574 360
645 264
284 702
24 394
162 842
454 749
291 131
802 404
721 11
217 682
558 572
596 696
545 418
974 837
268 607
241 656
967 101
1 955
637 224
738 528
28 346
5 589
516 142
236 275
577 928
33 812
780 484
34 960
969 420
123 633
146 367
445 863
44 63
218 674
1000 227
127 186
294 649
402 703
921 988
442 410
840 332
967 720
133 680
530 112
221 991
790 814
162 466
131 237
778 169
392 538
944 915
861 281
923 825
273 303
513 902
607 721
81 592
82 266
672 495
922 333
187 259
216 597
812 111
0 750
792 840
13 209
862 68
754 963
942 789
495 423
707 133
616 581
963 2
105 130
288 268
990 203
361 313
335 784
544 403
526 389
398 365
686 466
231 37
8 57
165 243
637 861
358 669
24 687
584 468
785 85
445 367
238 434
767 202
689 953
795 42
483 175
931 610
83 717
667 904
302 106
406 697
8 201
100 776
366 985
66 373
782 649
827 171
5 146
889 59
71 566
266 497
712 565
879 706
194 839
392 697
356 663
751 740
281 467
111 333
748 168
579 551
171 163
848 908
487 930
808 346
564 13
608 465
837 248
205 39
166 750
648 951
724 834
72 390
772 660
789 657
84 141
825 256
975 406
866 568
793 216
57 263
504 375
954 869
67 711
394 208
440 980
856 482
541 370
362 401
690 983
549 197
44 235
691 659
204 875
760 232
870 133
427 543
529 871
781 485
831 201
445 421
194 614
253 40
781 196
754 152
850 153
296 953
563 631
307 446
906 19
961 183
813 491
204 663
548 394
879 827
39 408
843 668
506 421
139 275
981 586
449 549
831 666
254 407
273 165
334 536
844 131
780 970
231 904
824 332
468 133
260 300
234 472
922 402
91 95
505 648
85 141
56 457
149 814
249 270
457 990
163 156
248 159
777 753
295 610
342 749
439 734
410 2
88 906
269 426
769 619
408 221
885 439
459 450
292 31
301 227
899 847
800 578
718 404
409 4
877 426
374 435
987 958
141 490
100 540
114 136
978 598
42 935
312 770
540 309
439 629
821 731
699 190
417 982
811 695
966 172
825 302
126 381
399 434
21 26
214 847
122 88
64 804
120 150
637 170
277 147
797 357
259 728
559 94
596 763
513 862
748 803
228 800
980 506
468 694
169 147
238 815
443 554
535 452
853 19
277 762
542 724
140 831
683 349
664 46
811 284
674 386
68 718
849 708
140 16
434 4
896 275
127 31
641 698
602 642
825 891
18 489
872 61
599 967
509 360
969 452
727 414
427 701
792 478
446 883
30 259
414 328
818 512
240 639
891 16
794 828
290 858
246 293
52 232
920 251
693 103
58 410
188 515
472 485
991 643
961 867
82 665
806 180
359 913
435 153
663 57
547 104
304 879
157 685
847 522
931 70
235 276
647 16
318 493
985 8
656 803
418 589
744 872
87 990
992 851
426 93
331 362
197 835
817 978
977 99
777 698
868 434
229 594
194 146
57 392
811 551
890 766
493 641
761 134
677 525
389 380
883 964
496 1000
839 447
897 845
101 405
178 734
151 435
384 785
181 648
981 184
542 849
354 568
161 67
254 105
771 296
215 444
97 473
219 280
646 83
908 685
798 886
263 344
646 282
992 963
245 736
946 577
48 961
245 291
811 783
715 223
855 402
777 205
84 883
379 43
221 766
94 198
966 204
520 659
263 309
537 176
997 730
723 95
637 891
128 585
935 326
528 49
638 855
475 344
727 259
86 822
436 57
461 121
170 29
688 401
652 750
614 511
309 181
744 984
2 271
162 669
911 560
202 640
669 757
337 564
522 228
362 126
515 747
545 388
38 311
340 849
445 145
104 690
644 470
830 210
659 299
737 617
31 506
292 151
446 663
827 549
967 765
933 754
828 43
288 743
66 741
757 395
247 252
950 788
897 329
274 128
153 465
545 118
848 935
220 658
230 701
282 583
919 289
429 309
957 699
383 112
366 481
192 924
944 307
85 285
652 632
521 45
978 447
504 716
825 225
670 502
991 388
303 366
537 272
464 933
575 303
35 591
714 720
203 402
776 80
382 147
11 535
11 64
891 356
514 906
865 135
951 694
969 700
939 797
365 171
288 149
501 506
163 12
438 163
742 85
0 895
239 248
540 677
964 699
28 772
984 344
460 229
727 99
672 441
72 773
518 809
792 641
868 907
966 880
384 361
972 595
440 427
55 636
608 493
567 747
513 811
336 747
965 54
113 997
264 358
690 111
93 73
855 482
883 607
82 101
24 539
575 386
749 718
478 9
92 585
331 938
224 693
921 557
80 44
941 823
467 417
859 519
404 359
232 384
201 932
821 716
804 210
331 454
504 39
592 636
117 147
543 70
524 440
882 814
600 107
448 48
253 337
348 862
741 76
469 715
561 868
430 767
976 519
972 349
455 289
476 49
414 777
79 643
310 111
700 236
275 164
224 521
8 602
240 635
696 299
478 243
227 380
332 993
190 418
407 67
830 681
167 886
896 738
217 191
682 494
890 446
67 895
186 692
883 227
342 932
120 11
316 876
389 54
202 603
463 428
64 992
850 195
807 829
661 116
766 344
177 944
540 761
435 367
319 45
122 197
403 238
387 232
895 238
76 506
538 956
95 437
978 962
450 474
579 49
472 580
613 792
282 806
330 128
276 27
457 17
139 637
534 517
991 618
214 48
312 132
275 405
9 546
725 718
88 581
213 234
183 227
772 779
53 1
174 870
999 807
403 22
322 490
68 249
496 793
155 30
348 874
622 542
872 771
664 368
735 325
424 624
805 394
637 390
671 904
641 661
371 318
684 484
764 418
829 876
755 108
957 72
664 7
526 367
252 7
790 312
144 1000
389 924
157 24
722 830
663 896
540 232
21 500
491 336
606 11
138 873
48 100
67 299
589 315
995 695
165 660
742 554
338 62
477 736
253 22
27 697
639 58
559 482
494 213
523 980
931 550
226 293
691 322
171 342
991 818
99 2
666 254
183 56
382 453
547 173
669 323
145 168
131 867
690 919
807 305
505 691
801 54
788 30
883 294
161 751
310 950
445 565
723 121
456 683
965 477
450 625
121 531
427 662
880 15
795 267
780 954
658 35
671 441
320 89
23 58
28 739
542 151
990 87
76 844
853 444
82 507
255 625
494 982
615 146
146 524
85 670
264 651
940 379
