1000
947 823
806 879
516 733
682 920
195 267
638 632
343 547
845 461
850 449
39 890
419 902
599 871
588 359
498 210
12 46
639 34
389 448
167 550
425 55
375 572
142 744
381 645
377 873
365 413
151 515
211 92
555 789
928 808
92 28
140 851
897 357
464 845
90 476
442 266
134 732
83 432
378 928
802 500
713 516
425 229
369 991
330 38
559 177
708 84
73 201
751 828
441 722
735 828
58 636
967 201
110 353
341 1
224 874
315 369
509 993
992 930
804 287
22 852
148 467
657 782
652 691
567 403
483 553
744 602
514 267
102 261
147 767
624 672
509 829
434 289
668 520
470 846
284 729
900 747
809 715
486 760
522 153
358 234
438 281
605 776
416 717
662 979
720 124
22 119
483 731
848 558
168 466
449 471
663 26
70 577
791 665
118 944
820 63
224 904
989 945
393 833
353 675
293 506
840 867
514 468
482 182
991 522
22 608
590 136
997 67
833 91
225 816
695 445
227 692
856 961
666 893
306 479
804 491
810 283
455 729
106 185
222 959
551 801
910 886
205 209
722 880
938 798
530 12
379 256
514 96
692 317
279 866
922 910
852 977
877 195
722 944
44 598
521 897
668 594
33 471
576 997
979 444
570 183
22 286
925 636
174 956
705 724
982 224
346 907
401 436
812 937
494 705
140 292
726 680
782 814
399 347
734 20
588 261
860 78
460 850
63 15
891 101
272 686
392 327
406 545
84 501
844 542
92 721
840 4
135 468
71 949
11 119
964 808
914 47
711 285
936 954
156 973
764 363
59 156
410 759
952 345
865 979
565 21
17 705
259 261
601 58
285 789
274 756
0 715
303 608
38 479
646 183
357 992
587 839
38 893
362 693
803 825
539 402
756 219
168 882
399 926
37 685
268 608
691 47
161 275
44 301
939 986
635 873
621 862
137 839
373 593
260 788
141 469
334 621
573 506
573 704
357 396
258 69
62 552
842 830
417 933
474 182
496 348
579 621
582 111
900 175
627 903
71 626
7 605
852 26
589 381
482 807
764 427
343 260
608 365
598 82
571 837
63 369
271 840
840 2
947 373
192 324
45 984
9 610
31 244
100 447
299 398
757 777
246 538
5 776
716 628
693 114
493 609
683 706
328 768
408 97
330 41
457 495
783 838
6 172
856 880
479 99
230 513
19 764
350 975
25 76
656 836
713 104
597 839
465 161
625 221
75 67
808 223
474 172
992 403
141 567
85 212
622 916
394 610
100 586
508 145
63 332
996 335
726 106
235 698
599 267
538 359
878 302
490 730
541 120
731 779
998 965
138 745
456 95
153 487
996 393
559 512
86 322
908 994
65 614
57 522
147 358
356 921
266 39
767 233
386 243
693 695
669 165
738 891
318 246
323 948
679 937
480 691
172 541
349 453
605 241
242 516
256 513
351 322
971 23
951 383
946 273
690 566
363 375
469 22
769 520
763 456
97 298
97 669
12 949
987 210
943 715
251 998
493 418
727 894
177 463
785 313
281 902
882 832
863 405
198 979
104 490
58 228
860 104
411 152
945 743
716 89
741 937
872 789
961 236
551 255
414 710
699 422
621 987
485 998
692 828
459 419
559 908
332 839
296 234
962 156
900 746
753 589
965 638
37 74
244 647
217 502
54 247
609 64
415 871
215 452
767 733
260 370
761 368
716 387
702 784
774 497
689 644
207 462
207 459
478 755
707 74
955 109
838 690
420 971
72 682
708 775
951 80
285 54
776 22
260 558
8 74
793 816
543 322
174 971
419 281
155 288
560 506
836 507
735 941
25 249
531 804
453 852
2 154
204 712
73 295
831 300
519 427
718 291
776 152
322 871
790 6
712 845
965 982
95 462
382 371
13 996
363 582
632 892
826 982
781 807
824 673
377 222
856 9
990 490
493 507
61 672
486 547
757 722
374 966
820 567
529 941
178 666
253 782
46 868
29 591
163 178
207 952
753 721
144 784
281 499
605 756
384 473
362 524
382 975
469 97
983 120
31 967
476 852
234 445
844 571
99 540
305 396
543 946
928 417
630 228
999 562
873 283
793 915
743 327
461 888
456 807
364 995
279 614
36 92
154 869
819 902
692 251
617 87
25 245
104 103
700 709
656 9
832 21
56 52
499 290
878 798
26 612
118 610
755 841
886 947
28 33
266 617
86 3
982 471
967 31
820 20
324 653
255 235
828 785
546 140
73 244
874 258
579 955
222 994
849 637
134 753
668 377
248 742
158 157
382 333
595 691
422 968
144 118
404 233
546 748
441 831
442 26
305 582
393 679
330 889
893 349
552 86
834 663
868 97
584 864
554 505
542 248
72 798
635 766
406 970
603 885
92 198
858 268
636 208
468 298
796 305
75 620
17 452
47 28
747 750
447 629
150 442
839 229
919 360
758 263
657 688
949 360
758 555
748 255
519 176
958 510
350 199
885 362
450 81
673 387
327 959
309 712
414 913
577 805
484 611
340 587
582 415
258 664
721 320
586 828
359 843
25 404
193 665
109 535
463 612
195 443
399 355
450 796
957 31
742 619
874 398
250 855
202 792
588 54
581 909
594 12
889 839
723 783
945 27
774 648
342 365
332 123
635 136
96 544
691 227
477 521
103 162
452 216
408 399
458 298
435 449
903 456
579 331
957 648
442 24
86 86
718 204
658 379
569 39
804 498
536 713
909 197
235 131
517 209
103 995
888 441
474 79
644 802
401 945
268 78
795 696
155 512
743 93
420 293
263 765
437 411
341 424
662 203
321 404
829 116
492 229
53 700
406 488
26 357
353 443
94 192
348 454
587 377
930 556
832 634
247 39
358 421
184 803
157 86
673 4
915 551
255 951
283 17
165 345
433 743
428 675
644 963
754 192
434 234
769 719
423 230
362 543
443 962
349 73
539 999
773 907
948 668
44 840
871 418
476 249
133 215
64 138
948 771
451 115
272 445
401 920
931 205
450 972
8 88
723 553
788 702
50 995
531 918
364 996
18 108
701 915
394 256
304 565
285 998
219 682
676 357
283 64
774 255
600 937
862 150
545 406
564 459
654 861
845 33
55 775
346 75
315 803
715 856
496 56
365 507
57 202
472 278
677 427
74 155
956 189
782 739
592 576
24 15
765 470
244 217
598 248
252 713
434 773
296 547
545 736
645 224
204 348
72 361
52 116
937 160
15 33
121 9
935 919
472 189
568 780
704 760
845 270
727 713
899 406
564 709
270 409
788 188
731 844
42 471
785 83
20 760
380 960
533 87
671 136
202 737
508 983
775 294
868 842
936 497
309 710
291 510
230 664
388 114
869 974
603 539
835 523
678 342
614 955
846 791
400 674
617 256
22 135
382 0
885 114
705 119
961 521
808 44
979 36
652 521
280 344
580 875
130 991
847 670
571 906
323 979
239 925
743 479
501 170
141 285
433 652
673 199
869 194
542 889
131 609
407 837
250 89
699 489
63 885
299 734
744 730
937 693
565 726
700 691
93 904
816 394
968 636
369 855
803 195
685 305
205 399
671 780
467 224
403 858
746 510
899 31
50 253
176 27
630 487
985 759
307 822
569 912
134 58
979 74
363 737
372 69
146 754
549 826
729 360
423 281
163 143
881 139
6 973
112 60
756 589
483 190
952 133
693 107
598 75
417 984
352 420
342 930
687 864
641 255
415 942
518 700
28 242
900 857
772 271
0 743
234 489
817 49
83 714
291 962
793 350
320 43
249 692
541 554
610 120
622 586
628 8
586 460
633 928
152 301
522 859
347 865
818 637
423 626
452 77
399 876
119 668
639 926
132 889
725 878
40 992
809 545
612 885
446 414
208 589
642 297
5 608
398 209
68 938
161 101
397 923
6 704
653 882
640 771
829 812
2 752
561 809
618 832
619 82
720 366
458 469
836 516
161 740
347 503
212 659
233 611
738 26
820 707
290 336
625 156
552 73
111 262
240 850
94 998
262 586
1 382
948 325
502 630
749 206
894 290
651 7
851 818
349 610
95 705
673 768
172 204
283 321
18 161
674 613
572 59
197 173
476 94
187 166
739 209
554 122
165 691
434 940
537 448
399 764
44 419
273 498
342 179
610 244
733 893
922 294
165 158
0 180
632 29
41 486
133 400
4 769
25 993
202 240
690 808
469 571
464 536
166 914
447 906
465 314
943 142
620 705
343 91
616 389
989 762
501 847
854 455
541 961
216 645
101 748
40 532
619 320
175 729
916 434
444 143
750 493
952 789
411 48
400 339
734 900
742 173
558 122
356 480
352 304
939 567
456 786
756 346
440 32
989 284
465 82
47 458
964 770
191 219
449 72
305 838
32 360
680 590
942 222
692 310
61 273
353 636
453 873
941 956
847 79
301 940
950 543
62 801
59 832
354 601
623 818
898 806
802 743
922 979
415 944
534 812
50 578
591 307
406 486
589 54
936 602
352 218
374 5
242 634
163 528
786 391
287 840
694 489
786 343
838 150
24 133
325 325
162 386
888 961
493 878
436 102
345 887
307 719
285 645
151 275
208 391
988 151
229 854
