1000
538 321
235 691
818 32
273 262
611 204
677 930
29 14
458 156
203 728
991 846
620 208
524 362
641 141
492 566
237 445
643 434
13 996
844 520
941 379
698 402
580 428
431 601
139 978
743 239
496 791
13 845
163 61
439 224
849 753
158 616
831 858
87 75
495 106
493 478
780 305
953 459
735 89
460 991
143 362
508 301
338 111
875 427
560 917
178 475
113 804
288 825
772 576
297 989
164 495
396 24
786 881
707 253
772 606
329 919
547 154
982 404
541 19
501 191
883 130
869 229
669 540
925 21
217 904
517 986
456 293
580 705
112 115
660 579
289 725
822 175
453 681
129 231
519 932
160 278
123 65
684 840
301 720
663 91
647 75
95 727
443 341
758 778
852 846
924 286
113 114
980 652
104 407
13 6
96 984
628 178
532 542
701 29
736 1
625 153
617 214
461 881
949 247
491 738
283 449
287 405
247 237
508 150
959 447
529 817
654 574
786 455
991 844
836 611
119 145
330 941
117 790
644 804
694 570
874 334
317 607
35 948
10 800
419 396
321 322
173 266
28 983
762 427
253 538
212 955
138 334
332 416
735 926
269 261
236 937
788 467
338 335
628 536
88 610
518 922
972 60
247 469
27 320
25 1
417 666
955 179
143 486
825 128
441 260
764 259
396 731
410 675
806 129
257 444
70 702
417 642
242 624
45 507
626 747
380 841
680 872
899 901
809 266
126 192
653 589
7 791
600 587
597 99
537 498
98 142
110 836
5 746
757 661
452 894
429 144
453 116
611 333
120 785
914 245
280 278
298 877
206 141
892 771
312 5
816 633
808 851
633 435
484 625
240 962
269 647
33 938
811 69
390 468
689 404
148 484
553 54
883 13
592 414
511 194
615 587
438 623
695 493
374 634
195 489
344 354
444 294
490 920
789 647
830 70
129 906
971 505
800 182
19 978
964 867
188 186
839 438
844 196
935 766
162 690
85 486
83 987
761 81
551 751
837 8
439 486
286 180
338 314
228 982
423 260
523 235
574 643
902 206
362 694
204 17
792 356
850 847
916 281
232 419
690 38
962 220
538 430
25 35
382 272
947 374
554 401
721 892
726 944
295 465
902 185
654 381
401 710
672 330
901 544
598 458
364 28
23 680
787 218
263 959
130 786
372 19
3 826
734 20
535 437
601 135
251 209
793 953
260 753
925 410
564 638
188 776
832 222
322 309
765 225
543 715
581 969
236 526
918 946
451 969
945 806
34 201
800 583
957 682
123 820
64 95
686 893
176 457
600 990
876 304
85 291
517 820
120 409
450 928
801 343
907 675
998 617
661 261
321 449
408 347
949 785
995 474
974 846
310 977
212 109
994 234
646 776
12 825
538 89
851 734
54 794
66 107
441 647
717 657
465 6
524 18
49 165
576 775
212 547
816 690
546 356
403 299
668 540
714 154
578 362
506 690
664 98
5 314
169 161
427 84
787 557
874 299
596 49
118 52
101 862
150 390
284 368
104 982
205 925
680 701
135 545
714 385
59 160
526 286
420 161
790 798
399 17
385 283
497 613
578 332
845 20
516 153
48 348
865 723
452 118
913 799
686 254
274 680
285 700
173 376
964 752
316 147
113 621
381 504
71 497
152 897
930 797
545 87
144 34
505 838
682 453
25 950
500 946
912 217
486 509
633 5
475 156
89 191
519 335
158 398
806 45
373 354
564 420
541 18
720 818
477 843
518 68
968 586
456 883
857 218
574 479
139 536
73 892
258 306
934 441
197 989
515 674
944 955
870 470
351 279
297 342
611 74
726 227
512 475
667 496
765 293
995 200
453 577
201 947
158 312
792 451
158 742
817 307
535 427
55 780
153 659
367 434
505 136
932 80
765 100
587 872
594 84
579 166
840 360
695 450
155 956
57 90
295 473
483 711
172 502
211 117
220 328
463 655
953 97
108 408
759 324
484 93
211 113
332 107
128 701
901 257
573 50
252 712
946 238
642 82
756 54
511 344
314 589
601 295
765 833
45 111
470 352
144 114
849 905
985 736
764 64
142 126
289 698
993 884
170 804
702 433
117 501
355 585
422 236
328 980
685 827
398 605
607 289
521 436
836 162
481 336
280 397
875 812
866 514
337 501
70 188
923 741
15 523
170 779
531 237
248 799
151 870
388 715
73 48
937 120
847 878
45 699
501 558
252 187
683 673
1000 823
933 934
666 992
300 170
243 385
932 653
684 750
98 121
276 831
209 757
463 355
88 157
868 515
185 442
206 347
894 48
887 701
306 774
842 679
750 102
69 892
788 702
77 703
198 553
274 613
700 196
708 675
72 787
71 991
911 346
952 54
727 553
567 345
134 460
158 168
834 619
283 958
798 339
461 757
50 964
378 125
299 745
36 422
984 656
959 301
735 543
864 1000
518 113
499 758
225 752
295 118
503 647
725 358
137 158
879 767
649 977
310 643
475 504
794 445
373 868
152 778
585 409
36 286
481 993
662 257
662 101
114 46
612 516
943 527
580 995
423 923
197 257
341 789
395 518
131 662
892 16
313 517
735 655
174 251
544 190
696 593
926 38
844 128
893 836
654 432
818 711
30 745
354 23
547 88
990 762
213 510
604 277
784 314
369 73
490 714
817 309
953 921
821 686
708 934
732 997
903 953
419 523
174 584
320 224
7 504
493 923
93 107
141 833
50 760
749 581
816 481
970 674
14 730
726 793
601 472
834 842
311 596
541 894
407 315
251 488
296 747
581 726
684 990
546 317
887 420
824 805
868 930
855 993
185 158
651 343
339 887
905 967
780 709
680 967
46 451
944 330
588 423
175 629
382 370
136 857
340 765
360 867
867 389
184 204
97 693
996 837
622 437
289 798
461 879
683 733
934 193
274 798
49 529
811 11
224 96
601 926
311 345
650 448
822 321
339 323
570 864
123 787
10 14
751 612
42 158
352 807
763 370
809 469
417 694
489 15
494 50
97 98
468 657
122 105
979 461
735 31
22 142
556 167
900 654
467 254
52 987
870 43
554 845
582 30
637 259
100 422
291 763
47 920
23 11
358 959
665 250
64 980
234 24
520 543
238 709
141 58
533 926
876 24
287 379
998 560
612 400
677 567
375 920
83 985
224 389
686 242
772 723
904 900
109 461
770 848
867 119
33 335
591 371
737 322
621 533
713 344
969 614
156 226
332 673
483 584
555 228
763 676
199 501
742 549
503 997
203 213
750 966
11 19
893 268
166 133
543 824
1000 605
214 943
953 768
707 441
349 804
590 137
656 651
533 885
182 346
809 292
689 994
529 29
166 953
341 310
549 840
107 986
773 615
293 568
20 151
723 263
913 688
814 237
737 327
312 343
588 516
527 919
499 907
158 17
857 759
521 731
271 370
981 928
627 477
79 144
697 441
571 490
733 380
844 454
786 151
419 568
98 949
369 47
619 935
147 178
28 563
497 178
747 403
983 5
145 735
121 989
932 786
271 501
408 588
578 625
767 707
586 137
320 626
306 391
570 333
736 83
830 273
72 431
805 250
570 137
192 585
966 256
779 886
525 930
828 317
490 997
83 973
112 714
338 900
231 195
395 482
801 333
943 668
886 304
190 308
216 428
21 659
233 766
603 496
264 958
700 522
539 239
96 433
783 298
962 400
40 844
559 902
158 611
906 138
661 815
344 960
717 472
714 382
842 147
318 18
902 932
415 288
187 446
871 433
507 281
433 987
523 851
465 238
463 258
892 389
466 106
431 588
234 315
38 295
930 628
203 600
428 818
542 707
666 961
934 201
444 34
599 764
199 51
452 518
793 449
951 81
409 320
545 16
900 362
111 542
820 960
678 640
693 682
976 326
965 958
463 102
779 63
135 761
555 530
702 134
238 233
628 852
588 457
284 254
767 151
325 492
922 174
813 608
901 933
325 230
44 698
825 643
17 405
767 145
799 21
508 337
675 684
167 35
129 494
643 266
527 254
280 92
350 238
763 620
257 315
32 24
837 263
371 396
633 949
921 605
946 666
820 397
933 123
14 149
588 95
630 463
599 948
357 895
592 869
855 659
181 188
329 96
139 481
78 554
279 844
814 110
626 336
336 536
938 62
347 765
889 228
661 249
460 10
918 395
71 341
627 187
854 812
74 2
659 284
669 431
45 440
305 297
713 82
206 611
308 92
92 597
483 582
34 493
108 779
920 402
356 750
245 273
619 418
269 727
70 940
204 54
856 79
253 272
95 740
888 41
56 634
731 451
231 256
24 223
309 890
555 964
902 663
703 427
401 225
64 910
283 316
514 169
989 931
835 148
865 329
507 80
252 58
95 623
970 389
639 128
840 506
655 256
164 819
989 470
232 178
595 356
738 166
975 701
103 65
795 434
628 87
319 399
860 239
67 251
472 45
635 652
883 948
163 873
606 655
584 948
58 284
613 211
379 276
566 840
825 48
293 590
815 47
69 946
380 287
602 734
323 874
23 936
253 125
420 88
89 244
434 70
827 870
668 36
408 695
865 613
203 119
8 861
935 211
632 916
326 124
519 677
708 617
919 940
