1000
598 499
435 672
245 435
875 17
60 103
474 215
58 157
456 56
573 447
108 675
65 260
140 275
791 150
712 507
87 484
39 280
432 239
723 631
389 407
771 832
672 521
470 124
723 218
676 657
903 639
960 792
687 622
779 116
744 137
875 642
95 800
502 50
630 454
21 531
18 966
189 289
482 180
10 948
888 254
325 633
893 721
481 659
828 199
45 642
813 712
556 250
308 272
259 709
177 567
303 577
414 302
528 868
780 75
767 389
951 78
43 549
666 109
334 550
987 184
647 742
585 407
159 734
188 783
385 760
575 269
744 234
296 699
463 722
370 809
307 413
203 240
321 22
882 576
475 866
894 684
853 951
645 303
22 850
183 696
642 261
491 698
926 54
899 251
162 246
498 651
488 870
672 366
210 545
109 997
328 531
615 158
168 73
613 189
132 615
735 729
563 790
28 384
335 23
270 246
314 175
112 69
564 689
698 525
465 303
947 562
989 832
499 678
236 18
782 739
386 628
225 907
845 820
401 900
657 253
813 233
117 282
291 162
479 361
814 422
616 931
63 957
650 320
340 349
164 669
390 132
189 145
451 437
629 219
852 875
312 385
192 193
220 58
195 227
18 80
465 605
678 137
542 7
144 99
433 809
838 63
855 51
866 139
503 280
463 25
241 863
625 302
556 570
882 924
786 572
432 386
825 989
175 552
9 32
30 394
221 558
996 745
644 362
810 301
372 279
383 554
1 726
827 298
74 419
454 247
133 497
861 184
851 675
25 389
625 292
146 104
592 590
196 57
722 831
752 367
211 136
475 905
994 724
246 411
969 377
733 949
141 870
188 361
647 308
625 599
201 535
609 734
67 888
677 667
328 967
184 745
332 316
351 591
607 549
266 849
507 463
435 191
434 455
625 60
534 103
429 848
867 653
403 242
675 881
101 617
33 841
738 903
702 838
939 947
330 454
731 613
970 582
792 800
764 327
833 986
278 40
609 412
119 398
41 983
450 321
54 88
730 143
567 439
960 307
893 539
107 555
836 775
755 993
656 108
812 444
618 464
124 716
443 597
889 121
580 122
575 919
611 295
919 132
689 788
316 692
988 395
215 663
595 265
898 142
122 997
444 499
178 432
615 895
5 475
815 5
746 955
980 911
55 698
324 656
268 557
236 199
726 896
928 262
103 819
323 650
239 464
968 788
270 229
132 886
791 317
448 913
864 310
836 720
793 755
887 763
927 4
22 98
390 596
408 42
652 966
828 467
57 751
512 287
552 443
551 978
310 328
454 117
183 379
959 512
905 494
120 570
470 901
811 661
610 969
916 635
539 359
391 723
569 603
347 213
216 466
519 486
19 955
959 894
74 661
750 812
966 841
480 88
773 316
285 174
738 805
528 382
726 433
23 109
969 272
794 25
934 581
520 47
734 417
284 1
155 16
944 186
200 870
776 103
212 722
980 629
603 541
125 548
775 648
360 670
733 130
943 222
962 733
932 928
399 35
509 335
168 456
350 122
484 748
451 107
451 526
958 104
272 659
568 873
953 636
736 74
329 325
714 166
730 305
251 525
740 433
111 482
398 407
726 833
126 157
700 778
996 157
536 297
69 298
85 390
100 467
920 306
405 718
496 974
888 915
699 681
895 400
874 13
843 514
179 699
647 77
292 394
600 394
753 435
810 434
421 605
815 77
685 483
553 226
146 857
351 121
811 704
459 657
129 453
745 712
707 352
649 991
148 375
475 179
567 727
261 618
386 601
139 651
712 181
632 665
79 490
96 3
283 80
966 904
88 564
606 371
995 744
780 139
682 369
634 884
153 719
7 14
429 111
25 956
997 358
561 142
896 979
916 445
721 173
848 157
276 340
53 563
349 336
215 970
615 729
222 494
230 149
230 714
776 55
278 224
467 186
570 555
649 226
0 1
431 64
966 234
125 836
782 750
63 823
102 83
678 857
938 689
1 61
543 758
824 154
212 20
923 862
455 239
800 938
836 580
9 777
642 773
680 831
499 848
468 688
843 562
759 970
980 628
220 824
652 142
518 357
480 486
616 34
686 890
895 863
941 381
175 97
470 150
909 468
962 503
188 782
530 305
605 257
732 408
492 646
570 651
139 464
381 237
919 292
926 547
194 450
651 781
46 367
967 523
71 111
129 352
966 417
408 940
855 789
848 200
450 110
685 455
240 762
652 60
168 814
686 324
703 912
628 432
261 846
287 557
14 663
2 557
250 484
124 275
146 612
773 109
642 140
767 300
425 455
161 921
831 896
590 503
990 686
343 785
235 550
501 252
350 92
188 400
430 24
986 411
421 122
225 359
617 928
45 958
86 821
377 694
538 810
477 566
471 222
183 894
325 897
557 274
729 776
94 735
742 211
497 269
622 50
782 80
178 157
99 76
163 479
169 581
248 254
194 602
27 545
184 160
349 187
77 473
476 417
836 260
159 648
353 711
965 111
10 129
143 228
290 707
188 460
107 709
809 731
439 783
182 265
458 354
72 197
395 284
694 524
6 743
476 439
722 494
198 49
755 697
30 970
748 951
631 986
171 862
425 71
547 41
850 14
859 468
330 613
877 434
931 324
749 882
290 517
784 264
384 865
560 229
578 149
489 23
100 92
461 544
202 888
429 875
921 630
784 876
357 834
463 241
180 616
484 273
848 968
45 554
245 383
204 72
319 563
858 733
617 69
699 710
586 826
430 709
275 781
207 804
254 535
872 193
609 588
272 401
547 174
672 34
714 415
720 748
9 316
971 238
165 766
141 897
480 93
668 973
633 509
203 659
104 790
364 959
219 167
208 172
39 233
617 877
547 949
572 577
213 429
623 346
550 2
341 806
877 910
922 613
146 668
664 228
210 795
852 98
487 811
199 418
443 832
38 154
378 252
247 276
239 627
361 374
422 298
718 122
573 334
940 430
102 126
8 191
512 545
407 652
687 604
715 565
415 691
726 72
752 686
434 349
743 193
347 47
133 759
921 476
25 127
655 575
372 642
168 296
930 456
683 70
301 58
854 152
579 149
961 747
753 705
790 35
181 289
384 979
75 354
73 515
513 347
65 652
403 433
312 918
284 673
673 298
18 538
90 838
809 96
701 301
729 693
813 452
857 611
30 594
917 473
553 478
808 170
448 547
943 41
422 296
45 567
856 244
181 757
780 690
858 907
38 235
907 710
779 18
1000 118
757 508
549 653
386 224
407 735
593 764
297 564
109 14
986 586
422 650
63 712
198 584
844 778
30 492
16 156
199 591
908 258
153 856
618 568
22 985
257 583
13 693
49 32
899 474
650 294
882 661
690 434
6 5
355 927
828 715
259 0
473 920
59 412
338 772
603 396
501 762
641 500
495 906
82 328
600 561
245 176
521 834
274 903
967 824
239 617
872 988
400 502
659 460
66 488
77 246
798 36
561 827
957 275
752 916
921 366
409 413
297 958
713 669
582 820
287 689
300 624
224 720
226 899
330 93
154 632
711 250
435 959
409 328
796 849
229 190
645 927
524 358
993 845
660 481
250 7
840 181
109 322
134 185
585 192
974 238
936 357
169 696
723 777
464 454
469 847
630 866
353 82
51 801
559 294
43 457
76 877
650 787
837 709
684 185
172 693
698 947
709 669
8 425
709 770
469 706
618 276
69 13
432 719
499 487
861 727
64 771
399 575
700 63
614 955
249 714
546 809
266 185
62 920
129 404
314 337
383 332
269 733
9 273
224 17
632 483
226 10
431 962
36 483
10 708
387 222
554 51
338 608
79 740
270 75
632 335
125 369
141 959
4 16
429 968
616 803
687 738
458 464
382 13
328 341
274 824
445 173
703 315
672 504
183 593
623 530
371 133
999 273
456 946
584 667
685 325
267 527
247 557
279 928
896 727
924 418
78 932
248 930
344 925
880 334
702 738
911 105
562 960
738 270
127 279
492 159
255 304
461 511
660 95
858 787
876 131
582 798
806 427
343 300
387 437
601 624
176 291
262 843
9 10
258 290
640 131
239 331
775 260
705 982
987 56
811 661
295 594
179 616
687 682
433 389
968 665
250 242
834 623
980 701
13 7
519 364
21 209
853 164
144 405
422 157
861 803
340 513
323 680
594 366
772 723
163 981
763 400
882 980
283 714
828 451
460 264
1000 474
569 945
323 904
372 75
543 310
794 964
31 559
881 965
969 102
19 22
431 430
170 89
742 895
445 545
687 227
410 846
640 150
710 896
81 470
441 345
177 904
582 897
926 959
83 800
761 936
436 820
637 209
626 202
126 638
875 650
774 48
503 641
436 786
973 725
309 415
204 237
26 994
976 763
240 826
15 22
765 528
125 186
131 495
963 500
523 746
117 854
387 526
865 273
43 912
886 752
843 234
104 500
223 388
529 948
376 170
539 503
762 567
378 691
184 55
963 263
587 98
246 6
710 310
58 567
190 289
547 395
948 357
923 378
565 278
317 366
407 950
397 848
245 803
644 218
429 93
23 2
640 358
704 126
759 618
975 320
812 941
832 905
906 892
543 890
1 585
245 635
575 61
513 485
