1000
700 623
311 274
97 572
923 798
497 671
407 317
497 456
833 844
530 548
88 660
628 950
444 405
891 800
683 428
656 514
440 739
402 22
731 798
283 101
846 530
16 169
82 208
847 945
755 33
421 273
526 306
359 670
803 861
44 931
15 990
707 740
695 283
631 53
170 383
596 636
542 590
106 523
369 856
447 818
620 94
580 825
503 724
740 486
133 608
605 22
212 316
743 298
839 126
588 310
362 260
650 692
856 515
573 614
124 281
581 352
336 761
678 177
598 914
233 556
204 856
1 6
894 550
968 529
517 710
209 442
346 498
244 468
314 311
593 792
380 480
667 1000
514 226
481 376
883 864
630 109
637 420
174 60
645 993
197 257
816 337
563 786
281 153
22 308
682 480
500 229
848 842
823 107
112 924
608 37
123 896
514 840
217 604
949 737
174 998
764 618
747 938
486 470
461 747
5 5
396 365
40 364
115 159
678 193
871 277
157 967
564 760
569 627
751 501
434 191
640 603
78 970
778 494
542 662
914 183
464 895
475 769
501 648
560 763
433 509
290 968
998 85
663 182
754 255
364 926
3 3
304 307
450 218
723 376
2 1
469 304
123 552
972 891
490 248
196 661
965 813
257 797
225 874
547 519
202 900
860 158
632 738
423 611
866 971
24 296
122 419
552 485
11 38
735 220
157 498
116 75
183 394
700 147
85 23
862 497
672 662
201 634
732 926
432 502
904 369
633 250
488 385
124 807
529 522
695 710
124 832
508 132
9 858
132 581
527 284
420 391
194 342
741 195
95 165
233 715
574 355
618 348
947 449
787 244
817 583
858 555
723 662
704 224
900 561
550 186
452 987
35 438
70 183
937 582
33 50
570 495
561 941
372 714
597 911
965 362
532 159
444 433
189 644
377 663
265 328
761 895
389 409
467 459
546 538
172 633
519 740
122 310
456 3
393 818
91 533
148 5
707 674
507 417
287 737
616 232
701 51
321 639
903 742
104 476
16 654
578 450
632 258
482 349
120 21
978 250
423 966
372 912
221 956
785 534
318 684
937 821
4 495
666 381
956 127
269 743
700 943
963 377
329 519
310 373
680 576
344 518
827 761
399 224
45 5
290 31
460 458
643 365
959 724
556 652
3 85
279 970
781 756
945 1
265 224
271 790
984 840
337 633
758 518
337 58
733 890
9 376
229 984
276 634
239 77
543 946
859 902
871 888
377 567
511 507
339 219
825 492
967 169
708 546
44 773
156 239
525 933
244 862
779 59
702 104
202 102
175 313
623 117
508 280
565 863
170 256
144 13
602 103
780 784
2 817
806 204
35 379
883 945
575 885
379 3
144 838
316 490
373 877
437 364
946 196
633 232
212 751
804 662
116 203
971 168
45 354
974 796
294 752
657 451
236 357
861 549
378 912
751 434
907 47
893 687
704 253
863 432
553 806
453 500
227 366
549 14
709 592
485 191
719 74
450 508
723 174
526 36
377 325
779 913
366 436
156 1
158 706
305 76
524 102
539 671
463 494
511 154
10 900
514 177
124 469
745 863
71 27
939 296
623 742
501 200
896 469
476 227
371 639
904 97
158 969
615 124
205 951
160 297
739 636
419 694
789 997
736 461
534 324
395 478
547 36
128 705
209 915
967 560
146 637
300 126
502 624
240 901
982 591
119 860
90 704
303 57
461 645
37 788
18 26
784 24
93 497
645 357
737 861
101 66
314 114
128 174
696 376
39 223
111 396
230 316
394 360
228 433
243 365
359 234
737 685
307 557
999 246
276 698
444 677
198 498
359 269
275 702
696 857
387 850
922 204
0 23
840 953
495 814
388 770
708 109
200 907
943 824
39 92
832 19
899 684
387 233
534 341
469 959
930 996
57 994
942 287
89 926
185 136
967 956
418 633
760 557
437 489
278 910
867 55
64 244
864 143
998 414
53 258
662 110
333 849
340 414
120 571
66 589
240 833
576 571
53 389
581 663
144 723
77 871
268 905
986 12
696 87
83 600
821 256
948 417
325 803
434 372
168 902
326 724
457 654
11 15
303 212
767 228
476 131
799 104
699 782
54 141
507 578
195 471
147 443
111 496
730 99
857 294
368 113
847 990
178 1000
807 571
117 41
753 36
110 593
357 852
599 505
425 469
988 936
228 586
685 657
989 57
565 564
956 915
730 122
87 876
287 493
148 590
638 340
441 950
190 377
48 403
940 869
655 287
142 151
404 9
938 59
361 929
469 605
186 342
499 266
7 153
673 776
476 293
551 258
905 477
925 52
514 503
736 988
331 159
945 522
700 198
176 517
752 490
257 143
332 267
837 12
16 36
730 394
165 170
300 934
109 247
186 951
393 201
916 688
902 534
946 620
673 35
722 37
12 938
551 508
727 691
197 688
252 432
850 947
264 578
871 605
155 200
470 507
949 766
656 588
609 181
563 261
996 246
582 865
446 299
427 180
626 31
122 740
350 243
119 741
491 550
445 977
697 455
529 222
737 135
965 527
611 752
66 40
238 848
118 79
165 627
939 775
18 678
1000 573
168 642
217 822
265 995
22 2
850 379
273 568
127 39
16 706
853 637
806 958
347 921
469 120
143 497
419 212
896 802
222 743
250 941
705 356
119 271
698 392
303 403
197 824
954 423
946 180
333 422
5 62
831 434
34 303
4 9
814 546
651 565
699 625
825 811
827 736
2 388
240 761
908 983
998 499
590 874
116 703
784 547
793 150
546 617
815 596
842 200
43 306
9 17
830 416
417 930
199 470
14 818
435 672
735 599
371 808
220 891
390 567
108 626
847 569
210 29
883 959
985 776
470 592
323 179
98 278
948 850
720 317
13 50
775 766
116 332
493 69
436 178
579 516
974 1
303 975
55 407
815 89
935 947
359 169
298 271
465 533
611 818
569 443
526 837
170 186
783 597
918 363
851 36
604 64
500 93
31 796
775 610
503 29
26 112
467 746
409 270
24 558
802 446
280 761
261 545
569 988
98 816
335 521
420 393
885 6
600 46
237 645
427 451
946 547
379 16
290 777
599 634
412 66
828 718
663 522
935 30
993 966
590 233
632 191
292 322
679 648
124 848
671 74
922 895
526 218
348 636
521 296
908 265
483 809
488 757
562 68
636 660
194 346
507 33
599 566
280 703
207 408
331 98
1000 891
419 144
62 10
565 677
473 595
788 249
386 660
791 607
136 908
23 432
526 400
711 954
30 643
26 408
248 841
392 399
545 490
766 42
275 535
804 554
23 395
453 812
848 377
757 489
528 911
20 4
817 429
20 300
991 254
866 936
746 215
576 906
387 781
481 903
932 556
663 299
925 70
643 489
534 592
7 66
457 562
358 614
507 472
6 395
742 338
371 883
440 700
984 833
521 851
854 884
505 693
114 582
39 348
835 607
869 505
197 504
230 42
834 308
685 541
569 626
591 323
431 824
84 896
321 440
698 256
354 595
404 659
145 127
979 428
936 460
170 567
627 858
76 313
963 133
616 763
498 394
163 469
161 352
941 53
733 167
973 117
727 877
363 712
324 127
145 706
284 249
328 762
9 899
420 631
459 766
810 938
242 338
60 552
404 582
693 86
865 106
534 425
44 776
210 717
168 676
813 878
307 448
310 574
519 284
808 66
333 756
479 591
113 620
458 927
581 454
81 821
245 827
299 149
551 159
463 918
530 989
226 44
684 125
236 80
950 757
470 138
962 826
804 136
231 188
734 606
116 619
988 253
33 15
637 645
719 234
133 876
39 858
187 187
332 504
933 713
224 930
421 764
998 334
876 546
492 775
114 113
342 449
503 466
432 984
325 466
606 549
340 681
981 903
908 618
370 618
347 695
82 403
402 335
971 909
410 71
293 779
878 323
513 328
177 485
790 693
426 246
859 483
147 483
656 998
504 759
556 378
857 416
9 25
209 906
834 357
517 549
270 861
315 77
43 948
309 546
350 205
324 459
549 293
650 383
852 5
598 880
796 269
556 87
651 830
721 659
453 451
456 240
17 78
614 58
230 230
476 797
857 193
349 444
659 212
619 306
620 639
930 7
122 197
810 478
288 162
247 331
873 545
966 426
984 451
380 391
161 545
719 934
674 499
77 111
343 223
200 665
49 701
743 961
683 118
409 501
978 602
115 126
626 176
855 209
991 108
911 703
377 920
904 969
789 593
588 337
205 624
589 747
972 485
136 893
857 467
726 567
602 182
970 662
820 559
135 762
784 847
833 646
898 316
106 637
174 821
515 848
76 991
503 90
596 431
301 774
730 371
706 268
822 356
48 610
574 410
885 943
730 506
936 489
19 405
868 233
785 974
529 516
749 607
818 996
581 667
860 490
483 576
595 967
867 466
357 292
950 231
849 243
557 276
670 51
703 595
42 456
672 859
163 651
906 920
147 551
207 388
957 537
872 887
792 747
606 670
690 365
465 440
360 294
792 685
59 809
40 193
187 165
758 672
423 530
152 273
262 667
542 362
686 549
568 575
273 412
806 80
483 846
502 50
930 599
676 907
218 216
756 432
232 148
143 403
194 617
