1000
937 297
674 922
613 613
971 857
221 200
262 10
902 460
365 269
155 925
933 480
259 956
392 431
679 270
383 973
177 545
751 312
998 248
756 939
936 967
525 678
251 572
686 863
498 610
203 352
46 649
891 534
768 465
463 178
19 0
904 907
194 917
498 787
220 113
385 803
297 243
194 107
836 974
222 595
721 884
348 491
465 404
813 355
227 907
1 46
121 886
442 659
693 871
607 577
65 537
512 382
897 522
51 158
238 652
696 61
858 685
620 466
647 962
406 411
486 911
232 73
815 270
51 803
131 938
859 99
571 601
219 700
500 551
695 109
458 799
637 926
720 865
935 90
755 64
888 202
376 455
880 279
981 45
911 555
103 745
521 37
949 676
401 331
160 123
836 37
196 730
499 698
552 738
246 29
102 271
83 276
722 448
829 285
590 797
14 4
617 645
202 638
24 142
126 865
152 73
214 492
742 526
191 471
936 44
232 583
618 367
770 686
507 155
159 484
164 474
580 250
563 362
830 372
301 603
782 402
519 897
843 618
410 790
699 807
325 145
94 501
195 191
677 257
13 0
0 5
239 136
48 308
792 200
345 645
973 393
527 605
4 5
912 544
44 921
10 445
821 162
214 305
773 563
347 0
158 903
0 10
707 808
813 474
360 815
680 654
510 907
693 892
743 766
547 565
722 378
378 100
6 10
680 178
66 854
545 228
568 605
250 934
212 412
970 942
898 555
98 800
39 568
960 81
115 291
304 423
333 68
965 753
564 458
918 560
624 489
308 387
401 973
224 664
212 526
913 396
257 662
836 437
38 71
175 715
153 42
17 7
515 350
61 735
515 55
530 842
173 701
344 72
144 345
883 320
80 315
843 760
839 536
698 16
865 568
292 373
10 242
178 185
592 473
760 765
693 22
368 513
0 838
489 719
972 541
504 186
532 260
614 693
0 16
498 674
881 822
17 733
111 267
988 768
925 32
273 997
573 16
794 578
8 254
342 962
428 600
714 374
501 308
511 347
15 494
91 228
896 20
689 774
842 441
71 764
8 9
282 511
307 801
418 728
153 702
356 570
418 275
816 880
872 551
987 706
991 411
130 936
355 191
494 96
103 230
910 500
197 429
202 731
4 12
208 687
985 679
821 459
883 725
635 970
384 133
213 144
99 264
339 523
486 877
478 685
540 443
330 642
96 689
524 813
583 472
594 507
711 770
547 882
939 968
525 70
6 24
183 703
131 851
677 876
47 296
193 27
747 14
21 631
887 377
794 230
424 652
555 773
348 796
30 659
98 602
589 1
547 396
267 178
968 861
71 220
313 386
959 68
768 859
340 942
366 644
129 163
673 237
613 307
439 946
19 992
272 939
295 688
574 21
706 172
313 233
431 615
67 332
3 541
680 645
103 625
274 819
283 552
618 545
629 595
730 36
954 46
276 636
891 92
28 386
760 480
819 2
896 857
957 441
396 498
399 748
140 223
339 245
107 914
370 431
565 243
949 670
182 74
709 361
174 729
53 750
890 978
280 399
13 901
115 317
523 87
764 723
826 320
361 831
562 429
399 596
553 573
634 354
683 38
66 2
915 884
1 872
514 577
709 65
3 2
266 882
989 375
197 193
829 77
536 752
618 25
1 877
250 709
793 550
514 917
395 985
836 556
173 635
968 164
317 315
246 885
663 691
448 179
591 835
714 249
950 595
21 931
903 802
764 359
430 509
230 461
807 122
718 584
137 495
16 19
596 174
895 330
721 812
903 640
222 760
746 154
362 996
621 643
525 635
310 458
700 950
289 629
53 727
710 593
348 836
716 892
650 501
7 628
364 628
544 809
949 639
313 776
6 5
425 277
485 454
228 453
79 48
964 112
355 518
697 539
52 767
225 899
251 816
543 194
570 430
621 709
521 432
900 639
1 13
68 752
106 192
124 939
564 551
324 771
270 167
271 612
477 213
811 787
682 951
390 113
936 523
499 975
799 392
236 830
359 901
513 855
752 320
18 2
402 876
432 56
0 12
810 429
595 425
709 437
337 41
773 97
945 902
681 830
783 377
160 980
361 398
702 466
241 507
811 324
94 953
626 703
7 49
40 531
704 997
613 423
265 666
318 719
792 358
557 439
906 940
438 187
666 641
736 836
48 377
516 449
501 618
162 293
35 90
67 507
362 499
217 618
324 190
306 32
993 913
655 691
715 13
266 512
731 603
77 739
296 4
840 629
761 373
429 391
306 964
471 227
392 98
318 103
710 61
750 423
624 407
342 69
108 940
929 282
789 677
596 861
414 581
866 224
887 502
382 335
813 156
704 120
484 465
823 246
111 328
141 622
732 835
961 921
486 500
778 447
33 50
646 868
480 828
115 305
263 167
919 452
329 69
52 836
872 963
571 697
714 551
908 924
323 168
885 992
595 540
73 715
256 417
268 431
73 613
707 498
834 483
577 292
710 647
671 269
607 408
256 649
617 669
828 260
733 519
92 882
925 124
310 372
886 198
391 513
797 888
58 226
708 298
668 201
992 546
481 294
432 80
678 904
19 480
163 178
133 546
420 189
684 129
910 835
202 268
196 850
257 376
811 18
813 126
353 33
741 160
471 423
223 686
94 422
940 309
807 475
707 840
140 752
593 225
765 61
814 657
690 151
657 776
601 431
119 804
271 613
484 364
237 138
529 581
309 149
754 475
931 670
626 767
952 186
737 339
385 821
58 990
558 466
82 750
514 210
792 682
254 900
83 10
958 951
811 51
772 153
859 972
915 669
856 308
197 860
778 361
886 876
28 324
165 682
169 98
950 962
268 281
540 693
994 553
25 242
506 345
247 386
337 918
215 601
183 965
636 293
994 408
14 7
593 984
437 99
178 434
460 813
916 597
366 439
203 947
484 742
560 770
427 761
159 905
250 608
160 529
169 137
198 456
242 482
239 653
894 554
371 8
86 589
924 363
647 348
644 890
478 293
230 939
783 217
516 349
427 410
441 407
804 842
291 999
388 620
22 23
976 225
835 460
399 38
721 832
171 764
82 870
319 658
709 383
520 180
625 804
24 328
115 284
13 10
230 443
805 823
923 874
162 396
715 92
320 547
490 464
772 190
782 354
901 945
7 8
786 371
84 855
328 305
918 899
845 795
284 245
284 541
336 75
867 782
195 95
440 77
961 728
144 172
153 252
2 261
571 724
179 969
115 70
106 356
134 102
163 805
670 974
843 378
608 622
860 647
288 178
583 884
321 666
936 317
884 365
625 442
480 189
995 518
140 540
786 549
505 65
453 976
562 901
571 658
624 623
779 74
475 14
747 701
375 999
670 218
13 34
549 921
789 482
717 701
175 476
786 96
435 64
660 701
528 339
975 662
35 48
503 643
918 686
735 683
201 391
219 357
89 819
782 822
858 922
254 161
74 972
344 70
300 365
472 300
192 281
186 0
964 280
148 808
698 192
142 406
206 774
472 640
266 142
165 266
261 86
666 726
69 93
208 836
802 743
390 116
342 592
379 636
885 510
395 878
207 377
783 331
55 362
423 373
547 736
263 363
754 496
447 488
703 178
656 467
326 27
403 628
829 822
153 249
177 1
341 171
633 524
415 152
926 588
799 501
239 263
540 378
499 329
396 94
850 80
935 548
478 908
194 322
566 78
837 927
245 999
380 440
158 870
757 371
406 541
960 280
697 228
147 212
1000 491
820 225
915 215
269 520
348 116
462 704
624 755
500 792
717 44
524 741
615 321
7 500
389 858
953 655
774 311
990 123
693 578
4 16
664 94
789 69
517 432
847 965
483 392
422 825
267 560
993 23
915 517
395 801
849 625
361 202
977 682
873 583
802 814
120 823
921 615
660 458
3 500
887 403
17 0
261 707
221 670
2 9
312 310
161 259
956 259
740 585
637 291
603 913
594 35
450 443
956 118
178 625
345 339
949 792
118 405
248 842
755 5
489 236
814 387
640 102
11 842
6 11
246 532
402 244
572 235
664 516
181 802
425 274
42 520
397 112
539 498
140 519
257 884
645 580
664 316
352 265
310 200
861 963
720 532
871 740
670 692
948 8
744 755
959 57
469 691
237 865
8 817
769 642
131 192
44 851
251 644
770 456
594 38
972 842
672 616
12 8
661 478
696 203
969 312
858 852
672 237
29 129
70 656
173 483
213 181
930 19
434 949
423 822
279 491
11 27
52 309
998 46
481 316
903 698
585 663
419 164
489 979
331 968
454 527
43 845
578 353
148 216
419 528
984 877
264 721
909 109
993 81
302 412
983 702
613 220
319 703
261 98
40 125
504 309
397 712
714 295
799 987
25 0
214 991
473 715
253 188
466 450
739 906
690 970
527 752
611 589
367 619
554 569
950 270
6 15
960 744
163 463
582 213
501 52
27 269
964 72
195 93
741 656
411 708
256 592
995 983
34 224
713 836
189 538
799 820
910 142
42 370
970 600
984 472
375 745
862 881
656 795
247 467
13 556
504 622
326 179
49 548
753 958
399 910
302 832
338 339
458 852
866 576
620 896
192 683
459 12
857 487
40 787
