1000
779 909
816 233
18 392
37 892
2 233
630 171
970 483
882 661
58 327
242 406
242 716
795 861
123 226
430 513
389 607
113 91
409 957
897 497
589 797
138 843
223 485
935 873
27 83
810 330
331 281
248 471
512 635
83 405
410 546
974 203
852 585
644 18
430 942
787 987
750 126
109 1
218 844
937 805
218 660
525 198
537 25
400 974
784 99
524 156
640 771
51 91
26 740
455 963
704 813
440 522
752 408
780 294
856 606
364 778
441 862
684 941
8 0
0 7
571 667
941 613
414 810
347 232
141 190
168 712
346 707
0 0
562 397
0 7
580 92
144 916
593 768
283 481
180 370
721 584
169 748
694 228
2 11
561 378
808 778
277 47
540 667
503 341
491 698
24 792
135 125
598 834
100 421
398 558
241 810
182 205
273 362
625 256
505 460
187 750
4 0
0 0
838 148
82 642
558 840
540 834
626 68
558 558
826 874
5 13
363 682
204 918
866 365
756 72
127 632
826 1000
893 208
91 364
502 619
426 418
142 97
325 10
678 319
624 47
766 234
409 588
205 676
115 717
306 429
2 4
64 827
468 450
31 708
857 646
536 836
920 90
0 1
943 804
309 0
167 860
733 779
391 216
360 953
171 149
669 119
685 527
718 748
9 18
574 617
567 920
124 794
740 385
549 841
986 604
376 810
549 947
485 196
911 422
216 341
7 418
428 193
997 498
72 451
870 104
987 414
198 736
718 307
17 2
213 222
963 370
2 7
471 288
299 783
747 383
189 208
358 967
61 694
409 721
801 308
8 10
947 461
765 311
378 872
710 631
122 926
415 227
587 998
968 627
703 898
210 552
514 301
543 606
642 131
344 36
234 825
288 425
15 5
471 595
825 649
446 885
175 694
331 102
672 612
700 604
582 925
597 653
183 407
853 983
180 812
137 541
583 724
890 384
865 51
760 59
902 656
207 54
374 356
298 478
425 671
536 494
853 347
771 8
736 198
703 597
702 968
548 981
349 502
420 364
845 654
126 389
364 462
811 817
270 157
155 586
758 203
693 415
273 959
195 879
495 637
658 228
291 907
21 10
952 151
221 85
781 355
675 507
59 34
262 598
315 169
531 966
690 866
103 770
412 632
7 3
589 673
998 914
791 971
416 12
44 723
604 436
0 383
787 598
51 608
77 912
581 277
930 533
999 583
775 66
5 11
322 8
809 3
498 798
476 254
732 176
509 90
243 618
278 995
642 467
836 896
573 14
221 426
938 219
186 992
77 263
629 873
412 3
715 805
433 682
499 648
34 492
361 60
967 339
945 304
702 685
995 576
981 505
78 293
767 187
1 863
19 0
734 559
968 270
0 11
300 748
267 772
243 530
690 382
169 236
849 295
648 786
34 117
268 201
425 821
601 608
66 511
8 33
735 938
289 651
619 327
777 531
826 559
252 912
619 95
200 627
314 770
218 60
190 698
777 851
822 576
562 889
411 522
540 698
783 562
151 332
76 85
762 866
74 176
121 165
853 557
341 882
188 832
715 566
280 694
638 208
460 911
540 800
389 281
605 758
713 603
307 183
9 441
667 744
216 106
173 882
849 877
14 8
178 799
270 556
505 259
406 604
108 400
730 405
213 117
811 665
104 861
391 906
720 70
461 108
139 184
80 402
515 963
3 76
453 471
774 767
763 546
906 855
416 668
955 474
751 667
731 440
701 761
275 488
668 146
819 916
164 540
678 7
917 900
926 632
477 482
161 73
644 526
207 326
962 500
666 661
912 318
981 547
276 842
530 15
676 260
768 30
867 976
592 757
45 302
594 654
908 68
788 141
183 242
579 309
448 837
771 308
682 477
182 79
350 730
681 705
187 634
151 63
918 28
333 513
370 406
57 966
986 984
233 613
612 861
835 550
473 648
184 758
843 437
607 689
876 533
21 455
947 777
434 404
323 584
349 226
170 612
218 407
272 348
528 810
400 307
324 367
131 117
862 610
981 851
370 93
155 980
407 575
142 22
816 138
90 684
483 105
550 596
46 39
80 355
690 57
738 846
400 85
879 180
78 889
403 8
899 59
724 225
120 442
121 767
341 372
499 721
978 436
590 708
96 645
975 385
855 737
961 692
819 167
544 691
75 369
240 274
817 879
72 543
829 973
781 224
96 940
607 163
70 398
608 859
619 498
513 41
746 646
268 775
690 278
630 356
861 208
724 425
442 506
341 122
323 9
613 13
819 754
998 865
500 583
920 413
310 670
857 997
821 631
174 392
11 334
416 720
924 538
48 220
240 139
51 590
149 508
520 11
859 234
914 868
106 717
594 903
900 934
90 596
657 646
839 407
334 992
425 500
54 16
787 23
582 65
875 444
414 161
769 600
932 176
112 728
311 282
547 474
307 246
50 319
481 396
343 437
903 465
999 183
261 624
0 1
202 551
324 439
586 459
448 585
82 144
466 183
430 824
10 796
844 689
22 506
579 922
69 285
870 74
395 624
106 297
897 970
314 143
686 683
120 582
20 128
476 455
138 68
280 997
83 664
268 260
69 472
276 308
977 648
26 16
5 199
567 926
694 545
16 686
541 908
299 880
485 920
968 556
656 79
382 253
157 311
777 376
650 503
778 95
287 533
869 479
303 184
641 27
597 679
317 797
14 451
251 791
950 438
32 220
133 582
330 567
182 271
706 709
175 372
7 65
729 483
553 251
896 188
906 610
420 780
560 472
129 164
12 372
468 8
878 99
939 572
45 820
977 367
625 511
473 392
975 897
173 345
81 331
477 712
673 207
544 81
47 445
551 479
508 804
922 695
476 134
209 510
561 737
448 573
630 975
917 140
850 594
707 952
334 23
364 244
944 503
562 816
542 81
963 887
105 566
792 242
574 931
449 411
900 692
961 120
293 956
71 507
670 204
508 647
800 526
346 208
129 689
383 742
242 82
159 537
45 972
548 17
969 502
95 169
428 547
261 311
63 920
575 155
648 197
449 815
559 469
65 393
3 1
556 552
84 239
372 376
716 8
586 744
260 94
742 944
147 816
85 413
245 484
3 1
811 780
453 201
501 32
3 4
941 829
457 925
360 529
865 1000
402 783
872 399
984 714
877 353
882 940
829 482
633 482
567 445
4 0
626 533
0 2
556 346
89 788
862 469
3 0
641 608
871 594
902 224
660 880
258 199
975 209
840 745
945 439
379 823
605 527
835 542
916 939
531 872
128 931
769 539
963 22
315 89
374 979
126 218
61 744
680 187
503 887
347 895
774 133
370 580
979 751
257 431
628 642
889 15
385 842
365 687
598 188
903 240
73 879
785 23
291 809
611 488
682 839
3 18
599 380
893 583
461 805
636 785
840 328
565 32
498 985
889 647
467 678
590 9
603 917
315 633
950 833
570 309
473 537
514 86
243 22
372 912
696 9
1000 322
47 392
312 605
837 121
488 910
24 11
817 744
149 831
172 149
780 893
973 905
628 183
349 671
24 0
317 905
919 916
4 176
634 63
244 513
47 160
31 133
883 866
534 575
837 731
671 435
723 847
876 807
883 988
729 807
874 184
360 723
922 300
606 922
467 574
399 310
558 282
156 970
326 130
434 955
838 371
584 350
931 566
605 919
209 102
450 505
799 357
970 1
622 89
277 867
0 1
498 606
72 124
179 679
319 968
213 516
279 916
198 639
492 358
715 500
193 221
183 576
881 197
170 179
464 70
0 3
585 977
995 334
25 614
359 335
58 845
340 708
811 794
88 432
892 342
930 411
744 597
994 379
1 4
947 393
110 682
918 823
63 72
0 5
204 177
897 979
501 847
159 177
83 958
567 720
4 1
943 801
275 553
796 646
757 796
852 831
165 678
410 929
423 883
962 993
155 148
521 799
393 983
484 980
889 120
425 74
857 779
486 713
254 922
914 299
681 732
10 2
689 265
241 154
665 678
673 314
393 162
2 0
0 3
668 268
80 989
121 807
2 0
752 41
935 842
323 65
505 533
120 450
3 21
843 841
582 566
735 524
350 652
606 647
422 598
81 546
384 271
143 636
813 72
920 19
505 584
413 152
64 821
116 473
864 880
705 387
35 482
505 103
28 515
29 777
999 114
712 838
310 457
622 573
90 764
360 911
772 900
344 61
941 923
346 777
438 598
99 141
422 694
792 930
0 5
404 553
19 566
966 33
480 206
703 683
611 159
18 316
918 548
987 502
586 118
155 856
0 2
681 54
0 436
0 31
210 80
732 501
256 668
82 726
63 824
763 678
428 980
707 239
486 994
785 446
771 88
166 822
220 138
874 188
61 199
916 394
477 927
245 905
772 969
319 386
591 464
477 799
928 834
567 554
812 117
78 829
313 326
303 857
313 158
666 389
505 644
855 652
666 278
928 316
889 289
189 21
4 428
450 83
488 146
922 25
496 179
470 738
929 605
982 476
185 851
733 638
697 699
611 313
881 605
292 192
640 77
389 410
44 651
217 905
975 676
36 0
0 712
145 477
582 524
966 877
467 949
766 625
409 766
882 444
915 121
154 500
828 613
157 548
459 453
