1000
448 191
392 427
395 544
690 573
27 468
44 967
980 225
981 47
262 209
509 217
810 24
723 795
488 226
71 671
798 52
43 1
70 183
982 1
181 718
944 883
877 409
27 99
1 1
554 100
641 535
413 636
168 890
328 911
503 932
176 272
562 94
599 305
876 751
999 510
191 356
92 950
780 930
618 205
4 8
836 172
982 266
934 702
163 304
167 770
208 917
715 979
188 411
635 574
619 637
770 196
742 462
173 715
663 947
737 487
606 797
711 638
326 570
300 616
245 734
77 452
225 701
357 723
362 702
990 445
358 575
265 578
825 486
484 813
306 190
126 45
551 345
980 674
594 188
153 795
125 97
935 109
7 0
709 979
0 0
839 856
529 122
338 113
1 15
854 189
537 620
382 366
55 643
963 943
702 476
432 138
798 327
327 585
737 740
475 309
796 70
317 443
834 877
264 958
278 992
752 135
340 443
455 231
54 55
285 715
733 105
916 725
781 171
743 392
192 270
224 510
396 318
565 114
663 541
99 597
837 650
44 115
295 318
948 216
24 5
272 441
474 680
315 464
217 230
381 193
2 25
692 518
12 846
507 369
683 555
4 11
696 481
769 791
429 982
915 170
732 892
688 259
566 912
331 821
16 667
661 538
932 398
394 68
580 208
917 38
351 612
42 338
219 156
426 727
4 2
565 6
979 603
205 416
778 531
389 301
0 3
589 948
184 525
923 455
348 957
680 303
988 170
750 860
506 44
897 754
529 742
592 974
985 454
593 335
871 308
141 566
229 502
953 504
537 318
679 261
164 574
608 247
225 692
2 5
191 128
849 289
622 273
361 422
803 462
457 810
378 342
206 2
8 1
233 590
718 362
639 394
230 544
423 932
5 0
0 27
40 640
798 415
629 204
654 920
262 699
24 989
149 371
362 183
237 279
775 55
168 768
968 886
974 522
767 365
407 498
245 248
979 995
435 792
611 750
753 335
360 14
228 878
589 379
632 755
533 790
508 622
257 21
13 1
533 864
552 446
211 357
1 33
382 947
282 329
593 827
162 670
700 630
857 560
99 235
196 480
66 857
175 506
324 673
852 71
435 223
414 334
831 828
19 22
579 938
795 894
301 528
271 68
327 87
428 782
28 4
276 481
57 334
171 754
546 672
356 125
428 684
125 709
635 135
621 960
680 94
730 287
808 16
717 860
450 72
835 394
788 982
166 361
139 115
133 320
51 766
68 358
105 854
207 369
873 552
548 644
457 553
272 586
671 532
63 399
716 48
654 456
57 773
811 517
60 94
469 393
15 196
934 752
828 71
23 893
448 746
17 1
758 411
516 55
953 170
3 0
0 2
136 771
718 309
1 0
0 2
181 955
925 501
452 294
398 603
4 11
287 402
865 283
874 930
789 302
639 330
803 520
290 22
213 555
302 947
901 601
368 671
567 15
53 895
165 81
932 744
781 752
14 29
629 125
921 515
120 613
934 606
400 580
601 130
471 445
51 819
892 631
224 692
296 415
346 290
525 369
126 65
693 383
422 446
680 994
562 726
726 359
477 390
404 598
52 567
933 395
91 353
176 70
601 730
915 892
686 615
387 90
165 885
6 5
354 91
787 599
783 515
295 272
417 406
190 976
709 102
799 205
4 685
912 794
452 500
563 668
398 379
3 31
453 367
332 313
981 556
44 945
644 175
803 372
358 279
137 813
238 730
708 541
889 792
264 915
856 658
166 431
33 725
698 124
644 650
919 412
314 789
731 719
377 449
117 890
949 544
990 629
858 727
318 593
682 73
165 295
23 463
880 322
682 167
68 683
372 266
935 931
198 834
549 856
105 495
116 441
341 396
986 98
768 96
964 122
413 4
974 338
804 178
118 504
438 328
311 39
95 560
446 538
963 932
939 700
210 723
435 968
248 323
984 858
451 1
950 592
800 693
909 519
656 215
29 0
178 72
786 785
971 183
409 780
65 645
839 842
331 474
802 553
985 113
567 889
144 520
239 911
941 889
97 595
6 1
278 800
202 927
397 472
373 330
219 952
632 619
313 883
761 557
143 728
445 476
859 979
444 842
543 934
741 168
4 0
211 413
1 15
6 625
14 712
224 818
403 984
179 576
436 230
901 735
669 469
42 572
633 542
176 177
981 891
797 929
988 920
206 627
426 464
896 290
167 315
635 156
745 930
986 727
249 929
871 11
816 436
568 655
112 885
243 814
516 89
334 208
112 154
66 722
700 346
967 783
35 126
916 546
796 542
732 165
856 969
607 176
65 814
955 491
99 731
38 3
163 390
128 112
432 249
261 888
84 705
149 825
791 878
54 700
449 275
895 7
1 560
86 816
390 108
340 554
418 873
57 106
461 375
188 314
541 239
869 670
44 274
362 999
686 355
544 515
46 412
331 612
67 389
712 702
222 274
813 367
218 79
103 585
775 997
771 449
636 328
792 75
617 362
538 6
294 93
389 595
239 780
719 472
680 525
184 508
43 195
361 19
523 686
976 90
292 748
247 236
41 1
965 187
705 859
827 573
240 551
20 472
48 568
766 367
906 788
932 769
739 721
163 254
349 224
8 6
857 526
389 432
70 611
978 352
559 179
807 884
48 35
4 5
599 238
358 52
705 379
36 120
456 517
23 529
476 622
151 137
612 993
70 167
893 143
611 664
51 216
475 829
698 367
14 4
41 693
837 395
11 500
65 677
812 211
668 396
352 220
5 1
425 977
0 1
887 977
0 1
635 880
921 8
252 364
689 95
678 673
200 814
2 21
841 910
826 618
177 968
403 78
903 91
648 316
820 407
796 59
725 688
977 607
953 952
941 108
840 820
232 949
574 578
363 492
292 582
846 126
501 427
522 250
948 757
444 798
413 823
135 338
812 478
579 770
364 744
877 257
898 358
19 29
730 498
308 900
870 448
461 854
71 914
838 47
227 604
290 613
878 916
46 324
263 718
145 922
991 195
686 243
810 972
681 593
842 715
9 188
748 347
965 504
62 591
170 810
696 519
321 147
269 915
965 830
305 898
106 157
612 14
566 755
477 760
28 5
353 105
557 948
39 675
432 162
547 276
567 853
554 803
504 768
339 202
865 884
542 357
606 952
789 18
137 300
677 197
507 754
874 17
503 453
593 264
196 456
892 478
44 921
789 259
277 700
122 106
464 240
337 105
480 587
327 122
15 0
0 1
615 498
214 115
445 738
3 0
0 1
118 123
738 742
1 22
394 248
52 927
908 235
308 660
79 47
844 383
301 411
674 853
235 843
678 534
451 373
328 989
865 679
252 148
447 238
518 494
137 346
118 680
186 909
733 62
730 671
169 710
146 941
11 0
127 527
1 3
479 733
134 300
458 271
456 116
2 3
717 893
710 811
921 370
777 770
74 709
315 168
392 169
721 498
845 282
779 236
902 967
30 603
7 10
786 449
484 382
35 512
574 235
322 235
752 754
76 695
795 228
175 905
933 159
720 238
0 2
116 259
498 452
2 1
220 738
972 430
217 990
1 0
672 779
814 282
719 923
951 311
722 51
77 592
720 362
325 990
801 180
454 629
381 925
335 136
513 500
721 507
6 11
778 579
754 335
121 89
40 69
224 174
598 436
220 783
77 258
181 181
842 429
620 752
3 15
711 694
505 630
635 906
695 802
455 380
807 800
306 319
157 749
677 859
13 496
885 550
30 842
1 987
562 135
582 530
5 0
0 11
511 391
320 616
168 179
824 673
208 71
248 141
300 949
148 326
164 689
233 782
764 207
807 277
725 372
101 563
338 941
0 0
566 688
56 876
171 187
688 987
263 15
575 908
693 918
757 30
65 765
60 655
205 396
601 705
304 507
676 312
9 5
898 616
857 297
213 416
269 914
949 521
313 798
482 477
62 569
712 940
760 57
994 120
933 151
457 82
896 316
108 680
86 744
616 874
387 336
830 75
274 380
615 855
490 298
327 354
533 817
220 414
288 621
633 820
440 109
252 432
613 735
152 937
758 786
767 585
128 120
113 596
217 986
649 825
446 572
390 647
17 5
345 400
59 636
223 115
138 740
515 563
149 30
666 901
59 725
974 17
225 38
650 166
857 563
633 27
768 469
477 470
938 845
220 156
672 430
835 706
476 767
300 866
16 0
580 752
329 490
142 135
309 97
3 3
583 103
785 189
74 65
431 939
584 599
0 2
25 356
921 296
1 9
835 722
881 830
779 27
237 120
155 124
346 565
663 846
386 109
890 272
838 935
247 931
937 17
7 1
319 826
684 44
140 275
460 262
624 945
546 444
9 870
779 25
117 975
213 509
161 76
745 985
228 51
28 366
899 70
947 781
399 172
17 62
808 331
408 290
235 679
429 553
620 129
863 907
119 654
503 597
263 144
97 584
5 4
299 495
617 711
404 446
514 691
204 560
274 72
788 934
4 1
578 594
0 2
709 51
722 771
932 764
455 998
4 3
62 359
864 586
689 155
518 954
52 680
761 718
352 182
881 394
299 977
569 424
10 0
885 907
390 422
1 801
938 858
493 6
396 369
268 371
