1000
43 595
450 3
352 693
596 616
277 80
897 911
871 833
407 932
0 659
340 689
165 891
497 726
778 439
296 763
7 3
950 96
398 483
212 582
267 31
106 218
846 758
393 921
578 250
181 516
6 5
310 204
47 195
315 223
936 358
991 163
944 372
807 476
569 344
109 860
460 994
573 704
11 862
885 421
434 663
842 471
710 586
244 180
141 790
17 0
687 597
597 733
854 698
784 588
0 2
673 105
626 431
212 742
452 439
337 719
3 0
0 2
190 903
177 347
88 616
489 16
662 341
710 656
317 280
7 4
26 897
108 136
58 280
214 334
616 291
724 153
676 159
373 450
171 707
983 337
412 646
484 27
373 107
231 254
168 645
117 16
235 409
4 2
886 128
652 142
105 529
473 294
237 336
3 3
940 273
853 818
611 193
1 2
353 660
384 319
985 31
296 646
396 1000
970 446
609 460
2 10
396 88
23 940
882 493
550 948
60 294
71 955
432 272
911 183
758 697
564 146
98 377
910 854
357 580
214 375
172 956
99 274
907 230
375 815
158 286
268 284
427 574
364 822
970 969
1 2
646 377
211 29
2 3
379 332
510 874
422 512
761 262
288 299
4 2
660 451
643 970
947 583
1 11
761 64
352 965
839 992
121 960
615 443
59 678
183 878
507 53
439 60
642 200
744 971
314 38
178 21
366 907
629 989
3 0
56 585
772 67
0 12
265 590
384 26
609 102
464 261
367 182
757 578
901 783
121 687
450 605
547 65
663 289
889 64
411 302
547 520
118 417
201 814
438 530
165 615
542 513
16 3
721 984
234 793
485 422
281 84
1 6
761 546
907 391
849 181
883 882
449 24
522 391
312 976
985 119
644 104
606 23
642 747
758 182
114 872
782 504
936 951
108 829
316 296
584 874
13 1
251 308
291 785
815 47
659 149
125 924
649 939
1 1
269 828
1 1
765 225
0 3
25 594
799 21
773 116
331 675
915 996
867 408
0 0
165 994
641 51
181 112
770 927
771 328
4 0
0 7
468 922
308 649
285 280
326 106
605 352
812 905
696 759
816 373
0 0
0 0
0 12
381 77
727 548
63 154
294 736
545 762
180 521
905 767
761 41
679 346
750 165
917 763
918 662
778 235
2 1
313 962
445 976
2 3
755 945
833 666
223 527
784 816
0 1
315 804
924 686
2 0
412 227
0 1
850 61
275 53
933 658
805 701
25 87
451 815
2 6
744 981
870 969
875 169
290 433
941 692
643 396
175 564
0 31
940 621
309 199
94 9
826 394
523 846
775 517
821 531
474 725
530 489
172 411
47 603
906 72
476 820
545 853
277 353
365 243
102 437
380 75
93 408
660 417
125 922
37 94
30 780
448 646
342 484
414 276
888 235
760 870
921 967
663 958
581 133
165 855
113 447
77 78
386 259
661 10
15 1
287 444
1 0
727 767
687 989
1 2
581 74
822 38
709 460
1 3
450 251
470 983
773 910
791 121
469 858
2 765
903 755
895 365
853 679
146 890
279 779
540 545
277 16
220 456
968 331
10 2
455 971
363 296
595 812
0 3
693 608
728 728
805 287
720 445
983 489
553 54
224 912
865 743
921 839
383 54
661 686
11 0
901 754
123 952
329 587
0 8
925 829
9 736
707 149
315 596
142 607
623 664
522 743
771 988
895 266
545 793
117 460
11 0
234 366
466 633
621 312
0 3
344 853
143 325
225 109
2 7
554 309
222 678
255 901
508 953
564 831
16 587
201 50
6 2
236 817
927 492
353 230
411 599
3 1
128 106
587 631
0 8
335 84
379 964
777 797
575 746
104 985
232 86
184 526
212 269
935 750
0 0
0 5
885 860
193 598
587 744
746 295
464 350
640 286
488 216
1 0
563 681
1 0
0 4
622 522
89 232
10 190
889 300
27 668
991 95
591 385
970 458
505 220
29 349
419 734
650 812
44 421
626 264
10 694
725 520
719 102
73 998
981 517
15 2
625 502
627 707
716 835
583 233
295 921
327 218
891 856
505 285
297 622
379 158
760 465
398 627
8 1
924 246
0 16
616 610
452 431
394 741
939 281
354 535
261 604
558 832
880 425
811 563
550 164
212 357
749 579
788 149
318 19
838 241
141 939
240 530
690 281
348 613
195 107
459 128
9 11
881 869
247 233
678 913
516 1
775 127
235 611
128 317
862 776
666 950
45 952
293 686
976 638
0 1
556 336
687 87
749 927
458 840
762 11
493 778
941 426
583 192
595 197
536 381
782 978
159 555
495 616
803 416
65 173
566 656
74 267
799 760
62 513
16 3
843 527
948 999
815 16
0 13
952 401
247 567
664 10
668 662
797 509
913 5
439 378
492 569
529 541
592 552
412 747
930 692
37 99
668 973
7 1
93 831
1 1
547 82
1 4
634 361
343 700
369 712
437 279
470 969
24 185
5 8
265 589
210 897
311 647
25 469
653 968
350 731
891 932
4 250
631 109
530 226
249 566
532 769
5 0
83 491
887 347
35 1000
132 671
0 0
996 993
433 6
267 936
27 656
262 620
1000 298
190 815
87 138
332 65
162 805
367 613
406 340
456 455
7 16
767 906
632 315
35 204
196 518
158 433
248 869
505 425
519 519
677 456
555 93
176 157
377 977
940 20
322 948
304 163
238 563
173 596
473 474
531 480
924 292
628 603
747 983
301 26
11 0
0 2
678 168
935 681
833 860
729 183
2 1
196 775
633 861
822 185
215 178
409 822
777 539
537 566
203 984
449 824
69 681
6 4
841 261
619 808
762 315
995 657
270 134
3 1
601 676
545 43
1 0
981 99
1 9
747 370
104 305
802 929
985 836
892 599
812 964
794 908
497 494
979 54
659 76
802 750
824 532
60 668
488 969
286 199
758 840
1 0
332 417
871 44
113 809
1 1
763 137
738 661
219 810
609 661
312 466
102 841
564 429
270 775
110 656
533 362
761 793
719 325
120 789
381 800
516 227
960 24
894 189
770 726
9 9
691 144
690 514
922 807
554 180
719 632
705 541
617 290
532 343
14 794
989 872
506 898
0 1
311 855
844 7
12 255
180 872
707 695
24 452
668 402
241 683
915 719
9 2
540 240
550 608
611 833
690 77
57 248
606 770
5 0
0 2
379 580
98 562
1 9
731 711
563 803
526 308
976 691
830 134
93 254
809 804
68 475
605 51
50 267
8 0
410 187
911 681
367 900
207 941
713 267
183 507
191 744
353 932
5 0
325 115
901 947
0 0
0 2
395 116
611 512
376 101
209 712
740 850
248 930
945 131
761 624
813 188
835 483
60 188
10 7
258 229
213 983
34 874
868 32
232 493
928 173
582 991
10 894
568 210
35 495
217 818
532 776
883 965
76 590
699 253
659 952
872 959
620 869
915 311
861 491
364 123
70 907
682 573
5 1
686 499
884 524
1 1
328 233
985 173
907 531
2 5
310 201
768 254
874 43
302 207
349 914
3 5
591 671
411 530
37 587
2 86
164 429
0 0
0 0
0 0
513 777
1 3
433 281
612 366
738 957
309 941
157 898
4 0
272 325
368 44
101 998
718 408
76 109
18 21
3 4
932 299
472 636
565 606
283 674
917 382
1 0
72 985
28 582
753 19
660 180
870 917
880 998
426 997
738 518
498 241
868 649
866 604
7 5
916 718
988 845
61 194
952 952
895 272
697 36
648 842
473 961
8 1
81 329
662 437
947 279
694 708
846 760
930 789
2 0
144 649
187 869
392 587
0 8
910 247
27 924
51 222
668 357
687 247
423 494
790 729
962 688
958 14
404 794
3 597
121 66
646 896
648 131
978 168
429 419
943 877
236 294
607 635
483 467
830 38
597 204
87 82
740 279
303 354
456 442
8 2
520 701
740 615
837 417
2 18
147 830
149 589
444 912
422 705
386 758
27 621
134 396
668 756
479 735
856 859
291 119
871 938
443 82
163 584
531 539
627 909
22 740
907 674
509 361
466 285
412 632
38 949
21 2
722 788
582 991
14 55
2 1
923 158
238 219
224 162
533 684
325 426
238 35
311 387
996 519
941 937
456 574
440 269
9 2
258 973
745 467
1 0
0 2
413 920
315 499
563 222
438 474
908 824
555 601
3 0
0 3
695 132
386 102
49 48
436 356
3 2
138 305
958 539
77 427
0 1
152 327
0 13
327 334
857 607
516 902
827 967
151 401
694 102
646 516
915 858
512 402
642 556
982 217
477 978
326 262
6 3
103 945
206 156
210 368
0 1
457 226
179 564
105 899
883 288
502 328
666 998
686 508
710 161
1 1
528 456
500 178
129 593
2 29
41 846
823 522
217 543
10 495
889 603
459 144
13 144
352 459
493 433
959 745
160 69
450 624
666 643
696 596
861 241
211 305
963 618
901 887
914 946
588 385
361 246
867 546
760 261
444 205
39 941
839 966
836 940
820 742
768 424
921 882
797 308
28 1
497 504
501 678
862 556
583 23
448 63
513 176
427 537
598 840
2 667
828 83
706 331
279 782
909 398
767 160
222 717
