6739019 1 1000
299094
1064733 5993921
4238934 5098210
8941536 5714092
3958289 4920829
683437 3664718
8061642 4798192
8071835 8472811
12554716 7435753
658876 7221970
7519258 11206983
8671149 6851090
6153143 4249882
5883482 8999640
10919729 8527213
5255246 12694196
1632498 13208877
8248451 3927368
8765382 2093318
4891865 771914
8757158 4522539
6530004 3562219
12565958 4742401
5478779 13263618
4563046 1983884
5630684 11952756
11179378 6528623
10828333 7799587
13432469 5538700
12837028 3391442
4474138 3043253
5120873 2725410
10815049 5046095
11315183 9076964
10896683 7869095
10016795 368213
8045615 464885
7111566 7331694
12650678 12946707
9261788 5843382
3355154 13081332
5275531 1048742
7975042 1984497
5257391 8376909
599471 3042953
3900867 4130660
10096158 2707404
6665485 4452106
1547130 10705070
586772 3884410
407592 11322899
2229225 8272829
321968 1163667
4722465 337194
1890658 3285435
9699454 12438631
12872300 3031275
12739592 1446333
8572305 7718231
387510 8481021
7219392 10318525
3309234 13097648
7626137 12918824
6614144 12150998
11188712 9804116
2434958 3725402
13324910 2097002
3575357 6095122
418979 3402554
6453605 3552301
1349853 3435650
12665213 8413886
9832501 7138821
5477247 5305996
9986622 5763083
4070660 12487551
13090526 1200775
1225157 10337400
6712724 3303537
1393971 3367751
12759038 10877559
9505941 4743228
2824233 1318317
11506185 7324683
3010254 2149183
9077696 11592400
3440446 8431994
12552311 7212833
12248853 10421366
578836 10686993
1341198 3215990
3535703 12056926
1082334 12079557
12343927 6126918
12347892 5760573
9521021 10442982
5716764 5774554
7681942 2595017
8029087 9118612
12106204 9791373
11350895 2602672
13139544 10031375
3621946 12853000
10360631 5711419
4409916 4447374
2774885 11774686
5960502 12002828
5734073 11225606
3421085 12817148
7017236 10304474
7944705 875719
5609928 7515814
6148536 4872492
202844 320186
10867198 7787132
7881064 6302127
12634909 10752768
9987381 1870040
12573929 2478415
545876 11261743
12320629 9144208
6660459 2260473
3445614 5259346
1885800 12086530
11392441 1605011
1752287 10386108
9831523 7869677
12780127 5632868
13443609 1360915
1666306 334804
2574887 3300914
13280623 5417661
9677066 5542277
8286966 5744519
9700758 8873916
1695775 9820784
1213287 8051215
13406175 609277
6217172 5406572
5255807 1914673
85475 10624111
2420175 8151167
6718830 10761407
8184406 10349359
10992248 4204855
10116825 5920518
10689349 9081386
1102583 9713464
2938996 982047
3543630 8081586
6066236 4763896
477857 5000301
2952220 6417952
7735565 2973133
6978870 4480400
7649009 8419715
5650269 7608558
2664995 2244596
8844244 7792847
9553239 7177407
8281816 2510715
6348782 3040973
6939518 2338757
3093986 7566121
8857388 13289718
385178 427854
10277613 8782822
7890417 9045850
8356079 4282258
9764098 6102782
4153509 4217148
8556339 11502210
4466354 10934923
2545635 5320932
5941709 12646480
158128 7904884
5293525 11790688
9680379 8847461
1038452 11236980
10380048 7011503
8188124 2576976
2357464 6998564
9614303 4534158
6526054 7256506
7171141 3679870
1973291 99529
7928573 6378936
2855901 147904
11791078 6181557
413439 1938515
1073636 2499879
6129787 7395649
10989817 3530950
7888442 12432330
3826997 3528673
6568156 12124500
2802194 10084543
10402499 6106123
5864645 3012669
1359396 1837884
12533746 8780348
9472244 7329582
325223 4880879
8440464 1784787
793378 2246484
4412280 8745933
4515233 3515911
4494961 11844273
4963339 10943330
4219303 1726327
8280227 7346350
7404522 9716012
12860263 13063840
1120936 3046942
4383190 9574854
6169976 1477619
7292562 1171928
11972230 12956228
4368850 4329370
13137315 11836993
4276254 11635300
11612099 9123230
2768675 9833812
12338681 12709167
8071272 10673130
5898394 296688
7648110 11349976
118938 3110131
2821392 4040168
12628858 3915920
5668221 6773066
3934851 7768318
782100 5070113
4834870 1623739
2897952 7453319
10277200 10243833
8532264 3419589
6919968 1767133
11613831 12472700
10386787 12372002
9005665 12745270
11497147 9694803
6889842 12338257
167095 6757605
2830152 2376982
4472270 7278546
9096697 8192942
5487931 10182772
10178866 1181237
5594423 8336161
7124856 4755847
7396658 10334050
5188131 13075940
5209834 955858
12941171 6619659
4895428 7682604
9745654 5178229
11066624 4156395
3084014 8790164
7133606 13017753
12968079 7945604
8995055 8745670
9620838 10805120
3428892 12421654
9326708 1771469
7519146 12004989
9105143 10365803
6376272 8676078
13386416 10559066
4519125 1973711
12536622 747035
4928771 1474262
7376615 6479140
3161898 4434639
9634331 7248648
8631012 994163
478432 10694637
482421 4787428
7341816 1295577
12529147 6770682
3665524 2865427
11263173 1869984
11240710 12678255
2737291 566349
298646 12342757
7650771 8199581
10253931 6448614
10292944 3331244
1946533 5683897
10388715 6263168
13013805 6871581
2049151 697588
1412417 6994423
9401890 2382419
8259655 6249055
2556771 1384880
11331574 11052551
10095311 9442973
1105222 8500837
8059939 9010372
6379125 3316620
11765187 8410176
4558712 7137279
1189772 4082719
13327054 1312603
11255284 1796872
1755949 12888367
12742210 6220071
12236355 7583830
5877145 5816295
5664795 3107430
12633065 8071654
11086361 3110510
13058312 1353946
1382266 7518632
3932489 2751925
5195817 6385387
12633151 5595090
3396770 5635327
12324405 10506579
4327348 12581421
7283803 11599199
10894262 12606695
6207966 11825776
9313349 4938219
3134933 1803214
9622158 6794089
5307914 11711376
1820459 6416216
10877275 13263301
11618386 7746763
1775903 11884851
858250 2672892
10770272 11337491
4655900 9052009
11730296 9671577
12533333 9280121
5333444 4225172
11543353 2744947
9561144 1992643
10391096 5181814
1432234 10692911
8670005 11945505
757974 5963800
7298839 2536579
3705314 6120437
395185 408102
82508 9503829
8602373 9777962
10723264 10628482
8832231 12276059
5448991 10214071
12829576 2234376
10616254 10982523
6086296 4344252
5293937 970116
6006079 5955254
11562452 3663325
6552117 9641873
5996583 1307073
7694653 5947138
5809816 6211257
10874478 7265693
1768699 8187386
4506377 7926412
6486133 5681166
8529312 10764000
3671003 11092053
4210275 5997855
8710166 11674544
2225036 12623899
6284717 507774
10175209 4624914
3756941 3670646
5184788 5189178
6696238 13242550
5457248 781001
4890561 2906524
1390451 8555265
3651793 8439857
6359253 12115740
10243161 11367148
1321768 2352416
8304520 130207
10421598 2414081
11808531 13180803
9290365 11604090
7474181 9148352
3071842 9544426
8811524 7337116
11768215 497780
4171266 2826796
3324704 8089476
6545131 9518357
739468 13299455
7322729 34596
4067960 2239755
3515774 7696082
13277582 9507946
5764733 10531265
8896681 10516218
944713 13340266
11247893 2766403
3097549 9932854
2662919 13091679
5168996 2105307
11923590 11749618
3664580 5664587
4744970 8136215
9029234 12137848
12988967 3448497
7830592 13190166
1774503 2546003
5514566 3524698
10063893 7776573
12312309 372060
6898061 2376389
8057379 10965925
12675458 10736669
12017307 295334
12035895 13106691
11687839 6945963
11409342 517278
1695129 6477954
11109702 4115180
8772623 11871963
8449982 9068042
10595951 11450794
2211407 6229061
495272 5858235
11674390 618000
10674931 6070804
11053212 3272442
6272896 6512076
8173094 9677120
8380225 2916886
4258733 9007804
2616429 9659283
28677 17127
2076769 9724128
13435467 13067981
5497098 2457712
10122673 4021857
2503238 381566
9542589 2035032
6435783 8789975
8101938 7857000
11018638 3334279
3460837 1117408
4139990 1889217
10952030 1996460
41972 3481898
2621224 3997955
1615827 6532884
9784063 7327308
11353615 558001
729527 56159
3038304 7368773
675134 12907988
7821470 5807623
5360182 5939282
318927 13398250
1270343 535440
12224453 3912032
5210187 4743848
11698867 325780
3011065 6903720
4170282 8894547
6867098 9274581
3741263 6462567
9358210 13168080
7708154 8727029
11131232 3377902
6571886 11318956
227565 6414193
5931399 823454
6348818 7338107
5480792 11474793
10677772 10428949
10251564 12607302
13392037 12448852
10947676 9095996
528614 4351709
479201 6011544
619123 13210777
11207707 5714911
4830950 12840603
11305401 12526136
8771279 3512764
5995509 8099496
12924629 2768856
975171 10021250
4655055 10444095
11780506 7641779
9098616 6148060
1287711 8438863
4522446 395691
10218779 8645427
11983068 11720238
5175172 12813167
10413322 6987455
5443499 2237191
1021372 12810612
5238145 4875824
2829071 2380270
6516024 10407912
5285076 7423181
9360795 12831255
10696752 5860060
4687839 3681822
6940138 5111869
12745933 909939
11835057 13436470
11231712 8762433
7315407 6837973
8767019 6892836
4425865 4046140
846336 8042341
2461024 5756074
4565557 11508122
4371518 9802741
1441425 7258028
6894719 5173626
3697315 5192070
8637343 3186919
1843716 8874939
7715034 3949789
2141329 9430674
13433516 9095698
11166503 13900
187676 4868561
9566388 891077
841792 9110271
3859166 7094099
4314777 12634855
373250 13226058
1301092 13097244
11434282 452631
11555999 3126519
10065536 3721815
4263891 12918547
4953185 8595245
1295163 2359891
12905853 4602912
8065999 3892138
10135893 6552949
9061005 6994671
12126731 2223433
12334148 11715390
2767867 5436867
3016509 9982632
2502621 6342283
11447395 3258995
7902758 11646364
2060087 6646845
6467448 13068103
12791336 9247023
8426663 10964744
11867748 9126225
6434759 3296067
1867017 802291
904147 815443
2995591 10579108
6416243 8163366
2809923 4871101
415574 12237273
9871324 1822230
267365 13302169
10255910 3468020
13171660 7589967
3081862 2268920
13146205 4454892
3189921 304320
11560245 2264796
3852421 10872601
7115552 12094184
12686163 11761367
8305575 11241586
7785986 12961658
3126115 8178742
11509930 2804945
5191663 11870783
8598770 128272
7896116 1701324
1206985 8801019
12636132 9722459
6355120 6271092
3269901 2479479
11019828 9267375
11333628 1612148
4615809 4216989
918224 1489756
3079039 8349306
4550587 4123274
3203465 8437310
3074224 12087418
7088439 10016325
2806756 4647084
3040058 778204
7091709 12592361
11880503 13388381
13006213 4612768
4832266 4263165
57516 6273755
3334357 13336049
4167013 602627
5289043 1324532
9388337 1653497
10441460 11521263
10860760 8154125
2739078 1341943
12698815 2589317
3314544 7841931
6410735 5586094
12748846 6842292
6919006 1294544
6263456 3078536
8772866 8709068
12153292 1466216
1504688 4357888
4484686 6948586
5767348 12925436
4966575 2490695
11129617 11236229
11344841 6481825
1709479 1923492
2126455 1395976
11944041 11559766
13363318 3455548
1797888 12077647
13000582 595197
7758353 12218484
9707040 7388120
2936016 139737
4436157 4673621
12961186 6173603
1782758 6225045
11238497 9589394
4284179 12531117
12144319 3578774
10923955 13301723
8028332 13297177
6673192 4462101
4004001 12265435
5799343 9173311
6427852 9819795
10029498 9481918
4510861 8014208
2677973 3799293
4941071 9666320
10628304 2652730
11029871 13014989
3877101 990545
6255219 8676299
9255023 9251171
2448007 11207534
422541 1246541
10677113 2768141
559969 901206
7958745 8182372
5880550 10070558
13234238 6792453
624793 2236416
1278828 10965244
4628690 6114637
2585325 9936253
7561163 5129229
7215494 13433792
8231763 5577986
9227384 9016148
10747675 4400970
207531 7169895
12414015 5941334
3669182 2073352
4593452 10029805
1074917 1082014
12844228 2745053
6698753 6233584
8441237 7843229
4285559 11367229
12766561 3113530
10220926 9589974
11042634 3281865
10733682 10740453
372656 12698690
10534028 767811
562926 6374932
7105941 797870
6560061 1599243
633229 10627892
5029146 12074498
12174960 13161569
1441356 12301404
10316138 7173579
9386302 326193
4425307 9483812
10848052 11939317
6884937 9479829
8580634 12887179
10121859 4196647
9000533 7923962
7540123 12257799
2721989 13265242
7528573 4022478
4142047 8591315
4834762 240836
8530059 1099241
4868166 10227338
7767011 11009353
65188 1426674
8600960 12791844
10957350 6651947
11773104 4185611
9121997 9916383
747680 12348208
7959610 3900280
7261305 5398822
10440418 11181308
12941339 9964145
1778935 10028137
5489054 9442141
1962812 4758439
1018555 3868322
11837671 8102960
9964033 6019805
12177601 13330801
2952943 5312227
10134498 2283167
6605359 9007226
8361529 11345556
2617759 11669763
4088064 9994
8015448 6955475
9318620 13217459
7217144 3317606
4876778 7125685
9179190 5737194
6179254 11073246
2142589 331701
8051570 3429919
6540649 7560541
4472099 11252342
10997337 1057414
2998671 638311
11305434 7223572
3705957 7218642
13466443 9099572
7001196 163447
3509081 5208234
5273210 9852167
1758060 11775256
11049387 5594658
12488923 11497512
1820871 13446453
11233047 3311526
1846578 3358211
13060682 10422781
1891428 12716724
5338267 7862390
9280419 4803394
10866607 10189950
72560 8700329
12646355 4464355
13354781 12686406
6069472 10280636
2450071 8344701
11362459 2651063
9472968 13323277
2285677 10908146
662927 5866559
3710435 12434186
5913126 2648206
10428253 6921480
13008374 12456623
6947855 7154511
1069028 6880154
12746203 12725374
7200658 11709970
13183204 556359
8201568 11536877
13029053 1695510
11188542 1810180
8420961 10868118
4188997 1070793
4681836 5307076
7606058 8032743
9872890 7119732
6985064 11070163
5460904 13861
7360023 7945114
605493 1866930
9313084 6339272
12734520 12893260
9356921 7245508
10520208 5857751
10555524 1880149
8837505 1017916
560299 7407062
8841481 11610248
9199139 1735434
1803106 5720508
7956172 1932611
10648705 2492781
10001696 5211379
9715005 4919411
2168563 1198387
13297 6340089
12592930 464884
4348456 9315092
7351877 6522087
1826329 8913755
4338997 3537506
12658635 9788554
12612384 12441474
11825696 11580475
439200 6366972
5148082 10469039
2994205 47913
3389389 5366761
12804786 336329
11167181 2401873
9267776 12217556
7557167 13165002
8454479 6907001
6625506 13386887
5354259 10826642
1440886 4356740
8650905 4586598
9774710 8551726
13322072 7304297
6352123 6914715
5011038 5944530
4514400 1902114
7344147 5883603
2080698 7406488
4063674 11524757
1837193 11733040
9016697 4545960
4373629 13016600
8962912 11832818
1414256 8232022
7934101 11321934
11882329 12109427
12954429 10210352
4417407 6616011
10557462 2923484
5438312 1013318
1805298 101272
7594460 8443755
5069330 5601758
6841502 6936097
3199114 10449784
10764109 7721468
10813019 2668228
9238871 8728720
2917484 11645996
5171466 13365334
12561946 4112325
10717469 1591316
7070464 5934129
13053997 11312275
6661898 4423081
2217775 7550255
8322673 7439365
11351862 8715732
4390370 13409102
4821241 4728244
12262941 5788384
13322277 6946833
2767616 10072846
3375725 2238308
12147684 11330565
10723381 8845058
12346577 4574686
12752374 1988329
11982140 10524280
6040568 6316621
7525625 4176485
2325129 4017411
11155922 3417384
10049190 11727321
13084060 4178697
2165351 9296380
10400567 8314733
7624639 1089874
1215422 1453779
10912192 13241746
6905102 8345684
5450037 13100045
1360867 12601342
152663 10835557
2510124 9020791
12836285 2481196
9494999 6423534
4857851 9548396
10567663 6384255
10813145 2624901
9439571 7108363
6900266 5225035
3878779 10689048
7635662 4277443
9277848 13010661
10319543 5512668
11248019 8563748
1662303 9089141
12511951 10665568
3704683 6355818
12931487 8453314
12457932 9802637
9257590 2437257
9996259 8228901
10550856 7580254
9438605 58074
5202567 307346
13424542 11643656
9444571 11639343
570596 429750
2117124 11280154
13382649 3841835
8208812 23869
13450622 5749713
10530189 10464257
11121304 6305570
9019500 10908064
2079230 8480608
12732756 11912532
210261 5591894
5681846 7748914
9801575 295028
10495392 8648698
4872606 7245463
2468094 5184369
1974108 7158310
8723732 8177124
5391811 11219692
13414590 10157619
4349819 6585505
7475625 12841198
10395910 10231359
2205399 1085212
11926331 5345612
11122421 3375271
298870 9601578
11011839 1311032
2555298 11769649
11920035 60101
5014029 3898983
2500048 12463681
10537058 1713204
665250 2998196
4605390 3588498
3100114 10381672
2281956 8621418
13235148 3687929
6587974 9186887
4598731 5227236
147520 5274944
3712865 3601922
10917517 1671300
5742413 2583572
9109132 10731719
6350572 7360646
5332812 8825523
966962 6494882
2990272 7278982
968005 5318711
118319 7222669
5121765 8015913
5057614 12482245
2505566 13326745
2848645 5593471
6146589 1357011
10363348 9708817
6662908 10547277
4451882 12577965
3995832 717332
11060418 10727251
4533388 8338132
4971264 329192
679829 11003731
5743188 12216609
4590659 1369569
3401118 453679
3321166 3798488
13276587 5318250
2533136 619093
831173 3687695
3957114 9564978
1316965 11738940
11151561 4066638
1574452 606114
6860652 11844873
7475551 9349436
10082339 9958025
885691 13070013
8706244 12670991
5177663 8637005
7442401 11913514
5890811 9688159
8871384 6474533
7153930 2167631
