1809832
859276
3227444
962540
2981281
3263450
400976
1620057
543640
3051295
1820059
1903261
3116158
2392516
2865804
1901659
4321083
3521494
2619069
4234619
2967785
3506887
2072849
2579162
3231806
3107245
3028746
1844077
4032452
1430885
2395463
4954102
2238219
3027588
3047802
1173294
220128
296029
3418406
3751860
2512231
2622333
3119518
2443482
229793
5466356
2213379
4320098
3297638
2562731
3164848
841699
2353749
1394777
2739177
3637013
2184779
854074
1531325
3099133
3689624
1446333
2050104
1384596
1290444
2250130
2519765
2983575
2901304
2085797
2487693
2693680
171251
4223539
4257035
1588287
4225351
3329833
1973780
1881479
4762713
1505916
2557518
861071
2514704
4535234
1399542
1827487
3369881
1874792
4956815
2480815
2344401
2706781
921961
57790
2939753
1089525
2314831
4729815
3108169
4246984
4649212
37458
4478237
2851916
3855567
4081975
3287238
1483218
1905886
1276044
117342
3080066
1578937
1882141
4520215
3382524
2762171
3176421
2339034
1813732
3277308
3690608
4801189
1961846
2402251
1395344
1331502
726027
2116962
4134789
2542447
826842
4179353
1927296
681140
810600
3341134
2939402
3234136
3335009
2164953
5618143
4196307
1607963
3478841
1956949
4288010
1302340
2216576
3273288
3371492
2498470
770706
1958289
420399
1051397
2375832
3455325
3307809
2138259
3322901
2306690
42676
1494791
1155433
4073821
3661316
63639
2945871
5413969
2775297
2227057
1007738
3731033
832918
3279510
3368545
3427894
2097920
5080145
730452
3491271
1873762
1549637
2707997
2842611
1525076
1426243
1265862
6019171
2195132
298324
2122590
5549531
4296376
2851976
478488
2985622
2142662
2183364
2888045
1453106
4333653
999322
4476012
4908577
2492976
933877
2311490
203577
1926006
5191664
2046663
1127284
983998
39480
1300322
4903692
2488869
5265281
370486
2601858
1142126
3037154
2991193
1218776
4270468
1104845
3833467
2451007
3211131
3014065
33367
4614647
1586185
858869
1985215
2999415
1802344
1587147
412508
453170
2806276
903755
4694841
4022897
2741738
2369009
2937392
2551175
2485044
1254416
2787176
4567425
5592227
4536972
854873
1716545
249385
1184282
4485276
3760971
2253177
1260660
2299806
2827350
2545414
1688451
3284511
897475
1272741
2385683
2287969
3261833
2434013
1300187
1515417
800097
4084849
1437545
2170942
1433927
548810
3805317
6286982
3001656
4125547
929860
1351563
1157014
4447103
2010600
1171891
279023
652338
2268853
950433
3062505
3355011
2578567
2892947
1463587
4019626
2345620
1852965
2086495
60850
2557365
2177609
5502187
1773672
1563692
1180564
1189570
2587005
2238557
1817826
3906477
2423624
1712433
2781504
4375130
1331719
2828069
3795956
2143263
2386026
2867397
3369090
1814642
567219
4396109
2058719
3253212
1108272
4679632
4216581
5209282
4217361
3275500
1533194
2498212
2415123
12917
2682303
1175589
94782
3295192
4765080
2882838
366269
1742044
2415199
50825
5578911
3089756
2049510
1747515
401441
3130235
2618879
3420035
804967
2234688
6052190
1787580
2964378
3079175
962077
5550295
86295
4390
876458
2062773
1984037
2608510
4754444
2340253
1123987
1030648
1435295
5470521
1372272
2313725
1674171
5279062
1474408
2207603
1344470
4076974
2973226
918051
549115
1828205
3874650
2969384
4519248
1619537
1082485
4996548
5693197
3049278
3063689
173972
2000007
3391245
3108614
3937568
1379446
771500
1989868
2287320
1537789
2217348
2908546
1938789
1756065
1070796
2181444
2585974
1956195
5590364
3099340
618060
854843
2721366
1376057
2421648
4069511
5697268
239180
1504026
3959905
4749071
4938506
11550
4463691
367486
3039386
6100816
2121672
4240415
2354192
244938
5793679
2343429
2250773
4522468
3439926
1376731
1821963
2456755
2682424
673368
3069871
1245184
2013847
579100
398715
734903
4678761
466339
2104951
2846365
4724265
2407483
2721304
2929150
1018875
5724708
2924404
695450
1631075
989289
3859661
248823
2355738
943185
1851680
2915925
1206677
886384
3892628
3143693
1220735
4946837
2103987
3322265
3659215
5716096
2600293
2950556
2389368
2612265
1573352
262830
2826907
3414469
3206308
1688798
362321
448801
3891310
2138105
3268560
4258434
1006017
1828269
1642044
1601413
2469279
477434
1874183
379725
1551471
3295050
4741567
5431223
1362247
1721093
1494755
4487056
3381449
3765245
4234797
2401202
2325435
2280971
3120259
2614857
3234933
3865614
625230
1681886
2496387
5048558
6343721
3632808
3642060
1064728
3306481
4173861
3582944
2066334
3574740
618758
2669000
5661935
2899358
5289638
2995414
2152262
1279695
3194707
2538081
2741523
3138692
1064726
88704
5894521
1747123
2061178
1656339
4356348
443234
6386724
1157327
812942
3214149
2885601
4182589
6090224
1760388
924796
2936011
1563348
3967651
4773053
3752800
1731480
2260234
2670798
2913673
84028
790422
1752453
3756558
398820
571532
4091139
427313
4303569
4464844
2927886
1840328
2261854
1238368
1507878
3196265
569101
1005937
3476346
3174634
2774509
3704628
1079803
2706635
1397135
3368540
3819269
824641
1224108
1114558
3184920
63798
2790962
2853200
2463900
2122462
2475880
106612
2988580
214013
730479
384275
3570268
3198279
1072653
2278889
2318920
2796279
237464
1680457
2296733
1649103
3999950
4912493
2377768
1470175
2211091
4545810
3373968
3391943
547580
3503347
1121320
4725249
5502464
1985118
2886556
2421080
3852
4718511
824000
5569066
341237
223627
4190008
788555
1611623
3791622
1485947
5184372
2431934
520722
2653777
211236
5666601
223346
2459897
1595830
5436353
7097
3378863
465169
598008
5162458
3825007
630952
5717269
6771
1152004
3711821
927014
566605
1778202
3483375
3711602
986609
2617990
3142559
2375289
5058505
1091265
2594892
2432475
5925212
1076571
2021344
2934785
3506095
4449268
2261610
2292094
5359172
3242342
1361486
2548136
3205949
4856531
794386
1877510
4059330
1862483
740890
2977194
4469866
3953087
2795627
2849767
3004309
3944228
1153200
2359284
5080459
2401867
2984027
4426034
3239150
1059973
2840181
3197544
2248907
3441996
3562746
1810888
4144283
1019892
5090805
3538115
2360360
2657158
3512685
2372149
172565
1699153
4578957
3460842
4171201
991411
1852456
5556517
1511633
2637901
2652742
2524123
4477025
676657
1888751
3704536
668375
4211164
3457566
4766642
2888711
4855569
1535388
4670625
3264920
3465513
551751
206656
927894
20829
2229708
851193
3335309
2144495
4099676
2447157
3118204
625240
426685
2753158
2760019
1862443
585091
1261437
2973812
158740
2111413
4437287
4802663
2518215
630155
2768767
3597367
2821618
2551577
5322114
4790317
4795594
970176
983822
1349992
4966636
829790
3402878
801491
2870081
170910
245221
811248
5198125
2946292
1977372
1009581
4712730
2949780
1131185
1547478
802853
4634345
2915854
4064307
1222984
721245
562592
933492
2612286
1460544
2149980
5226815
3582191
4470737
3425017
2869906
2309072
3351187
227098
2744077
2198604
5844060
2314026
1704026
849295
532428
94595
6227368
3042641
5333247
510151
4749526
2278446
4140975
4351885
1136335
1741722
2238817
2430824
883308
2636130
3015774
92997
2763921
546136
5503256
1137417
817119
1878323
3893983
2713993
1457860
276053
3349140
1692282
5739500
1678131
3552489
4124525
2085834
1377307
238357
2329554
1440582
2265164
2237563
2795144
4193709
3122949
3071465
4690545
3863328
5289794
2331208
1675231
6247419
3358219
3006207
4806875
2684271
3414238
1846383
2651135
2260847
2655295
4357641
1767358
2970602
2641513
1843799
1780886
2194772
140846
4315008
3590762
1445925
1614911
65932
3388372
1888564
3222632
820224
1535053
2067068
2767529
1846694
2372857
2716275
1795212
546608
4203743
3256971
2235686
1373447
164551
1120187
3543303
5730888
2563690
3777231
4263687
1618104
1115046
3514405
4654184
2332946
1016892
6144580
3566168
3892169
2598913
628505
1914744
110943
4231821
3158841
1622587
1010074
3492711
1211100
2932048
2388314
365332
2894148
3275387
2656859
2744826
1949442
654531
3605061
3785399
3278500
333167
3804744
2096948
3154136
2855449
3221090
2947439
477322
2220409
1914043
2856522
5607864
3056063
5597047
968338
2109721
1873885
124314
1293716
2774273
3459342
2267907
3797348
2396851
1984355
