2442054
1461670
4674000
2982162
3808139
2039830
1051789
1104363
5784652
1940205
227349
4120381
3445559
2391949
2139436
3769489
3156220
2731725
128619
4357160
1834954
1365306
5280507
2883233
2036766
5049049
3010279
4679914
5016680
307628
5121455
3675317
3617874
5664938
201844
3252610
5530555
1654385
2932812
64130
1676255
2364917
3204691
3370064
718849
1844154
1240676
258329
2820561
3656939
659192
3565742
2888504
3986518
4426089
2127243
3449560
661592
3398819
5105331
3295317
2704673
3381499
931629
2575111
5382257
3995934
3818236
1679049
795685
719813
601866
1945265
2369059
5583646
2100335
1723125
1219802
2368972
1920290
3606393
3193588
2145363
828757
4463239
1848300
1433856
4396476
2657374
2232617
1004009
620354
778042
1308145
6568843
1687874
425113
1550238
634342
6144965
3635354
1578361
1521098
2351964
2197855
3489213
4393923
5026178
4121517
2654488
830145
2392865
1765303
203735
2555600
2216975
79530
3889722
3364920
3212188
4535455
1710241
650242
1242331
2872231
3087251
1959278
3312020
2439731
6317289
3267109
1021637
3601512
841735
2295343
1268982
3404392
4662991
3008240
684481
3573155
4313504
280093
5339208
3408943
1125694
3828642
5821348
1667710
5195332
2131018
1466658
5700190
5968569
1579947
2952328
2807448
4048999
834313
1606642
1140603
1786929
3202128
5748690
3555217
391353
3364672
533673
1814189
1804394
580550
1821156
1090275
1681314
2395453
5267667
1237530
3606353
4045892
3876327
1018179
722435
747168
3403660
2648594
2615339
4676507
3252185
1821026
3143772
2291379
3026271
1154054
4750676
1019788
807490
1949704
3316422
2227078
3217041
2708913
5437057
5702408
623916
4498004
2452300
2505559
2331752
1592045
4522855
692108
2990845
314869
1551513
2106627
2553861
5304532
244580
734170
2096557
3573440
5334870
3305292
3366465
687037
4466970
2115070
1068745
2422766
3807172
974947
2673236
2692846
6463307
910119
967247
1254146
3633618
3481257
2098942
5377252
2969149
3511630
5054261
413634
1070296
358367
1731820
2818618
58804
971820
4490660
2655512
6487161
2045460
3226199
2232040
2033629
4440512
1825771
2555306
4015231
2758725
2734566
942810
5225847
3234140
1743322
746003
2786155
2511036
1992430
4062768
267865
972461
204661
2014245
5788233
2810067
945232
974222
1267605
1054540
828845
2799385
3607494
72859
5205020
1538303
347936
2803318
2951849
2737594
2238384
2391642
3919428
1237680
1496270
4939362
1645948
1512845
2863267
4846369
2473815
3163174
5044175
1271193
3272477
812516
2845117
214794
819842
3031310
1870458
3109609
430861
3479042
4052801
1372133
2141027
3750566
2199651
1524915
745796
522086
240104
3358907
3595658
1989060
1433870
1716142
2981240
535445
4599941
2357377
2006195
3305276
3233071
2797112
4854701
655039
2991455
3311772
2360776
1092808
3167024
964237
2191059
2319585
4645859
4617163
1645537
5498274
1056690
279095
1013274
358309
4172881
3233706
4022837
3405647
3750611
3863726
2224368
3201181
2907069
4135528
3162239
1034263
3331756
913682
2679600
4013634
3709604
297407
448614
4403960
2755029
4391534
5066525
1982822
2592851
3287601
4133997
1779294
46935
1121097
801667
3280612
4155514
1111924
3373182
3164100
491631
6547676
2137979
2201374
2365249
4893680
3338222
3560186
3069137
2204552
3140360
4109386
3267283
1426606
4403653
1467932
2752648
4390493
4181178
2243951
2114837
3757482
6252683
2038619
3214461
1885466
2766390
3349095
652920
933453
5152490
1272519
5436003
2410615
3638195
706507
11631
4378465
4089041
3115054
992330
2756246
2044655
2981663
2158631
3318325
2687839
152506
3044926
298822
2378471
3508990
1259156
2259576
4971849
1598858
1641648
2126938
4661337
4586592
2458816
1568620
4566926
3643455
2103471
2416637
5453412
4466610
2205150
3394645
1835967
3219711
31844
3492175
4495756
3254132
1749512
1418174
1515865
1788670
1174889
3398512
2105971
1704327
3235926
3012105
3254780
1186027
1837278
4733790
1483226
429682
979755
3010041
2149557
2958161
3550827
3339115
5037237
3342456
2862485
5423318
1198431
3914427
593586
1130388
3861411
891156
53396
262129
4433059
2242414
4377061
2786748
3982385
2695394
2986152
3906789
1594517
1787054
3677483
2792232
2822068
4563262
3789283
2281849
1367061
721932
3955066
624335
1873602
1770740
3070349
4777160
2824417
2954096
2598237
3321790
1824565
568562
3160101
4206457
3738617
4960437
4460406
3323371
1278677
2651304
3428462
853064
1965431
4065909
295554
787721
1500633
2081119
1255148
2029885
2740708
2049147
2596543
3484298
634180
217770
2565165
1007581
1157143
1700308
634662
2887054
1795016
3821598
5446112
4683849
1431925
1553667
517217
3006694
1248949
2480672
1205032
3182111
3584092
3867958
678627
1956728
1545660
3069931
1015699
3988334
1532018
2803537
2799242
4559738
4304047
2706981
2561028
295442
5101896
2543751
2908431
3385118
1940731
5122227
258806
3256939
3189195
2605835
1853252
2015044
1357734
301736
2477329
4508005
2241616
2213973
2197707
5198797
4194165
2916508
2226660
1775701
822447
2709451
3484214
232203
3229669
1099337
3456961
970817
2723678
2391179
4534545
825762
2547510
3051254
2944474
3869461
2647333
770858
2172256
3337598
1425303
3559516
136746
2050477
3181219
2187317
2659490
2736001
2828329
2300068
2123454
3290328
3300657
954389
5123362
4585540
4692016
2397501
2208853
3102901
1953791
2359848
4559503
4116649
777598
4689197
2771458
2211024
4493850
1958843
2561046
727784
5915666
2741370
3077953
3187051
2694660
1014735
1434469
1706804
2587845
2565321
5082419
2286641
1034330
2548885
153695
1099986
821932
3227225
2195785
3075015
1679325
2834367
1420037
3099977
3862651
4464550
2271111
3999895
2559163
2760487
2273684
5276948
1674351
98515
4138590
1603386
3513673
3982697
3324992
1478732
1806948
437533
3922737
5158072
2925818
2403862
2889012
5836368
1200598
668441
1468810
3519687
3487884
1211624
2156434
1470381
756039
2810625
3031651
3227179
6301894
3928576
2663475
3152301
4760086
4309873
6149901
740832
3311305
3532620
567996
5285238
3008494
2917143
3506933
5110176
2413873
2067518
932201
1431061
1522961
2679213
4584002
3055978
3374390
1486865
940007
3098641
2678272
1562465
4458976
4629131
4434115
3326965
2565037
2125191
2198757
2459642
1590711
3298542
3096719
4364185
743206
2776552
1714057
2408447
1995318
5066581
4421553
1836428
149794
106884
3378244
3149996
2424727
1024907
4689928
3480861
3010072
4893022
1908374
3868408
2869634
2505972
611519
2963078
3828001
2037610
1881929
5146650
1080932
2459111
1774567
2364565
2922827
6352535
2377094
3302076
2416365
4034972
3367426
2184929
3062258
4656692
4598209
5448522
1905322
3562632
2454186
428001
2272804
5614925
6224914
1573205
2455809
3071918
2234209
2705738
3327252
4574183
6124585
3208155
623823
724986
548843
5224107
1553199
4247027
1931379
3753205
3391998
3556607
1778934
1116987
1181545
4873088
6314671
551952
1315915
4154295
666551
2976105
4307049
2521565
6502945
3979845
3028516
3368988
2497402
5946203
227368
1420337
4375891
3224733
2897608
2520516
5351987
3751442
1130028
2643352
2472883
3486083
3896178
3612936
562109
3531813
4276796
422855
1610063
2618383
881179
834203
3418402
5038971
2260914
4690744
5971839
2277736
1614516
4531856
164738
4651891
5536952
3639071
3993029
35604
2564053
1556050
6166334
5298754
4040540
253698
2491722
1982737
6244276
4305759
1920511
2318717
2948735
2596810
1843215
2944120
3617462
2221302
1355545
3104830
1383236
1915430
1335828
2025033
4434501
883493
2598114
3720419
4685839
3801225
701735
2072112
3591912
1411751
2504292
1124292
4180894
3978308
601618
2555739
2289434
1766193
690657
4569547
4484809
3152628
224217
1774358
2627528
200885
6338713
3053933
2181276
5423670
1825598
3061361
3027677
4643090
1213517
1579801
3404941
3503479
4050044
3481796
3381671
1103126
2180721
2940846
2582082
5676631
2715781
4413023
3311577
3858963
2548538
1218623
1136216
3595719
4760586
4853814
3920028
5719070
3065133
4338486
3000582
2620816
4656200
2679863
823304
1057630
1226552
2441536
1109624
1760951
3396018
2542720
1880629
1945962
224246
544135
894942
1535141
4173508
1069999
94288
3637862
1953329
