6820828 1 1000
2612881
2635875 5077929
7895911 6434241
5493086 819086
3633802 7472469
5020093 1211954
3830837 10255582
11328967 10277178
9026403 10130766
12196293 5634948
6634282 8574487
7815718 8043067
8471500 12591881
1405078 7195954
4477107 6869056
9479223 7339787
614889 7662213
10287653 310606
3314097 11464217
4734640 4606021
5899735 1542575
12884240 1077538
10608493 2422360
4856668 12470428
1419725 4302958
4453308 6490074
4877292 12218346
6762421 9772700
589342 5269256
6139023 890888
4685373 4993001
6783740 141396
6839392 10514709
12750471 9132597
191408 6190245
1946080 2147924
11897104 8644494
6664480 12195035
8537965 1854241
9261183 6328371
1821898 1757768
2995038 1318783
13602126 11237209
6688496 3483805
3406317 6776381
10758664 11477513
12831402 1033900
6624226 5383550
9207602 9465931
4723156 1902595
3330456 13315173
2471052 8916347
9742594 5869737
11449915 3485178
6731344 10717862
4986701 11485977
8652582 1266766
3029050 13221146
2621556 10086625
3996943 7395762
7111844 13471072
7109720 3584208
2825189 5529862
3400961 19462
4699762 5631391
3560789 6135900
13260094 5000695
11267567 4774956
1602348 5420584
1505480 3184529
3854599 3058914
850093 130280
9949485 2526792
6499721 8444986
2967077 598018
7184218 12767864
4433571 9713353
10081294 11804419
6184451 4964649
4056976 1688004
11869906 9949616
11457344 4195638
2725383 5918971
2690068 544705
4378619 5207376
4455875 13634292
3522697 10372192
8852671 3465698
4021166 13266346
1485974 4143348
9493984 11726601
147010 12784657
4930376 5550730
4298406 3520364
10276049 11584194
12982918 5910105
4740325 6428199
2865752 9605950
4716720 6266958
12215969 11581627
12786490 5405064
8180556 230681
8681382 10259743
10495284 12016382
8509509 10861473
10642202 8444347
4141032 11394770
5385394 991471
633456 6386957
12940225 8626505
8510372 881731
8372258 7542113
7279277 4886412
4393329 2628026
1870356 2074091
10126642 4475547
11971748 9754773
4395992 4475522
12020556 3915755
9556907 12921827
7011257 10223445
6155293 1355843
12104968 173553
2618373 3268615
9028746 3450248
7918663 1255697
10261561 7174310
237708 11920086
9626724 6314704
12755579 1553654
5544936 12869303
4721882 8275602
4175741 3154104
10260577 6659065
2746610 3588345
8335144 6039801
10156895 3158676
5545643 8950035
12005615 7342624
4547437 10507392
12150318 12834799
808380 4381535
428062 4741566
8635475 8355382
5034044 12351753
13337529 9928586
8538874 2843739
7842716 375233
6667292 13199607
8343005 3189886
11495089 5746832
3201208 7891019
11836588 10369930
5079326 13020792
6863446 12832015
10367564 11947511
1550745 4503073
4292021 10562016
6512623 10561622
4436091 3601778
6278041 4671399
10924878 9784275
1557276 13412003
5787334 8989462
6246220 51681
11427976 7872759
7520006 7128653
7938226 11302898
3828111 4361784
1679526 10314542
9735864 1110643
6701573 6121023
6731778 8552934
3399014 2308739
7964406 2824891
9859001 7463548
7156510 12424177
9300310 1508751
12928438 9153456
7900912 11946804
8786742 12663069
12817200 11799021
10087372 10809807
4470295 5217463
1124731 7518200
7057886 4409292
1970552 11406718
1291483 6078601
12983813 2594342
7665453 2560112
8878995 5201938
6596160 4304781
11605123 989738
2579344 10554225
4032478 12923458
11441662 12461450
11412233 10604743
12585571 893619
7432396 4115974
12740216 10513138
10246760 208892
4212901 8324817
4751269 12732377
11772291 5976706
4324354 3700438
11763256 4781337
3678267 10820622
9050755 490277
3610170 5941922
10263491 3375143
5256467 11312977
1346505 654397
938843 8116903
12900446 12585577
2291801 740288
1145588 3252215
10546040 4054410
12274026 6969494
8935368 9179948
10405139 9670969
4358507 9082779
11686787 3933242
11434044 5947415
11318446 4033435
5950840 9462214
39053 726090
5281543 814573
7910236 2021285
5449189 4380444
10414611 7991845
13375728 3541244
8001311 7026364
12330725 1362305
12105243 1156433
12641832 6178525
2216104 8920368
2639807 10374029
6895936 5641790
11137676 7504058
6343885 2221449
2647192 4746134
5178973 13443377
55393 3024542
5844972 9713247
4653165 13240560
10603846 10190212
10855630 9785334
6634093 6275726
2828094 1096274
12211177 9392559
7546901 7605705
4180075 5151895
13102209 3951213
11106576 120432
12607936 6120775
5196396 3150936
3502735 276536
3366194 7954983
329661 2363290
4835311 394799
10382336 1735738
10121289 12676595
12499373 3562447
2473755 12053307
3526081 7612344
9789335 2025698
12228586 5043850
12537961 2482994
4091649 2348327
6751783 6005780
1815328 11422310
4471865 6982901
7802932 2251229
8606226 12668994
2354738 9423988
6306449 5333988
13360173 13564834
9359598 4553014
5614790 13468213
9096293 5085531
12864614 11919382
757670 1731892
660221 1927826
3165960 8932249
2366176 3195021
10839956 8040571
627624 7811473
291456 364315
4479846 12916482
7359677 5821374
1286406 938470
5329124 9520783
2361942 6732800
7490103 10227697
6113244 3874860
1716217 12966231
12023178 8103750
7673250 6435570
627653 2123923
10994582 5991369
1651211 10117986
10519298 2185626
13618987 9205993
11872844 5020114
8169669 3822655
801169 8082248
12923901 7720171
5823554 4552361
13527896 8887874
967093 1779609
5502953 2657836
11840786 11625992
546615 13368429
6534851 3503541
967231 2837689
12746763 9637154
11739577 12170438
12268606 8789564
11723423 7670622
257717 12527240
1545485 8360079
4407232 656666
6910144 4710493
1752319 227404
5858659 5112863
11741337 12263423
6217228 6457332
457478 3816385
278795 3874453
2737186 11298463
1804856 3238726
3012513 4728655
8714005 5732765
2316498 9672770
12916017 3874302
8651463 6294086
9195163 11201358
8335429 5030153
5051453 10228207
696628 3493740
6218558 11073259
9635396 8980357
8111059 4281685
12990550 9678778
11610894 2796471
10203409 2289774
2812052 6465857
4978759 4014522
9829368 817482
6276031 3956446
5555521 11136927
7823322 12440485
3722101 5367638
11845038 6346764
12694481 109515
3022121 2743026
2783073 3796347
2299011 2657320
10880332 5339138
10083271 6849565
10522225 5547201
10547875 7142228
10867294 4929906
3151608 12929538
12371849 10147481
1311885 11333893
2572005 6567517
6294693 10430221
3913688 11295140
2671829 3706092
2328185 12480768
2604626 1690944
7958198 1408793
5598072 10462151
7910710 11620314
5651869 5354462
6880089 6431475
373709 4777669
11294319 8539290
13381008 7915705
6601968 11668493
5404021 3421199
3852946 8080924
4714106 10620084
6057600 1854994
4204529 2425235
6550748 6597683
7385188 8506285
8909498 2890336
6405208 9685820
1480659 6410418
10205613 9093689
13283050 9909868
2519386 12996942
7922035 8413666
12907223 6233348
11432516 9294537
13087408 10886034
12800073 10434824
4307952 13055928
4369328 11015483
3844538 11762237
6444141 2692449
4298458 2093906
10136543 6996183
8313943 12423329
10943013 4370859
12392378 177328
6389041 1253897
13156379 982655
4452593 1699945
5765124 1374631
6674570 10855748
13121121 1723416
8777405 10892242
10518971 5285100
5740687 13129660
2903092 4941711
1915539 11950827
3964056 2078590
447881 3214271
167962 3517057
2886772 9812737
12963097 254894
776600 5929090
6885232 5612713
11501907 6065904
13137298 10726683
4144783 506588
279858 13215007
1203641 1215272
6005372 1626907
11280611 7191570
11157013 4004630
1714840 2707170
5268892 8025138
6225853 8270508
11844403 1184410
9454436 474978
12359863 3005051
9944765 7256926
5611591 5459085
11167598 3923917
13407490 13108668
4067500 8509858
2972305 12583274
4496176 3237020
13354131 1972051
13502899 4833092
1776983 10196668
1211813 9674288
5954672 3827734
11176433 5531493
8214453 12887202
10172152 4333253
11148669 12717289
6153173 10720099
13298120 3299919
10702605 8599134
13178816 1953797
263679 6329500
4000716 12512483
8642131 6436981
5507011 8933195
9849154 8013187
7314535 4094824
8310873 8342717
12841384 2697380
5333513 837757
896452 10971411
10568763 8819251
10789974 2550973
6549320 5033455
10822773 9034103
3389682 9831796
850205 7797874
2700416 594445
8997146 3880644
4387088 7623014
13274478 2644927
13140444 9885664
1568076 9574930
10821852 8984574
12345087 7611297
5342381 3859155
11850016 12279698
9711853 8732098
6852316 3041528
10562156 1591772
1951455 12634950
6912766 1582998
2021088 12181030
7558073 13092937
5176103 10212942
1777658 11460970
5231534 12238373
2001400 802969
6125849 10040276
10245735 10839321
8854597 9984985
13188647 3408402
6645299 5754143
13241594 13188198
3953528 4215657
8015516 13239672
1254821 10318062
7474302 195228
5015427 2228679
10305163 6322778
3796766 10945217
11090672 3942069
5828511 1921722
9830810 8236293
11405224 9618170
6539166 10216649
5232925 8025157
5550287 8372355
4679862 11929989
4484844 11351028
6554139 8835988
8100833 9467894
8983767 9705699
12402003 8446937
12931297 12306962
9477941 11351543
9215194 7444454
9281731 6211382
4265631 12558118
11218484 401245
6511601 9465697
11844013 2424949
13132850 9233607
8769410 3773146
7877356 7308794
7802866 4142138
408817 4615274
11049807 7311190
7246145 13481665
4789570 329164
2597373 12915658
10376362 9097685
3020745 7190270
1476763 7141366
1945596 9619487
9463712 4548308
1867332 5933241
12275522 12571076
7506091 8293812
5018126 3517493
948280 12508817
12898600 11643452
11426230 13456115
1919993 12820941
1788652 13381161
7535310 4938767
6267771 2294522
10088795 9454615
8502314 8284544
10092531 706539
5201610 6209191
11933056 13090199
3104547 4804855
2581888 10037377
7676550 10563604
8487870 6692854
3563 3825161
5699852 11792849
4921779 11808659
2214875 782950
2787856 4341523
10382828 10900045
1484042 11311563
10002358 11251307
11355923 8875251
9613252 8408220
1969331 12428876
7366852 1095647
4130019 11784528
12746563 13425190
10365886 12322614
10958042 12503702
5053781 8123712
990153 2005852
11752134 7763800
1600694 3132712
6429298 3625761
5513245 2714003
7947994 13180515
3698964 13036573
6461563 3754582
12548964 1468336
3274338 2978896
12133468 7031572
2278983 4822734
8847913 290247
12965528 9580410
7970121 6029390
11265738 5903078
6733360 6474554
9402681 6145742
6852233 3220599
11540994 8935159
3589552 5442804
1515809 13142421
7597053 8954787
6828860 7130596
3138547 11385371
5606462 1098457
627925 9690368
5052344 7266317
10640470 8442763
5371314 172517
4420024 225859
4492561 10470536
1953404 4180064
8500435 3455307
7530289 6707842
4520196 7229647
4183005 698791
9880463 9648260
10783279 371292
2246794 3346131
2402715 6186915
9798205 2006561
1065667 8257246
2566400 11778406
12596005 3985129
2234432 8986397
11510069 3084030
6762855 9814109
8838681 11783155
8697597 12567058
10309915 12957248
8844986 2795015
9644034 650951
601434 8107559
11308875 9883572
8969568 12529084
3947989 4084735
9681565 810261
12311987 9130768
846879 3034196
11306499 3399580
5188240 9594350
13065171 2251844
5835650 3535582
4234181 8931556
7327543 1428720
6143415 9444072
7269927 8224316
11981944 6858582
12262836 7677296
5989643 10748962
1432769 3830270
560498 9590178
8898567 5795666
7990641 6036850
2604617 4964465
12877565 3795412
3721361 12441877
13261975 12484377
6320618 1036776
7787538 3738167
4499456 2288432
6051088 10544938
8200985 1886763
6630235 9191281
9173139 2145668
13538836 6233745
5146917 7888287
8653736 4910860
697807 3884858
8602319 4476150
3927752 2913017
4884522 6318991
4001133 5707937
9111100 11698945
349647 9735795
837018 5919437
2311200 4597841
8682831 2896332
1730427 12823198
4585667 4739362
5823338 6923324
6980847 6158915
12932232 9705007
10431660 1415048
13539573 9793759
5491673 7170998
7386496 10220863
13359224 11939187
2304955 6641659
5011259 1148608
11053772 5457367
2391443 11483381
8336596 13351756
12894569 1812076
331109 9912423
10956457 3363816
11986335 5337202
3920144 5594495
1087176 1185691
7197737 11336327
7476228 5872842
5797593 2283920
7885149 178745
11913781 1597117
8867966 1699893
163483 1970431
11991392 12428925
4969953 10999373
11931446 5273215
993055 8127718
7828398 1814331
9009653 147926
13334437 5529149
9025649 1820344
6243303 6911744
12620305 11151495
12623570 9103883
11091450 4443023
7729590 6517966
7850723 3186328
3923853 5394234
10524373 11280412
11489854 3367360
1413505 12023510
563254 10977731
5987621 13327383
13134204 3421124
5777616 3114141
11149223 4049667
4640680 12165995
4103945 12252517
6032452 13505894
291209 13192033
10045950 13357255
727659 4260279
3333670 2765674
11985729 5346098
5536387 9518696
2560503 6568945
8786935 12293868
11416775 6306599
617812 9014906
10833297 12900815
10805315 9873114
3841292 5272353
1117192 9406438
7270616 9949829
10685439 6101437
9439992 12495970
10780087 512821
1468405 13623196
4672823 5612830
1249784 4348425
3458363 11266498
7408041 5845576
10982202 6523226
11338959 5336761
823 7611653
3372492 45527
12808043 1731424
7957664 3262026
8473638 6274881
4335319 8696506
11748095 13338806
6147337 2625050
4449441 1352722
10497819 6133634
4825924 4082718
12025843 9249291
9962630 1427746
8660324 977820
1959754 8091519
12755877 7689296
1340558 6284480
3747526 1911098
677453 527659
9471393 9364509
9045884 13264119
10479516 4717069
13028128 10603401
12171445 13196352
4031666 12983394
3919953 439092
12921715 2290131
7339694 12232716
3472429 1564055
161513 4029921
2044692 7132265
11447742 2120943
11403292 12014811
9848750 5160917
4149895 321894
4641848 6679458
8253113 6371184
13336229 4841223
5327261 4246329
4204095 6663206
8052977 9827544
10605246 8240681
9414393 6491566
12636120 6283585
4744001 9679682
636651 3938727
10385809 7969444
8675771 12710743
1016227 4383653
568283 9293379
11061645 4047202
6380264 11036956
8007786 13082252
11982091 6533569
9255497 11160819
4904918 1342286
969754 12157224
9130678 9558679
6528892 4256088
12056169 5605345
6200140 12425054
11450291 9877086
2837872 5293681
3333801 7082712
8484913 1327469
2558446 6782407
10543883 7216631
39140 7433268
6632923 12757508
6559322 3351167
13209246 191413
12198978 12923964
7146474 6597631
12034644 5236052
4132334 9467454
7084476 11331503
3618944 5550323
13197072 8737970
6890187 10282185
5244530 1687923
6722694 4943760
1556102 9493916
10246852 11428397
5933462 10986215
13139150 6234426
12625698 13177650
10999010 9683095
6620839 10775134
2669584 3336135
10932821 7956716
11197257 6890208
7843625 5322060
5796059 12934770
4401375 11625059
6765405 2252670
11453707 1181039
12657644 10160242
5448644 13144097
7486421 7713789
813812 13035131
849139 6821561
698787 11115710
11657553 3286644
2736050 7036363
5309255 13598924
1442299 5193741
10866506 11996534
3052992 5696344
3176785 703902
7090815 10576898
2085974 6064439
8312659 120996
5882824 5320715
8911413 12443226
712469 7057326
11147223 10724368
3555767 1945704
4197525 10467447
4160882 5042061
10392086 9557883
10960782 7542380
13588941 7060335
2186856 4447770
5514521 11222812
6068300 6452
9256576 6978840
9625954 1190611
7808513 12340369
10337132 10172394
10998247 5700233
5370422 12213119
4467713 828642
12232214 3807404
12791261 12755657
8745627 11309680
5068128 3512078
13233159 5757837
12803256 7504502
4304853 11782276
11321310 11067612
793209 8761660
9999038 8016301
12495179 6250903
4901719 11450629
9301109 824971
7255046 2752934
195154 3143889
5757259 8354069
7121712 8964927
9427272 13316855
11414704 4249347
8928486 11149788
9187809 3722525
8992671 12097501
8204302 2459053
3895548 5810978
12135207 10799379
3326435 10745187
11855290 7420789
3496240 9433576
1429974 12473516
10990143 7269724
10944011 6258172
1233025 7012341
2333954 9010902
8052546 3303829
7141001 1313678
8251648 9663399
8261601 5757309
4991271 3866979
4948165 767271
7646333 421950
8733811 9335429
7437962 2052890
10887462 1777201
5200322 3434129
8709214 8018557
5591945 1022398
7805359 12290168
496067 10985095
5165310 4941093
8386898 6612540
5845562 3218034
2694333 9314277
12416723 5968579
4643969 8410865
2390769 4572045
6299574 323347
10550541 8724943
2172217 6813013
360688 3388365
696377 6707124
12405441 11191924
8945231 1521559
1789189 12014957
2512506 6015985
7661047 11711091
5904399 2422603
11817832 8436161
1900277 797151
6543608 4362887
10460570 4526865
10950408 1547499
12443191 6766560
8690459 4585411
140488 7493080
3472849 11885317
13318449 8510835
2517545 11886910
10172024 8953401
4835978 3699762
4784651 1188932
5628162 11179013
12142981 4757422
4521057 11445560
12994141 5071555
10166271 4945451
10805338 6466852
10938612 297538
1217385 8208390
7704353 13327694
3491282 11235170
2552736 1729432
7901079 6843449
276677 1503229
3825527 10662598
6408539 7518163
10369990 1788212
2921671 12520936
7812854 1691017
5811676 3931047
3067085 5013047
2694541 2918787
10728734 10184599
9719371 10614313
9349178 10884319
11632373 7458865
10501604 11571603
1495162 1589450
3873492 235630
11618280 13571609
