1000
27 0
10 0
17 0
36 0
2 0
15 0
28 0
9 0
29 0
45 0
27 0
15 0
46 0
11 0
39 0
10 0
40 0
29 0
26 0
41 0
14 0
32 0
10 0
16 0
18 0
46 0
46 0
42 0
35 0
35 0
12 0
47 0
47 0
8 0
38 0
39 0
38 0
45 0
19 0
30 0
0 0
9 0
35 0
12 0
27 0
7 0
43 0
22 0
30 0
7 0
27 0
34 0
39 0
11 0
23 0
38 0
33 0
16 0
5 0
23 0
16 0
41 0
45 0
38 0
30 0
5 0
3 0
47 0
43 0
26 0
7 0
44 0
33 0
11 0
4 0
9 0
34 0
0 0
22 0
36 0
26 0
38 0
19 0
35 0
27 0
24 0
9 0
13 0
31 0
10 0
15 0
32 0
28 0
19 0
26 0
11 0
5 0
31 0
44 0
22 0
18 0
32 0
8 0
47 0
7 0
12 0
15 0
25 0
37 0
40 0
1 0
28 0
36 0
41 0
14 0
32 0
36 0
5 0
31 0
27 0
17 0
19 0
41 0
43 0
0 0
9 0
27 0
20 0
43 0
34 0
30 0
40 0
43 0
6 0
42 0
46 0
20 0
15 0
39 0
25 0
41 0
31 0
37 0
7 0
25 0
44 0
6 0
5 0
30 0
13 0
41 0
22 0
26 0
28 0
40 0
45 0
6 0
12 0
15 0
23 0
4 0
27 0
39 0
29 0
34 0
46 0
4 0
34 0
8 0
22 0
1 0
13 0
35 0
25 0
25 0
44 0
18 0
24 0
45 0
27 0
41 0
20 0
4 0
27 0
6 0
17 0
30 0
38 0
43 0
20 0
6 0
38 0
42 0
27 0
31 0
1 0
13 0
2 0
40 0
15 0
39 0
3 0
27 0
10 0
3 0
11 0
19 0
46 0
30 0
11 0
41 0
10 0
6 0
6 0
6 0
39 0
37 0
5 0
33 0
39 0
34 0
38 0
19 0
33 0
4 0
11 0
21 0
0 0
12 0
9 0
37 0
17 0
21 0
26 0
34 0
39 0
25 0
10 0
35 0
45 0
28 0
31 0
2 0
21 0
1 0
21 0
42 0
47 0
1 0
4 0
23 0
2 0
40 0
35 0
40 0
8 0
27 0
37 0
26 0
17 0
1 0
43 0
27 0
41 0
5 0
26 0
35 0
34 0
31 0
45 0
3 0
19 0
11 0
34 0
15 0
28 0
37 0
38 0
6 0
17 0
38 0
29 0
42 0
36 0
37 0
23 0
39 0
46 0
12 0
17 0
23 0
34 0
6 0
18 0
27 0
4 0
38 0
0 0
23 0
28 0
13 0
33 0
9 0
35 0
45 0
46 0
36 0
16 0
42 0
0 0
38 0
14 0
45 0
41 0
9 0
36 0
17 0
25 0
9 0
0 0
38 0
36 0
4 0
33 0
8 0
12 0
41 0
36 0
11 0
8 0
39 0
7 0
40 0
28 0
9 0
4 0
20 0
46 0
30 0
39 0
24 0
35 0
47 0
9 0
46 0
16 0
10 0
23 0
27 0
7 0
9 0
24 0
5 0
23 0
13 0
33 0
0 0
30 0
26 0
17 0
36 0
9 0
33 0
27 0
35 0
6 0
30 0
13 0
27 0
21 0
14 0
36 0
25 0
20 0
27 0
27 0
14 0
39 0
41 0
31 0
16 0
11 0
7 0
46 0
29 0
37 0
3 0
14 0
38 0
11 0
29 0
0 0
22 0
36 0
40 0
12 0
20 0
36 0
2 0
20 0
27 0
1 0
31 0
4 0
20 0
33 0
24 0
38 0
43 0
2 0
21 0
40 0
14 0
4 0
29 0
39 0
8 0
8 0
29 0
12 0
43 0
47 0
18 0
6 0
43 0
0 0
35 0
41 0
28 0
41 0
6 0
37 0
4 0
19 0
16 0
18 0
18 0
0 0
31 0
23 0
8 0
19 0
36 0
13 0
19 0
47 0
13 0
26 0
25 0
41 0
45 0
14 0
11 0
22 0
30 0
17 0
4 0
38 0
4 0
47 0
27 0
3 0
19 0
28 0
4 0
45 0
9 0
5 0
47 0
44 0
29 0
17 0
42 0
6 0
23 0
40 0
5 0
20 0
1 0
7 0
12 0
11 0
30 0
24 0
15 0
25 0
33 0
21 0
39 0
22 0
21 0
32 0
31 0
37 0
40 0
47 0
43 0
14 0
20 0
26 0
19 0
9 0
15 0
9 0
45 0
33 0
4 0
17 0
0 0
8 0
16 0
40 0
47 0
40 0
9 0
11 0
27 0
0 0
34 0
14 0
14 0
18 0
25 0
42 0
42 0
43 0
12 0
27 0
40 0
46 0
16 0
38 0
11 0
0 0
18 0
2 0
18 0
20 0
0 0
18 0
32 0
29 0
40 0
44 0
34 0
38 0
32 0
18 0
26 0
16 0
8 0
33 0
17 0
1 0
27 0
0 0
13 0
14 0
24 0
16 0
22 0
42 0
29 0
28 0
16 0
47 0
31 0
28 0
28 0
32 0
2 0
18 0
8 0
1 0
33 0
25 0
37 0
1 0
3 0
36 0
2 0
42 0
37 0
10 0
19 0
34 0
13 0
24 0
6 0
36 0
29 0
14 0
36 0
31 0
19 0
6 0
46 0
47 0
45 0
42 0
14 0
9 0
22 0
43 0
42 0
13 0
3 0
26 0
33 0
17 0
23 0
31 0
31 0
21 0
9 0
23 0
39 0
2 0
34 0
38 0
8 0
23 0
10 0
26 0
16 0
18 0
41 0
30 0
36 0
33 0
35 0
29 0
29 0
12 0
1 0
6 0
13 0
22 0
44 0
20 0
43 0
8 0
31 0
16 0
4 0
17 0
29 0
43 0
15 0
23 0
12 0
7 0
0 0
8 0
23 0
0 0
31 0
24 0
16 0
34 0
36 0
28 0
44 0
32 0
27 0
24 0
3 0
4 0
24 0
30 0
40 0
9 0
28 0
44 0
30 0
9 0
40 0
6 0
15 0
40 0
44 0
0 0
40 0
1 0
26 0
6 0
20 0
5 0
37 0
15 0
21 0
14 0
46 0
33 0
28 0
33 0
21 0
34 0
37 0
5 0
34 0
15 0
39 0
30 0
20 0
8 0
36 0
10 0
20 0
15 0
43 0
33 0
5 0
25 0
32 0
20 0
5 0
7 0
12 0
40 0
15 0
22 0
9 0
14 0
27 0
39 0
21 0
30 0
2 0
5 0
44 0
33 0
31 0
12 0
5 0
0 0
2 0
16 0
4 0
30 0
20 0
6 0
29 0
31 0
10 0
3 0
8 0
46 0
36 0
18 0
18 0
30 0
19 0
27 0
6 0
42 0
38 0
0 0
16 0
26 0
22 0
34 0
28 0
18 0
46 0
13 0
17 0
24 0
15 0
31 0
16 0
32 0
46 0
15 0
18 0
34 0
2 0
27 0
33 0
10 0
14 0
47 0
26 0
32 0
31 0
40 0
17 0
19 0
37 0
41 0
17 0
47 0
29 0
8 0
40 0
34 0
3 0
23 0
35 0
11 0
14 0
32 0
13 0
21 0
41 0
11 0
13 0
4 0
31 0
8 0
10 0
41 0
24 0
45 0
18 0
9 0
47 0
17 0
38 0
39 0
40 0
1 0
37 0
26 0
26 0
13 0
43 0
0 0
29 0
43 0
13 0
42 0
0 0
3 0
32 0
28 0
26 0
8 0
19 0
17 0
1 0
47 0
38 0
19 0
29 0
46 0
34 0
26 0
14 0
10 0
10 0
46 0
32 0
10 0
20 0
35 0
4 0
30 0
2 0
46 0
47 0
29 0
27 0
5 0
29 0
36 0
35 0
18 0
22 0
1 0
31 0
11 0
6 0
23 0
4 0
24 0
11 0
26 0
2 0
37 0
33 0
1 0
27 0
32 0
40 0
36 0
14 0
14 0
30 0
2 0
9 0
5 0
27 0
18 0
1 0
36 0
37 0
26 0
14 0
35 0
23 0
18 0
20 0
17 0
34 0
28 0
42 0
18 0
13 0
41 0
34 0
26 0
2 0
10 0
46 0
6 0
7 0
39 0
2 0
9 0
45 0
10 0
21 0
17 0
39 0
45 0
42 0
41 0
9 0
22 0
11 0
7 0
46 0
0 0
0 0
37 0
9 0
14 0
4 0
44 0
35 0
18 0
45 0
31 0
17 0
25 0
5 0
5 0
26 0
47 0
4 0
30 0
34 0
21 0
44 0
26 0
27 0
42 0
14 0
40 0
0 0
46 0
3 0
39 0
22 0
37 0
39 0
1 0
11 0
17 0
14 0
17 0
5 0
1 0
19 0
15 0
33 0
17 0
37 0
15 0
29 0
14 0
41 0
30 0
34 0
40 0
20 0
10 0
11 0
45 0
39 0
44 0
25 0
14 0
38 0
45 0
4 0
0 0
13 0
28 0
