100 97
73 42 17 20 20 71 6 52 18 93 34 27 96 35 77 27 46 62 23 83 12 13 91 61 82 0 59 82 6 67 24 37 4 61 2 6 31 12 21 37 47 39 44 85 92 16 66 39 48 69 57 62 75 7 87 68 89 44 77 69 12 6 19 31 30 2 14 90 30 37 67 5 88 53 59 3 1 45 75 82 59 27 51 0 85 65 57 75 74 53 35 44 87 86 77 52 35 23 87 87
0
1
2
3
4
5
6
7
8
9
10
11
12
13
14
15
16
17
18
19
20
21
22
23
24
25
26
27
28
29
30
31
32
33
34
35
36
37
38
39
40
41
42
43
44
45
46
47
48
49
50
51
52
53
54
55
56
57
58
59
60
61
62
63
64
65
66
67
68
69
70
71
72
73
74
75
76
77
78
79
80
81
82
83
84
85
86
87
88
89
90
91
92
93
94
95
96
97
98
