100 100
14 93 75 59 44 2 61 56 89 75 70 53 50 78 16 1 48 32 52 21 84 12 75 52 39 89 88 29 71 69 18 0 19 20 66 23 55 99 42 63 46 2 93 23 40 13 64 32 51 47 34 13 95 48 23 55 20 21 87 46 62 7 69 98 66 77 66 16 85 70 2 51 9 9 37 89 85 72 59 13 14 69 4 78 56 84 63 40 35 90 93 44 66 32 25 80 93 99 40 39
0
1
2
3
4
5
6
7
8
9
10
11
12
13
14
15
16
17
18
19
20
21
22
23
24
25
26
27
28
29
30
31
32
33
34
35
36
37
38
39
40
41
42
43
44
45
46
47
48
49
50
51
52
53
54
55
56
57
58
59
60
61
62
63
64
65
66
67
68
69
70
71
72
73
74
75
76
77
78
79
80
81
82
83
84
85
86
87
88
89
90
91
92
93
94
95
96
97
98
